Nr	Nb	time	environment	abf_r	abf_b
250.000000	250.000000	0.000000	0.000000	0.000000	0.000000
231.934654	264.287417	0.250000	60.796426	-0.288578	0.215375
216.370546	278.347318	0.500000	60.796426	-0.268615	0.199728
202.761674	291.978865	0.750000	60.796426	-0.252241	0.183359
190.718719	305.020405	1.000000	60.796426	-0.238542	0.166907
176.299339	316.083336	1.250000	61.343973	-0.305149	0.137367
163.716289	326.657594	1.500000	61.343973	-0.288385	0.126290
152.617797	336.648004	1.750000	61.343973	-0.274136	0.115184
142.741922	345.993841	2.000000	61.343973	-0.261827	0.104385
151.531949	360.366095	2.250000	58.959825	0.225307	0.146036
159.760582	372.248418	2.500000	58.959825	0.199283	0.115584
167.409250	381.859111	2.750000	58.959825	0.176239	0.090148
174.479976	389.466364	3.000000	58.959825	0.155959	0.069193
173.303518	393.841837	3.250000	59.624931	-0.027564	0.041047
172.098687	397.558262	3.500000	59.624931	-0.028138	0.034553
170.888307	400.718896	3.750000	59.624931	-0.028254	0.029180
169.689633	403.412591	4.000000	59.624931	-0.028018	0.024735
158.649787	402.512959	4.250000	60.830556	-0.258455	-0.004085
149.103807	402.524781	4.500000	60.830556	-0.239307	0.003580
140.749232	403.184600	4.750000	60.830556	-0.223074	0.008983
133.361598	404.298333	5.000000	60.830556	-0.209149	0.012695
135.212831	409.177884	5.250000	59.564962	0.051590	0.042766
136.850767	413.068627	5.500000	59.564962	0.045180	0.033635
138.305635	416.144966	5.750000	59.564962	0.039790	0.026286
139.603631	418.556731	6.000000	59.564962	0.035249	0.020398
137.844452	419.473465	6.250000	59.926227	-0.049403	0.008546
136.198896	420.347093	6.500000	59.926227	-0.046808	0.008115
134.657257	421.177309	6.750000	59.926227	-0.044385	0.007688
133.210963	421.964569	7.000000	59.926227	-0.042119	0.007270
135.989499	424.088729	7.250000	59.406944	0.079159	0.017090
138.589339	425.608968	7.500000	59.406944	0.072727	0.011945
141.025417	426.648571	7.750000	59.406944	0.067010	0.007897
143.310952	427.308901	8.000000	59.406944	0.061900	0.004733
135.792055	424.078422	8.250000	60.701976	-0.207340	-0.024627
129.189221	422.017532	8.500000	60.701976	-0.192437	-0.015169
123.329776	420.826781	8.750000	60.701976	-0.179726	-0.008059
118.082978	420.283694	9.000000	60.701976	-0.168767	-0.002744
106.757316	413.954684	9.250000	62.650331	-0.390438	-0.050731
97.125407	409.650177	9.500000	62.650331	-0.367643	-0.034324
88.821057	406.832245	9.750000	62.650331	-0.348712	-0.021974
81.578832	405.114378	10.000000	62.650331	-0.332800	-0.012692
78.966078	409.587477	10.250000	60.980205	-0.129394	0.040722
76.470947	413.459650	10.500000	60.980205	-0.127506	0.034954
74.091452	416.819094	10.750000	60.980205	-0.125438	0.030121
71.824370	419.742537	11.000000	60.980205	-0.123244	0.026074
71.365149	423.995177	11.250000	60.428872	-0.026795	0.036539
70.870943	427.503999	11.500000	60.428872	-0.028625	0.029889
70.353077	430.398184	11.750000	60.428872	-0.029915	0.024492
69.820578	432.787331	12.000000	60.428872	-0.030769	0.020122
76.944163	439.594740	12.250000	58.736452	0.379221	0.053432
84.387290	444.554935	12.500000	58.736452	0.360352	0.037494
92.123125	447.956708	12.750000	58.736452	0.342147	0.024449
100.118500	450.059509	13.000000	58.736452	0.324465	0.013804
106.179061	450.378207	13.250000	59.008895	0.229180	0.000287
112.264263	450.142789	13.500000	59.008895	0.217191	-0.004130
118.348521	449.464652	13.750000	59.008895	0.205558	-0.007657
124.405669	448.435675	14.000000	59.008895	0.194260	-0.010458
113.944711	438.731925	14.250000	61.795814	-0.338026	-0.074766
105.040674	431.839060	14.500000	61.795814	-0.314610	-0.053739
97.347029	426.998101	14.750000	61.795814	-0.295279	-0.037815
90.615312	423.675323	15.000000	61.795814	-0.279102	-0.025717
86.867667	423.944543	15.250000	61.034322	-0.165517	0.003664
83.418384	424.436957	15.500000	61.034322	-0.158999	0.005451
80.229735	425.089215	15.750000	61.034322	-0.153131	0.006706
77.270573	425.852598	16.000000	61.034322	-0.147814	0.007554
81.061005	431.560436	16.250000	59.396830	0.185820	0.046543
84.792538	435.921707	16.500000	59.396830	0.174846	0.034785
88.464812	439.168999	16.750000	59.396830	0.164885	0.025311
92.077058	441.505050	17.000000	59.396830	0.155776	0.017716
96.775887	443.597412	17.250000	59.216744	0.193829	0.015229
101.442361	444.906960	17.500000	59.216744	0.183436	0.008848
106.066262	445.586852	17.750000	59.216744	0.173633	0.003766
110.636977	445.764167	18.000000	59.216744	0.164340	-0.000265
114.707627	445.391349	18.250000	59.273347	0.140791	-0.004506
118.700411	444.771604	18.500000	59.273347	0.133295	-0.006471
122.607424	443.961538	18.750000	59.273347	0.126123	-0.007985
126.421181	443.007025	19.000000	59.273347	0.119253	-0.009133
146.242942	445.432207	19.250000	57.797997	0.562558	0.012148
167.401492	445.738639	19.500000	57.797997	0.520013	-0.005450
189.577111	444.250937	19.750000	57.797997	0.476859	-0.020268
212.381791	441.275580	20.000000	57.797997	0.433625	-0.032608
234.768706	437.048812	20.250000	57.827320	0.381061	-0.042887
256.880555	431.948151	20.500000	57.827320	0.340886	-0.050413
278.329093	426.206475	20.750000	57.827320	0.302541	-0.056123
298.779167	420.033421	21.000000	57.827320	0.266528	-0.060168
349.749774	414.725317	21.250000	56.821305	0.583318	-0.064902
399.714221	406.721493	21.500000	56.821305	0.489673	-0.088992
446.654841	396.800592	21.750000	56.821305	0.403549	-0.106826
489.088837	385.702469	22.000000	56.821305	0.327346	-0.118691
435.432540	372.101856	22.250000	59.156271	-0.411452	-0.112167
397.363891	364.157469	22.500000	59.156271	-0.328402	-0.065451
369.069101	359.811290	22.750000	59.156271	-0.267974	-0.033880
347.285775	357.837787	23.000000	59.156271	-0.222582	-0.012343
440.817292	360.451980	23.250000	55.918161	0.862992	-0.008478
533.932845	356.463928	23.500000	55.918161	0.679682	-0.075301
619.173382	347.407421	23.750000	55.918161	0.515947	-0.125721
691.665410	335.076148	24.000000	55.918161	0.380227	-0.159374
635.210615	321.707412	24.250000	57.709775	-0.285381	-0.130801
598.168354	313.380733	24.500000	57.709775	-0.203982	-0.084121
572.777046	308.175948	24.750000	57.709775	-0.148628	-0.053152
554.824214	304.986700	25.000000	57.709775	-0.109904	-0.032250
734.544476	302.119161	25.250000	54.632538	0.952544	-0.102112
893.890189	290.286743	25.500000	54.632538	0.641952	-0.206715
1016.452919	273.143678	25.750000	54.632538	0.408913	-0.271247
1101.611017	254.071868	26.000000	54.632538	0.252478	-0.301802
805.215259	238.659448	26.250000	58.979482	-0.999244	-0.138275
655.182053	234.872333	26.500000	58.979482	-0.692522	-0.008966
565.101776	236.667803	26.750000	58.979482	-0.512092	0.060326
505.280730	241.582695	27.000000	58.979482	-0.395450	0.098806
458.650531	248.228291	27.250000	59.118051	-0.347424	0.118936
424.135029	256.168498	27.500000	59.118051	-0.284342	0.130862
397.538551	264.860775	27.750000	59.118051	-0.237834	0.134881
376.383546	273.927467	28.000000	59.118051	-0.202591	0.133753
364.367065	283.367022	28.250000	58.901535	-0.122141	0.131005
354.047078	292.428415	28.500000	58.901535	-0.108696	0.121146
345.068484	301.028089	28.750000	58.901535	-0.097579	0.111129
337.173053	309.110457	29.000000	58.901535	-0.088223	0.101274
358.897204	317.936881	29.250000	57.832866	0.226108	0.096348
377.602834	324.454429	29.500000	57.832866	0.183330	0.068217
393.436227	329.054711	29.750000	57.832866	0.147845	0.046236
406.661980	332.121450	30.000000	57.832866	0.118821	0.029429
359.680222	330.981520	30.250000	60.033000	-0.447923	0.004014
324.627258	332.485712	30.500000	60.033000	-0.378605	0.029284
297.406558	335.662330	30.750000	60.033000	-0.326426	0.044864
275.600573	339.887439	31.000000	60.033000	-0.285998	0.053964
329.356617	349.425713	31.250000	56.864649	0.657648	0.081602
382.621504	354.136335	31.500000	56.864649	0.547206	0.029359
432.879303	354.741469	31.750000	56.864649	0.445984	-0.012269
478.243093	352.146214	32.000000	56.864649	0.357067	-0.043568
529.007991	347.305823	32.250000	56.643209	0.357871	-0.069398
572.241998	340.341250	32.500000	56.643209	0.276639	-0.090245
607.862649	332.164835	32.750000	56.643209	0.211630	-0.102540
636.510829	323.481379	33.000000	56.643209	0.161016	-0.108206
589.938034	314.732542	33.250000	57.893933	-0.258936	-0.085191
558.171312	309.638069	33.500000	57.893933	-0.190819	-0.049289
535.653472	306.854325	33.750000	57.893933	-0.143230	-0.025514
519.226907	305.572364	34.000000	57.893933	-0.109132	-0.009681
470.314769	304.428066	34.250000	58.897691	-0.351072	0.003396
434.947669	305.790481	34.500000	58.897691	-0.280968	0.029215
408.285666	308.711554	34.750000	58.897691	-0.229677	0.044865
387.527109	312.592449	35.000000	58.897691	-0.191056	0.053818
345.283422	315.112009	35.250000	60.114312	-0.424069	0.044842
313.144253	319.441769	35.500000	60.114312	-0.362904	0.062081
287.793601	324.882297	35.750000	60.114312	-0.316316	0.071605
267.221840	330.967287	36.000000	60.114312	-0.279870	0.075976
333.901532	342.476205	36.250000	56.490226	0.822368	0.100717
402.576671	348.106693	36.500000	56.490226	0.680417	0.034288
468.908780	348.544964	36.750000	56.490226	0.547154	-0.019912
529.259174	344.869441	37.000000	56.490226	0.429043	-0.061099
500.470096	337.756579	37.250000	58.160305	-0.194993	-0.066548
479.631563	333.359932	37.500000	58.160305	-0.149505	-0.040892
464.134847	330.774229	37.750000	58.160305	-0.116242	-0.023193
452.361928	329.415978	38.000000	58.160305	-0.091468	-0.010968
464.119260	329.322639	38.250000	57.610544	0.091781	-0.005306
473.697552	328.600256	38.500000	57.610544	0.073115	-0.011576
481.477989	327.467195	38.750000	57.610544	0.058390	-0.015573
487.794524	326.086731	39.000000	57.610544	0.046806	-0.017894
422.436802	322.167615	39.250000	59.807137	-0.515108	-0.021693
376.170354	322.109428	39.500000	59.807137	-0.421892	0.015792
341.647086	324.436213	39.750000	59.807137	-0.354301	0.038983
314.848949	328.258736	40.000000	59.807137	-0.303489	0.052926
260.881865	323.359948	40.250000	63.772922	-0.701366	-0.036445
221.347696	321.974014	40.500000	63.772922	-0.620688	-0.001751
191.086863	322.847471	40.750000	63.772922	-0.560533	0.020904
167.142320	325.199746	41.000000	63.772922	-0.514295	0.035488
145.768956	323.228011	41.250000	65.533369	-0.526806	-0.014756
128.390622	322.703430	41.500000	65.533369	-0.491473	0.000300
113.982032	323.198537	41.750000	65.533369	-0.462935	0.010912
101.843965	324.409818	42.000000	65.533369	-0.439538	0.018256
93.313719	332.893031	42.250000	63.289299	-0.345078	0.098418
85.702914	340.753699	42.500000	63.289299	-0.336121	0.088774
78.877902	347.987576	42.750000	63.289299	-0.328239	0.079752
72.731123	354.605851	43.000000	63.289299	-0.321225	0.071419
66.979482	359.992653	43.250000	63.491500	-0.326140	0.057378
61.787737	364.919191	43.500000	63.491500	-0.319684	0.051669
57.085669	369.408698	43.750000	63.491500	-0.313860	0.046442
52.814508	373.488282	44.000000	63.491500	-0.308571	0.041690
49.263328	378.665266	44.250000	63.042194	-0.277007	0.051534
45.984584	383.241631	44.500000	63.042194	-0.274110	0.044986
42.954779	387.283628	44.750000	63.042194	-0.271282	0.039310
40.152577	390.852965	45.000000	63.042194	-0.268532	0.034399
38.165758	396.608575	45.250000	62.261493	-0.203256	0.053837
36.273755	401.533529	45.500000	62.261493	-0.203420	0.045471
34.475915	405.743824	45.750000	62.261493	-0.203200	0.038464
32.770340	409.343560	46.000000	62.261493	-0.202674	0.032608
29.877137	398.751955	46.250000	66.033966	-0.363089	-0.093996
27.327608	390.472833	46.500000	66.033966	-0.351322	-0.075313
25.062544	383.959373	46.750000	66.033966	-0.341546	-0.060408
23.036567	378.813565	47.000000	66.033966	-0.333349	-0.048443
21.288054	377.711192	47.250000	65.197329	-0.313689	-0.009988
19.692408	376.915556	47.500000	65.197329	-0.309851	-0.007107
18.232713	376.362423	47.750000	65.197329	-0.306481	-0.004822
16.894554	376.000470	48.000000	65.197329	-0.303508	-0.003019
15.736391	378.162049	48.250000	64.517567	-0.283774	0.021340
14.659901	380.037914	48.500000	64.517567	-0.283123	0.018440
13.659359	381.668278	48.750000	64.517567	-0.282427	0.015972
12.729370	383.087907	49.000000	64.517567	-0.281703	0.013870
11.761913	377.998014	49.250000	66.287534	-0.313377	-0.048414
10.882952	373.898941	49.500000	66.287534	-0.308323	-0.039476
10.081338	370.589453	49.750000	66.287534	-0.304058	-0.032186
9.347923	367.913602	50.000000	66.287534	-0.300439	-0.026224
8.699493	368.564005	50.250000	65.482623	-0.287188	0.006697
8.097573	369.147907	50.500000	65.482623	-0.286451	0.006009
7.538651	369.673222	50.750000	65.482623	-0.285752	0.005404
7.019498	370.146829	51.000000	65.482623	-0.285092	0.004871
6.574622	373.826749	51.250000	64.545041	-0.262852	0.036298
6.155100	376.936880	51.500000	64.545041	-0.264509	0.030393
5.760224	379.560600	51.750000	64.545041	-0.265824	0.025444
5.389114	381.771258	52.000000	64.545041	-0.266855	0.021304
5.084042	386.583116	52.250000	63.697622	-0.234605	0.045722
4.792724	390.616248	52.500000	63.697622	-0.237260	0.037860
4.515405	393.985871	52.750000	63.697622	-0.239410	0.031319
4.252086	396.794304	53.000000	63.697622	-0.241138	0.025892
3.999026	398.874028	53.250000	63.770055	-0.245971	0.019067
3.760060	400.603740	53.500000	63.770055	-0.246882	0.015786
3.534667	402.041993	53.750000	63.770055	-0.247585	0.013079
3.322276	403.238167	54.000000	63.770055	-0.248120	0.010848
3.102848	402.038186	54.250000	64.376028	-0.272665	-0.010725
2.898844	401.074759	54.500000	64.376028	-0.271482	-0.008626
2.708988	400.302387	54.750000	64.376028	-0.270481	-0.006922
2.532149	399.684494	55.000000	64.376028	-0.269630	-0.005539
2.377449	400.759347	55.250000	63.941571	-0.252415	0.009799
2.231930	401.652106	55.500000	63.941571	-0.252840	0.008123
2.095124	402.394198	55.750000	63.941571	-0.253162	0.006743
1.966567	403.011743	56.000000	63.941571	-0.253401	0.005607
1.831886	400.384259	56.250000	64.802556	-0.282670	-0.023672
1.707348	398.255650	56.500000	64.802556	-0.280710	-0.019298
1.591983	396.528478	56.750000	64.802556	-0.279092	-0.015736
1.484959	395.125519	57.000000	64.802556	-0.277750	-0.012833
1.414203	400.306323	57.250000	63.023274	-0.197151	0.047301
1.345592	404.603318	57.500000	63.023274	-0.200464	0.038729
1.279351	408.152723	57.750000	63.023274	-0.203182	0.031656
1.215627	411.074928	58.000000	63.023274	-0.205402	0.025840
1.123045	400.385228	58.250000	66.538996	-0.312816	-0.095459
1.039547	391.849825	58.500000	66.538996	-0.305790	-0.078246
0.963772	384.975994	58.750000	66.538996	-0.300116	-0.064379
0.894662	379.402159	59.000000	66.538996	-0.295500	-0.053130
0.838773	381.851427	59.250000	64.577815	-0.258882	0.023475
0.786046	383.890783	59.500000	64.577815	-0.260414	0.019424
0.736377	385.585809	59.750000	64.577815	-0.261676	0.016061
0.689650	386.992669	60.000000	64.577815	-0.262712	0.013274
1.153614	414.508055	60.250000	55.195536	2.047051	0.248678
1.919257	438.269223	60.500000	55.195536	2.026466	0.200397
3.177541	458.262329	60.750000	55.195536	2.007920	0.159266
5.237411	474.676639	61.000000	55.195536	1.990654	0.124668
7.559199	485.545060	61.250000	56.266282	1.461381	0.079561
10.874077	494.000047	61.500000	56.266282	1.447998	0.059927
15.588515	500.353020	61.750000	56.266282	1.433521	0.043398
22.259883	504.849600	62.000000	56.266282	1.416644	0.029033
30.676126	507.025946	62.250000	56.536600	1.273585	0.011940
42.054660	507.833263	62.500000	56.536600	1.250295	0.001222
57.272544	507.267382	62.750000	56.536600	1.220462	-0.009808
77.335452	505.250230	63.000000	56.536600	1.182141	-0.021798
104.612285	501.865531	63.250000	56.422813	1.182623	-0.034251
139.456192	496.504355	63.500000	56.422813	1.117511	-0.051359
182.555914	488.960731	63.750000	56.422813	1.037645	-0.070708
233.805520	479.084822	64.000000	56.422813	0.943319	-0.091927
307.114230	467.265177	64.250000	55.960789	1.023720	-0.116795
389.043175	451.765563	64.500000	55.960789	0.872456	-0.151378
474.168604	433.189250	64.750000	55.960789	0.717029	-0.182429
556.304502	412.494593	65.000000	55.960789	0.569055	-0.206905
604.969260	390.996130	65.250000	56.364048	0.298003	-0.211935
645.972732	371.129429	65.500000	56.364048	0.231611	-0.205059
679.601010	352.995035	65.750000	56.364048	0.178608	-0.195735
706.675168	336.612249	66.000000	56.364048	0.137352	-0.184657
824.505716	320.730689	66.250000	55.124629	0.513684	-0.221232
916.050357	301.897609	66.500000	55.124629	0.344562	-0.257297
982.325149	282.450859	66.750000	55.124629	0.226648	-0.271784
1028.394036	263.839656	67.000000	55.124629	0.148727	-0.271642
813.959019	249.272687	67.250000	58.134526	-0.747144	-0.141835
698.375898	244.180668	67.500000	58.134526	-0.509282	-0.037917
627.332387	243.873660	67.750000	58.134526	-0.365633	0.020176
579.984965	246.269320	68.000000	58.134526	-0.272108	0.053631
517.526340	249.758630	68.250000	58.893492	-0.400842	0.075096
473.610106	255.372023	68.500000	58.893492	-0.316901	0.099297
441.127727	262.263369	68.750000	58.893492	-0.257068	0.111686
416.158188	269.892766	69.000000	58.893492	-0.212976	0.116523
418.543281	278.620700	69.250000	58.160242	0.017459	0.118238
419.866364	286.346489	69.500000	58.160242	0.008580	0.101675
420.391931	293.166437	69.750000	58.160242	0.002032	0.087569
420.333391	299.175819	70.000000	58.160242	-0.002690	0.075559
406.044814	304.023423	70.250000	58.597223	-0.126946	0.064915
394.392992	308.987001	70.500000	58.597223	-0.107521	0.064347
384.731798	313.919605	70.750000	58.597223	-0.092076	0.062236
376.606599	318.719169	71.000000	58.597223	-0.079614	0.059151
408.977056	324.506846	71.250000	57.384459	0.297314	0.054672
437.075188	327.679871	71.500000	57.384459	0.238368	0.025685
460.889271	328.824294	71.750000	57.384459	0.189629	0.004207
480.702324	328.479595	72.000000	57.384459	0.150107	-0.011064
448.717777	326.123213	72.250000	58.643014	-0.245412	-0.015206
424.805751	325.788060	72.500000	58.643014	-0.197030	0.004764
406.383416	326.763125	72.750000	58.643014	-0.160765	0.017667
391.844007	328.581448	73.000000	58.643014	-0.132999	0.025742
392.685044	331.426169	73.250000	58.216940	0.006763	0.031524
393.191682	333.815168	73.500000	58.216940	0.003820	0.026320
393.452025	335.827326	73.750000	58.216940	0.001676	0.022070
393.534069	337.527786	74.000000	58.216940	0.000141	0.018590
478.270183	340.183995	74.250000	56.140364	0.698330	-0.002701
557.759635	337.282348	74.500000	56.140364	0.541275	-0.060813
627.228045	330.279834	74.750000	56.140364	0.407425	-0.102700
684.478700	320.691848	75.000000	56.140364	0.300065	-0.129601
551.877084	308.679301	75.250000	59.704905	-0.740570	-0.096048
469.544872	304.554674	75.500000	59.704905	-0.571109	-0.021141
413.444263	304.858228	75.750000	59.704905	-0.458311	0.023583
372.720249	307.824460	76.000000	59.704905	-0.378720	0.050506
403.892458	315.162142	76.250000	57.447615	0.289316	0.075888
430.840931	319.848099	76.500000	57.447615	0.231461	0.044793
453.590969	322.417359	76.750000	57.447615	0.183712	0.021315
472.445789	323.380825	77.000000	57.447615	0.145063	0.004190
458.215538	322.670594	77.250000	58.191841	-0.109024	-0.003027
447.227591	322.810475	77.500000	58.191841	-0.087039	0.005555
438.597472	323.509611	77.750000	58.191841	-0.070250	0.011111
431.718786	324.565993	78.000000	58.191841	-0.057273	0.014537
456.296134	326.454263	78.250000	57.391478	0.197891	0.012485
476.779279	326.711031	78.500000	57.391478	0.156541	-0.004533
493.602572	325.811359	78.750000	57.391478	0.123462	-0.016285
507.281883	324.140292	79.000000	57.391478	0.097315	-0.023957
578.436057	322.095462	79.250000	56.252360	0.459200	-0.049473
638.703937	316.497192	79.500000	56.252360	0.342631	-0.086792
687.263177	308.680458	79.750000	56.252360	0.251281	-0.110255
725.000103	299.741926	80.000000	56.252360	0.182545	-0.122755
533.706912	286.315822	80.250000	61.748776	-1.055148	-0.106128
423.172048	282.680061	80.500000	61.748776	-0.828936	-0.009303
350.911698	284.234539	80.750000	61.748776	-0.684491	0.045995
299.774531	288.829073	81.000000	61.748776	-0.585207	0.078069
267.798517	296.840658	81.250000	61.023039	-0.424754	0.113438
242.267253	305.537561	81.500000	61.023039	-0.380426	0.116575
221.324443	314.546929	81.750000	61.023039	-0.345588	0.115380
203.770003	323.598210	82.000000	61.023039	-0.317604	0.111365
181.521618	329.163894	82.250000	62.335258	-0.443951	0.071052
163.154445	335.203181	82.500000	62.335258	-0.411909	0.073734
147.703798	341.451418	82.750000	62.335258	-0.385902	0.073643
134.505553	347.718787	83.000000	62.335258	-0.364441	0.071697
129.802211	358.353454	83.250000	60.698737	-0.141900	0.112268
125.300237	367.803369	83.500000	60.698737	-0.140466	0.096928
121.005280	376.158169	83.750000	60.698737	-0.138568	0.083616
116.918981	383.517343	84.000000	60.698737	-0.136290	0.072132
105.450389	382.412673	84.250000	63.175479	-0.401866	-0.006344
95.624604	382.238815	84.500000	63.175479	-0.382004	0.001919
87.108783	382.730607	84.750000	63.175479	-0.365310	0.007789
79.656240	383.691991	85.000000	63.175479	-0.351129	0.011860
73.838631	386.832694	85.250000	62.608895	-0.299058	0.031810
68.593083	389.831149	85.500000	62.608895	-0.290946	0.030012
63.842141	392.671507	85.750000	62.608895	-0.283701	0.028133
59.522183	395.345635	86.000000	62.608895	-0.277187	0.026241
56.290963	399.634772	86.250000	62.066485	-0.221806	0.040354
53.275400	403.409810	86.500000	62.066485	-0.218794	0.035200
50.459122	406.736256	86.750000	62.066485	-0.215822	0.030787
47.826915	409.672548	87.000000	62.066485	-0.212905	0.027008
44.281569	408.228388	87.250000	63.241544	-0.304211	-0.011487
41.077822	407.302526	87.500000	63.241544	-0.297043	-0.007049
38.169556	406.773094	87.750000	63.241544	-0.290786	-0.003645
35.519102	406.545526	88.000000	63.241544	-0.285290	-0.001055
35.710940	415.282828	88.250000	60.604339	0.018112	0.076838
35.843786	422.508683	88.500000	60.604339	0.012041	0.062223
35.928004	428.442913	88.750000	60.604339	0.007104	0.050239
35.972588	433.289121	89.000000	60.604339	0.003121	0.040470
35.787006	436.830162	89.250000	60.728080	-0.021825	0.029337
35.583068	439.712995	89.500000	60.728080	-0.023734	0.023711
35.365600	442.057488	89.750000	60.728080	-0.025182	0.019176
35.138486	443.963892	90.000000	60.728080	-0.026260	0.015529
34.505120	444.595344	90.250000	61.004437	-0.072389	0.005333
33.889734	445.151394	90.500000	61.004437	-0.071604	0.004711
33.291930	445.645428	90.750000	61.004437	-0.070804	0.004199
32.711247	446.088273	91.000000	61.004437	-0.069997	0.003777
31.181586	443.351589	91.250000	61.909299	-0.189108	-0.021520
29.759578	441.287833	91.500000	61.909299	-0.184599	-0.016229
28.432117	439.747986	91.750000	61.909299	-0.180701	-0.012068
27.188539	438.617046	92.000000	61.909299	-0.177300	-0.008795
29.580814	446.600187	92.250000	59.194461	0.332050	0.063829
32.098408	452.891682	92.500000	59.194461	0.321962	0.049172
34.746674	457.760565	92.750000	59.194461	0.312755	0.037266
37.530415	461.446884	93.000000	59.194461	0.304226	0.027625
34.206984	446.548142	93.250000	64.155742	-0.362292	-0.116345
31.307678	435.222458	93.500000	64.155742	-0.347369	-0.091246
28.750266	426.530573	93.750000	64.155742	-0.335252	-0.071720
26.474134	419.818106	94.000000	64.155742	-0.325292	-0.056401
25.041707	420.504190	94.250000	62.530036	-0.221403	0.006421
23.700013	421.166188	94.500000	62.530036	-0.219246	0.006171
22.441869	421.801963	94.750000	62.530036	-0.217236	0.005906
21.260826	422.410292	95.000000	62.530036	-0.215358	0.005634
20.261766	423.833777	95.250000	62.290360	-0.192105	0.012502
19.313937	425.063429	95.500000	62.290360	-0.191194	0.010795
18.414726	426.131082	95.750000	62.290360	-0.190250	0.009374
17.561566	427.063140	96.000000	62.290360	-0.189290	0.008188
16.731051	427.695875	96.250000	62.342838	-0.193234	0.005640
15.944334	428.269749	96.500000	62.342838	-0.192119	0.005120
15.198765	428.792634	96.750000	62.342838	-0.191046	0.004670
14.491870	429.271129	97.000000	62.342838	-0.190014	0.004277
13.501821	424.886024	97.250000	63.664004	-0.280495	-0.036644
12.595175	421.445080	97.500000	63.664004	-0.275912	-0.029002
11.761705	418.744073	97.750000	63.664004	-0.272071	-0.022906
10.993057	416.626219	98.000000	63.664004	-0.268829	-0.018034
10.343374	416.495434	98.250000	63.244455	-0.243008	-0.000895
9.735327	416.436472	98.500000	63.244455	-0.241743	-0.000288
9.165777	416.432798	98.750000	63.244455	-0.240598	0.000178
8.631896	416.471235	99.000000	63.244455	-0.239559	0.000530
8.123925	416.333445	99.250000	63.301928	-0.242072	-0.001009
7.647887	416.258504	99.500000	63.301928	-0.241058	-0.000475
7.201475	416.232263	99.750000	63.301928	-0.240142	-0.000064
6.782596	416.243421	100.000000	63.301928	-0.239312	0.000251
8.538967	434.008941	100.250000	57.626763	0.912745	0.149897
10.704891	448.704212	100.500000	57.626763	0.896628	0.118663
13.368530	460.606783	100.750000	57.626763	0.881759	0.092631
16.634860	470.038490	101.000000	57.626763	0.867670	0.071072
21.245153	478.093167	101.250000	57.330648	0.970970	0.058725
27.025191	484.085607	101.500000	57.330648	0.954637	0.042060
34.231978	488.279149	101.750000	57.330648	0.936904	0.027865
43.157398	490.886171	102.000000	57.330648	0.917019	0.015481
51.568616	490.793323	102.250000	57.827180	0.704055	-0.003855
61.345866	489.928347	102.500000	57.827180	0.685238	-0.009954
72.612149	488.338130	102.750000	57.827180	0.664028	-0.015791
85.464270	486.052382	103.000000	57.827180	0.640206	-0.021502
91.933256	480.473879	103.250000	58.828680	0.287701	-0.043436
98.668836	475.572586	103.500000	58.828680	0.278170	-0.038995
105.633624	471.168353	103.750000	58.828680	0.267779	-0.035738
112.786384	467.128872	104.000000	58.828680	0.256717	-0.033366
119.805090	463.275245	104.250000	58.859945	0.236192	-0.032178
126.906487	459.660852	104.500000	58.859945	0.224887	-0.030621
134.045171	456.227528	104.750000	58.859945	0.213359	-0.029459
141.175823	452.934227	105.000000	58.859945	0.201733	-0.028572
156.838812	451.410316	105.250000	58.150830	0.406384	-0.017906
172.930369	448.917832	105.500000	58.150830	0.376194	-0.025824
189.242555	445.638939	105.750000	58.150830	0.346186	-0.032343
205.557316	441.736551	106.000000	58.150830	0.316665	-0.037613
200.055203	434.193403	106.250000	59.573153	-0.100631	-0.059935
195.445902	428.603638	106.500000	59.573153	-0.086882	-0.044988
191.533528	424.468663	106.750000	59.573153	-0.075705	-0.033528
188.174053	421.428426	107.000000	59.573153	-0.066519	-0.024714
233.285228	424.514745	107.250000	56.807160	0.814636	0.009272
282.404184	423.401375	107.500000	56.807160	0.717350	-0.027904
333.568810	418.683485	107.750000	56.807160	0.618781	-0.059515
384.514401	411.074239	108.000000	56.807160	0.522884	-0.085175
409.510635	400.954141	108.250000	57.390386	0.232180	-0.099479
431.857652	391.178350	108.500000	57.390386	0.195205	-0.097832
451.528129	381.860942	108.750000	57.390386	0.163221	-0.094955
468.625702	373.083296	109.000000	57.390386	0.135957	-0.091095
450.218523	364.243174	109.250000	58.230879	-0.140264	-0.081180
436.623979	358.068492	109.500000	58.230879	-0.107939	-0.057803
426.391901	353.748708	109.750000	58.230879	-0.083881	-0.040870
418.572944	350.743233	110.000000	58.230879	-0.065739	-0.028526
439.201916	349.337766	110.250000	57.490120	0.173726	-0.022261
456.661932	346.951525	110.500000	57.490120	0.140582	-0.031537
471.286330	343.947594	110.750000	57.490120	0.113623	-0.037290
483.449125	340.603185	111.000000	57.490120	0.091878	-0.040377
470.796484	336.751253	111.250000	58.045748	-0.093097	-0.037388
461.292520	334.203216	111.500000	58.045748	-0.071927	-0.024602
454.050350	332.569417	111.750000	58.045748	-0.056046	-0.015479
448.464088	331.579941	112.000000	58.045748	-0.044017	-0.008987
523.330013	331.787936	112.250000	56.284635	0.546845	-0.025313
589.671497	327.661641	112.500000	56.284635	0.417003	-0.070441
645.191954	320.576278	112.750000	56.284635	0.311144	-0.100959
689.639732	311.777449	113.000000	56.284635	0.228841	-0.119138
583.916407	301.941019	113.250000	58.866652	-0.568643	-0.082531
516.406398	298.354993	113.500000	58.866652	-0.429580	-0.020724
469.844718	298.380144	113.750000	58.866652	-0.335792	0.016842
435.954379	300.604128	114.000000	58.866652	-0.269360	0.039736
484.873879	305.677458	114.250000	56.872761	0.377666	0.044212
526.799472	307.501142	114.500000	56.872761	0.292019	0.006793
561.441579	306.894031	114.750000	56.872761	0.222902	-0.019902
589.282987	304.612842	115.000000	56.872761	0.168766	-0.037769
564.872016	301.141022	115.250000	57.758363	-0.145837	-0.033949
547.390498	299.330535	115.500000	57.758363	-0.109178	-0.016199
534.575151	298.608331	115.750000	57.758363	-0.082801	-0.004405
525.001028	298.600646	116.000000	57.758363	-0.063529	0.003336
477.330139	298.236641	116.250000	58.823486	-0.337481	0.012369
442.807041	300.169241	116.500000	58.823486	-0.269535	0.036361
416.762989	303.522244	116.750000	58.823486	-0.219835	0.050645
396.482167	307.738392	117.000000	58.823486	-0.182443	0.058541
457.035252	314.150975	117.250000	56.687872	0.508904	0.054053
511.427996	316.349098	117.500000	56.687872	0.398011	0.005876
557.958137	315.282360	117.750000	56.687872	0.305429	-0.029458
596.229391	311.923684	118.000000	56.687872	0.231220	-0.053561
555.101811	306.872899	118.250000	58.068382	-0.246949	-0.046071
526.191840	304.542305	118.500000	58.068382	-0.186843	-0.018041
505.131117	303.940100	118.750000	58.068382	-0.143963	0.000169
489.359377	304.449263	119.000000	58.068382	-0.112637	0.011874
482.457569	305.761456	119.250000	57.935708	-0.050952	0.018463
476.984606	307.241464	119.500000	57.935708	-0.041138	0.019906
472.588742	308.796559	119.750000	57.935708	-0.033553	0.020329
469.016058	310.362855	120.000000	57.935708	-0.027631	0.020065
362.465740	297.679891	120.250000	65.041727	-0.931703	-0.118126
292.960317	291.777191	120.500000	65.041727	-0.786816	-0.050083
243.973933	289.888795	120.750000	65.041727	-0.686652	-0.006739
207.537557	290.533087	121.000000	65.041727	-0.613861	0.021364
181.414468	296.448034	121.250000	63.700734	-0.516213	0.084510
160.254195	302.961635	121.500000	63.700734	-0.478927	0.088496
142.740133	309.775490	121.750000	63.700734	-0.449221	0.088938
127.989960	316.672570	122.000000	63.700734	-0.425141	0.086982
114.622791	321.616123	122.250000	64.344921	-0.430615	0.062200
103.185261	326.629702	122.500000	64.344921	-0.411682	0.061350
93.291102	331.598095	122.750000	64.344921	-0.395814	0.059347
84.653301	336.438136	123.000000	64.344921	-0.382367	0.056589
76.791540	339.710290	123.250000	64.784996	-0.383740	0.038531
69.871644	342.960163	123.500000	64.784996	-0.372467	0.037579
63.741699	346.135412	123.750000	64.784996	-0.362720	0.036140
58.281614	349.199035	124.000000	64.784996	-0.354228	0.034386
53.763783	354.701948	124.250000	63.988463	-0.320553	0.059053
49.651249	359.661068	124.500000	63.988463	-0.316288	0.052410
45.900238	364.118610	124.750000	63.988463	-0.312346	0.046482
42.472858	368.117489	125.000000	63.988463	-0.308685	0.041214
41.495062	379.882941	125.250000	61.418870	-0.096631	0.115187
40.471669	389.969388	125.500000	61.418870	-0.102680	0.095768
39.420498	398.545908	125.750000	61.418870	-0.107463	0.079399
38.356338	405.792017	126.000000	61.418870	-0.111151	0.065708
35.320163	402.769466	126.250000	64.073436	-0.325888	-0.025987
32.588251	400.523684	126.500000	64.073436	-0.318606	-0.019278
30.118353	398.882346	126.750000	64.073436	-0.312334	-0.013994
27.876208	397.712257	127.000000	64.073436	-0.306899	-0.009840
25.877206	397.471591	127.250000	63.915380	-0.295671	-0.001464
24.045253	397.412146	127.500000	63.915380	-0.291951	0.000130
22.362561	397.489823	127.750000	63.915380	-0.288640	0.001328
20.813873	397.669785	128.000000	63.915380	-0.285680	0.002212
20.331848	405.897427	128.250000	61.575957	-0.096334	0.074415
19.835922	412.777257	128.500000	61.575957	-0.100866	0.061002
19.332615	418.498440	128.750000	61.575957	-0.104454	0.049919
18.827185	423.236573	129.000000	61.575957	-0.107248	0.040811
17.548946	420.136940	129.250000	63.554311	-0.278877	-0.026058
16.376471	417.733515	129.500000	63.554311	-0.274596	-0.020287
15.297408	415.877634	129.750000	63.554311	-0.270942	-0.015691
14.301521	414.453781	130.000000	63.554311	-0.267802	-0.012030
13.287988	411.173716	130.250000	64.154273	-0.291849	-0.028366
12.359480	408.594073	130.500000	64.154273	-0.287915	-0.022438
11.506242	406.568541	130.750000	64.154273	-0.284577	-0.017683
10.720147	404.983063	131.000000	64.154273	-0.281728	-0.013867
10.082369	406.385048	131.250000	63.421435	-0.245265	0.012754
9.483011	407.578418	131.500000	63.421435	-0.245023	0.010839
8.919905	408.597289	131.750000	63.421435	-0.244713	0.009246
8.390943	409.470172	132.000000	63.421435	-0.244354	0.007919
7.865262	409.236778	132.250000	63.694369	-0.258204	-0.001870
7.374670	409.084204	132.500000	63.694369	-0.257099	-0.001169
6.916483	408.994932	132.750000	63.694369	-0.256109	-0.000621
6.488283	408.954914	133.000000	63.694369	-0.255218	-0.000197
6.027444	405.141541	133.250000	64.732921	-0.292849	-0.033764
5.604405	402.086111	133.500000	64.732921	-0.289546	-0.027287
5.214975	399.633756	133.750000	64.732921	-0.286796	-0.022048
4.855651	397.663726	134.000000	64.732921	-0.284493	-0.017803
4.627668	402.711582	134.250000	62.867448	-0.194026	0.045834
4.406822	406.903237	134.500000	62.867448	-0.196950	0.037596
4.193765	410.371866	134.750000	62.867448	-0.199309	0.030802
3.988907	413.234637	135.000000	62.867448	-0.201198	0.025219
3.773648	414.579544	135.250000	63.151403	-0.222197	0.011826
3.569505	415.691635	135.500000	63.151403	-0.222681	0.009757
3.376057	416.612172	135.750000	63.151403	-0.223033	0.008064
3.192858	417.375293	136.000000	63.151403	-0.223279	0.006678
2.972657	413.215547	136.250000	64.451827	-0.284090	-0.036125
2.770002	409.878706	136.500000	64.451827	-0.281002	-0.029260
2.582962	407.194583	136.750000	64.451827	-0.278471	-0.023719
2.409931	405.031186	137.000000	64.451827	-0.276386	-0.019234
2.358165	412.750986	137.250000	61.764762	-0.089688	0.068341
2.304325	419.144418	137.500000	61.764762	-0.094715	0.055548
2.249160	424.406392	137.750000	61.764762	-0.098831	0.045027
2.193282	428.715208	138.000000	61.764762	-0.102180	0.036419
2.071318	427.296777	138.250000	63.139669	-0.228214	-0.011895
1.956749	426.163723	138.500000	63.139669	-0.227074	-0.009527
1.848995	425.258828	138.750000	63.139669	-0.226131	-0.007623
1.747550	424.536665	139.000000	63.139669	-0.225347	-0.006091
1.634408	421.062618	139.250000	63.922018	-0.266340	-0.029603
1.529628	418.277323	139.500000	63.922018	-0.263892	-0.023924
1.432354	416.038875	139.750000	63.922018	-0.261898	-0.019350
1.341869	414.236721	140.000000	63.922018	-0.260269	-0.015657
1.244909	408.060297	140.250000	65.185565	-0.297621	-0.054327
1.156290	403.099271	140.500000	65.185565	-0.293457	-0.044291
1.074985	399.095092	140.750000	65.185565	-0.290077	-0.036183
1.000157	395.850705	141.000000	65.185565	-0.287321	-0.029607
0.926403	387.816717	141.250000	66.644584	-0.303361	-0.074534
0.859359	381.327134	141.500000	66.644584	-0.298013	-0.061447
0.798128	376.050999	141.750000	66.644584	-0.293652	-0.050802
0.741990	371.738879	142.000000	66.644584	-0.290076	-0.042098
0.692045	371.293668	142.250000	65.771137	-0.278521	-0.004360
0.645531	370.927559	142.500000	65.771137	-0.278134	-0.003588
0.602196	370.626736	142.750000	65.771137	-0.277805	-0.002949
0.561813	370.379812	143.000000	65.771137	-0.277526	-0.002421
0.531575	376.933053	143.250000	63.817183	-0.223724	0.064038
0.502366	382.450900	143.500000	63.817183	-0.228095	0.052987
0.000000	387.102696	143.750000	63.817183	-0.230824	0.044054
0.000000	390.981914	144.000000	63.817183	-0.233939	0.036267
0.000000	382.643903	144.250000	66.998993	-0.300349	-0.078486
0.000000	375.892893	144.500000	66.998993	-0.294926	-0.064928
0.000000	370.389486	144.750000	66.998993	-0.290506	-0.053877
0.000000	365.878174	145.000000	66.998993	-0.286882	-0.044819
0.000000	373.270833	145.250000	63.784681	-0.218127	0.073098
0.000000	379.518758	145.500000	63.784681	-0.223142	0.060559
0.000000	384.766191	145.750000	63.784681	-0.227355	0.050027
0.000000	389.150178	146.000000	63.784681	-0.230875	0.041227
0.000000	388.361246	146.250000	65.030456	-0.275525	-0.007383
0.000000	387.712762	146.500000	65.030456	-0.275004	-0.006081
0.000000	387.179374	146.750000	65.030456	-0.274576	-0.005010
0.000000	386.740420	147.000000	65.030456	-0.274223	-0.004129
0.000000	389.597313	147.250000	64.126062	-0.246724	0.026776
0.000000	391.964461	147.500000	64.126062	-0.248625	0.022024
0.000000	393.921154	147.750000	64.126062	-0.250196	0.018095
0.000000	395.535385	148.000000	64.126062	-0.251492	0.014854
0.000000	396.283011	148.250000	64.288253	-0.258551	0.006857
0.000000	396.897317	148.500000	64.288253	-0.259045	0.005624
0.000000	397.401763	148.750000	64.288253	-0.259450	0.004611
0.000000	397.815787	149.000000	64.288253	-0.259782	0.003780
0.000000	389.804288	149.250000	66.554130	-0.302216	-0.073943
0.000000	383.333450	149.500000	66.554130	-0.297018	-0.060947
0.000000	378.072775	149.750000	66.554130	-0.292792	-0.050382
0.000000	373.773205	150.000000	66.554130	-0.289339	-0.041749
0.000000	378.429940	150.250000	64.226436	-0.241818	0.045177
0.000000	382.327995	150.500000	64.226436	-0.244948	0.037353
0.000000	385.578220	150.750000	64.226436	-0.247558	0.030829
0.000000	388.279442	151.000000	64.226436	-0.249727	0.025406
0.000000	386.724094	151.250000	65.285664	-0.280250	-0.014607
0.000000	385.446917	151.500000	65.285664	-0.279224	-0.012043
0.000000	384.396809	151.750000	65.285664	-0.278381	-0.009935
0.000000	383.532488	152.000000	65.285664	-0.277687	-0.008199
0.000000	388.853039	152.250000	63.573050	-0.219613	0.050142
0.000000	393.289177	152.500000	63.573050	-0.223175	0.041237
0.000000	396.971464	152.750000	63.573050	-0.226132	0.033844
0.000000	400.016710	153.000000	63.573050	-0.228578	0.027730
0.000000	390.649907	153.250000	66.800130	-0.305185	-0.086092
0.000000	383.110798	153.500000	66.800130	-0.299128	-0.070950
0.000000	376.996426	153.750000	66.800130	-0.294216	-0.058670
0.000000	372.006883	154.000000	66.800130	-0.290209	-0.048651
0.000000	379.614143	154.250000	63.440581	-0.204692	0.073857
0.000000	386.024339	154.500000	63.440581	-0.209838	0.060992
0.000000	391.391186	154.750000	63.440581	-0.214147	0.050219
0.000000	395.860346	155.000000	63.440581	-0.217735	0.041248
0.000000	391.307706	155.250000	65.724437	-0.292428	-0.042039
0.000000	387.603594	155.500000	65.724437	-0.289453	-0.034600
0.000000	384.578590	155.750000	65.724437	-0.287023	-0.028526
0.000000	382.100649	156.000000	65.724437	-0.285033	-0.023550
0.000000	382.488093	156.250000	65.047893	-0.271250	0.003693
0.000000	382.808394	156.500000	65.047893	-0.271507	0.003050
0.000000	383.073101	156.750000	65.047893	-0.271719	0.002518
0.000000	383.291806	157.000000	65.047893	-0.271895	0.002079
0.000000	385.801294	157.250000	64.391137	-0.253954	0.023763
0.000000	387.882957	157.500000	64.391137	-0.255626	0.019584
0.000000	389.606122	157.750000	64.391137	-0.257010	0.016125
0.000000	391.030058	158.000000	64.391137	-0.258153	0.013266
0.000000	386.948224	158.250000	65.841545	-0.290841	-0.038179
0.000000	383.616667	158.500000	65.841545	-0.288165	-0.031489
0.000000	380.888340	158.750000	65.841545	-0.285974	-0.026011
0.000000	378.647871	159.000000	65.841545	-0.284175	-0.021512
0.000000	374.516649	159.250000	66.478500	-0.289155	-0.040037
0.000000	371.125326	159.500000	66.478500	-0.286431	-0.033228
0.000000	368.331864	159.750000	66.478500	-0.284188	-0.027620
0.000000	366.024386	160.000000	66.478500	-0.282335	-0.022987
0.000000	388.201084	160.250000	58.868651	0.533319	0.214427
0.000000	407.476402	160.500000	58.868651	0.517853	0.175761
0.000000	423.909921	160.750000	58.868651	0.504662	0.142783
0.000000	437.691810	161.000000	58.868651	0.493596	0.115118
0.000000	444.781237	161.250000	60.260839	0.133239	0.057678
0.000000	450.540393	161.500000	60.260839	0.128612	0.046111
0.000000	455.191853	161.750000	60.260839	0.124875	0.036768
0.000000	458.931112	162.000000	60.260839	0.121870	0.029256
0.000000	462.352604	162.250000	60.133349	0.146049	0.026539
0.000000	465.086203	162.500000	60.133349	0.143852	0.021047
0.000000	467.264200	162.750000	60.133349	0.142102	0.016671
0.000000	468.995714	163.000000	60.133349	0.140710	0.013192
0.000000	472.623502	163.250000	59.451585	0.300448	0.027461
0.000000	475.507762	163.500000	59.451585	0.298130	0.021666
0.000000	477.794221	163.750000	59.451585	0.296292	0.017072
0.000000	479.602607	164.000000	59.451585	0.294839	0.013438
0.000000	481.499271	164.250000	59.307562	0.331829	0.014033
0.000000	482.995437	164.500000	59.307562	0.330626	0.011026
0.000000	484.173891	164.750000	59.307562	0.329679	0.008658
0.000000	485.100997	165.000000	59.307562	0.328933	0.006795
0.000000	486.112281	165.250000	59.220678	0.352072	0.007395
0.000000	486.906847	165.500000	59.220678	0.351433	0.005798
0.000000	487.530637	165.750000	59.220678	0.350932	0.004545
0.000000	488.020047	166.000000	59.220678	0.350538	0.003561
0.000000	487.859938	166.250000	59.386696	0.305371	-0.001165
0.000000	487.734522	166.500000	59.386696	0.305471	-0.000913
0.000000	487.636270	166.750000	59.386696	0.305550	-0.000715
0.000000	487.559291	167.000000	59.386696	0.305612	-0.000560
0.000000	489.376939	167.250000	58.803415	0.472073	0.013204
0.000000	490.804839	167.500000	58.803415	0.470925	0.010334
0.000000	491.924947	167.750000	58.803415	0.470025	0.008083
0.000000	492.802615	168.000000	58.803415	0.469319	0.006319
0.000000	489.928624	168.250000	59.880398	0.180511	-0.020744
0.000000	487.690873	168.500000	59.880398	0.182311	-0.016246
0.000000	485.944568	168.750000	59.880398	0.183715	-0.012736
0.000000	484.579372	169.000000	59.880398	0.184812	-0.009992
0.000000	482.849195	169.250000	60.073495	0.142587	-0.012709
0.000000	481.494501	169.500000	60.073495	0.143676	-0.009987
0.000000	480.432352	169.750000	60.073495	0.144530	-0.007852
0.000000	479.598679	170.000000	60.073495	0.145200	-0.006176
0.000000	476.952032	170.250000	60.644511	0.032634	-0.019690
0.000000	474.877317	170.500000	60.644511	0.034302	-0.015520
0.000000	473.247531	170.750000	60.644511	0.035612	-0.012245
0.000000	471.965147	171.000000	60.644511	0.036643	-0.009668
0.000000	475.436046	171.250000	59.311564	0.335611	0.026094
0.000000	478.190743	171.500000	59.311564	0.333397	0.020559
0.000000	480.370957	171.750000	59.311564	0.331645	0.016178
0.000000	482.092703	172.000000	59.311564	0.330261	0.012719
0.000000	478.705866	172.250000	60.699641	0.021236	-0.025073
0.000000	476.056864	172.500000	60.699641	0.023366	-0.019749
0.000000	473.979405	172.750000	60.699641	0.025036	-0.015574
0.000000	472.346750	173.000000	60.699641	0.026348	-0.012293
0.000000	477.550136	173.250000	58.733321	0.503418	0.039002
0.000000	481.688976	173.500000	58.733321	0.500091	0.030686
0.000000	484.967355	173.750000	58.733321	0.497456	0.024098
0.000000	487.555588	174.000000	58.733321	0.495376	0.018897
0.000000	488.070508	174.250000	59.211178	0.353150	0.003746
0.000000	488.474311	174.500000	59.211178	0.352825	0.002935
0.000000	488.790846	174.750000	59.211178	0.352571	0.002299
0.000000	489.038893	175.000000	59.211178	0.352371	0.001800
0.000000	492.234520	175.250000	58.251824	0.651252	0.023098
0.000000	494.747641	175.500000	58.251824	0.649232	0.018047
0.000000	496.719017	175.750000	58.251824	0.647647	0.014085
0.000000	498.262354	176.000000	58.251824	0.646406	0.010983
0.000000	495.546040	176.250000	59.476079	0.275618	-0.019360
0.000000	493.436255	176.500000	59.476079	0.277315	-0.015119
0.000000	491.794068	176.750000	59.476079	0.278635	-0.011819
0.000000	490.513720	177.000000	59.476079	0.279664	-0.009245
0.000000	491.370398	177.250000	58.906367	0.439042	0.006188
0.000000	492.041518	177.500000	58.906367	0.438502	0.004839
0.000000	492.566916	177.750000	58.906367	0.438080	0.003784
0.000000	492.978014	178.000000	58.906367	0.437749	0.002957
0.000000	489.952735	178.250000	59.912972	0.172958	-0.021831
0.000000	487.597867	178.500000	59.912972	0.174851	-0.017098
0.000000	485.760477	178.750000	59.912972	0.176328	-0.013405
0.000000	484.324186	179.000000	59.912972	0.177483	-0.010518
0.000000	487.281895	179.250000	58.657982	0.519467	0.021617
0.000000	489.612799	179.500000	58.657982	0.517593	0.016933
0.000000	491.445417	179.750000	58.657982	0.516120	0.013250
0.000000	492.883606	180.000000	58.657982	0.514964	0.010360
0.000000	486.844736	180.250000	60.767944	0.002572	-0.043743
0.000000	482.162920	180.500000	60.767944	0.006336	-0.034332
0.000000	478.515971	180.750000	60.767944	0.009268	-0.027002
0.000000	475.664650	181.000000	60.767944	0.011561	-0.021272
0.000000	464.973105	181.250000	63.013106	-0.245555	-0.081078
0.000000	456.671953	181.500000	63.013106	-0.238881	-0.064393
0.000000	450.172395	181.750000	63.013106	-0.233656	-0.051331
0.000000	445.049887	182.000000	63.013106	-0.229538	-0.041037
0.000000	447.135215	182.250000	61.326679	-0.054519	0.016764
0.000000	448.809856	182.500000	61.326679	-0.055864	0.013400
0.000000	450.152424	182.750000	61.326679	-0.056943	0.010703
0.000000	451.227312	183.000000	61.326679	-0.057807	0.008543
0.000000	454.492599	183.250000	60.633370	0.052726	0.025813
0.000000	457.111182	183.500000	60.633370	0.050622	0.020552
0.000000	459.205608	183.750000	60.633370	0.048939	0.016344
0.000000	460.877263	184.000000	60.633370	0.047596	0.012986
0.000000	457.218039	184.250000	62.024710	-0.150742	-0.028501
0.000000	454.327563	184.500000	62.024710	-0.148419	-0.022693
0.000000	452.037658	184.750000	62.024710	-0.146578	-0.018092
0.000000	450.219343	185.000000	62.024710	-0.145117	-0.014438
0.000000	450.536896	185.250000	61.536247	-0.086242	0.002526
0.000000	450.790561	185.500000	61.536247	-0.086445	0.002016
0.000000	450.993141	185.750000	61.536247	-0.086608	0.001609
0.000000	451.154889	186.000000	61.536247	-0.086738	0.001284
0.000000	449.780900	186.250000	61.952555	-0.136735	-0.010928
0.000000	448.686658	186.500000	61.952555	-0.135855	-0.008729
0.000000	447.814244	186.750000	61.952555	-0.135154	-0.006977
0.000000	447.118076	187.000000	61.952555	-0.134595	-0.005578
0.000000	449.790228	187.250000	61.041585	-0.013442	0.021355
0.000000	451.935768	187.500000	61.041585	-0.015166	0.017045
0.000000	453.654757	187.750000	61.041585	-0.016547	0.013592
0.000000	455.029613	188.000000	61.041585	-0.017652	0.010830
0.000000	457.221530	188.250000	60.726524	0.033701	0.017190
0.000000	458.973108	188.500000	60.726524	0.032293	0.013671
0.000000	460.370338	188.750000	60.726524	0.031170	0.010864
0.000000	461.483336	189.000000	60.726524	0.030276	0.008628
0.000000	457.138209	189.250000	62.174252	-0.166587	-0.033823
0.000000	453.710418	189.500000	62.174252	-0.163831	-0.026935
0.000000	450.996919	189.750000	62.174252	-0.161650	-0.021483
0.000000	448.842974	190.000000	62.174252	-0.159919	-0.017155
0.000000	455.011136	190.250000	59.897662	0.204574	0.048867
0.000000	459.985290	190.500000	59.897662	0.200577	0.038875
0.000000	463.976525	190.750000	59.897662	0.197370	0.030857
0.000000	467.166217	191.000000	59.897662	0.194806	0.024449
0.000000	470.350422	191.250000	59.702670	0.238640	0.024222
0.000000	472.882810	191.500000	59.702670	0.236605	0.019133
0.000000	474.891674	191.750000	59.702670	0.234990	0.015097
0.000000	476.482016	192.000000	59.702670	0.233712	0.011901
0.000000	478.498740	192.250000	59.471964	0.290396	0.015028
0.000000	480.092402	192.500000	59.471964	0.289115	0.011826
0.000000	481.349727	192.750000	59.471964	0.288104	0.009299
0.000000	482.340440	193.000000	59.471964	0.287308	0.007308
0.000000	477.150557	193.250000	61.181801	-0.057243	-0.038482
0.000000	473.101956	193.500000	61.181801	-0.053988	-0.030345
0.000000	469.930711	193.750000	61.181801	-0.051439	-0.023972
0.000000	467.438723	194.000000	61.181801	-0.049436	-0.018964
0.000000	459.514765	194.250000	62.775941	-0.223258	-0.061073
0.000000	453.314147	194.500000	62.775941	-0.218274	-0.048612
0.000000	448.431562	194.750000	62.775941	-0.214349	-0.038800
0.000000	444.567832	195.000000	62.775941	-0.211244	-0.031037
0.000000	451.737487	195.250000	59.838259	0.221060	0.057332
0.000000	457.541122	195.500000	59.838259	0.216397	0.045674
0.000000	462.211636	195.750000	59.838259	0.212644	0.036292
0.000000	465.952622	196.000000	59.838259	0.209638	0.028777
0.000000	466.127950	196.250000	60.665874	0.037442	0.001343
0.000000	466.266875	196.500000	60.665874	0.037331	0.001063
0.000000	466.376940	196.750000	60.665874	0.037242	0.000842
0.000000	466.464130	197.000000	60.665874	0.037172	0.000667
0.000000	463.255144	197.250000	61.581674	-0.102450	-0.024645
0.000000	460.725492	197.500000	61.581674	-0.100417	-0.019562
0.000000	458.726261	197.750000	61.581674	-0.098810	-0.015545
0.000000	457.143039	198.000000	61.581674	-0.097537	-0.012364
0.000000	459.232697	198.250000	60.632893	0.049005	0.016306
0.000000	460.900507	198.500000	60.632893	0.047665	0.012955
0.000000	462.229394	198.750000	60.632893	0.046597	0.010285
0.000000	463.286814	199.000000	60.632893	0.045747	0.008161
0.000000	459.113709	199.250000	62.025391	-0.152340	-0.032335
0.000000	455.823635	199.500000	62.025391	-0.149696	-0.025724
0.000000	453.221110	199.750000	62.025391	-0.147604	-0.020495
0.000000	451.157036	200.000000	62.025391	-0.145945	-0.016347
0.000000	466.675191	200.250000	56.388303	1.434955	0.120822
0.000000	479.344886	200.500000	56.388303	1.424777	0.095376
0.000000	489.558076	200.750000	56.388303	1.416570	0.074860
0.000000	497.706857	201.000000	56.388303	1.410021	0.058487
0.000000	485.758533	201.250000	62.033932	-0.174699	-0.086205
0.000000	476.589761	201.500000	62.033932	-0.167325	-0.067772
0.000000	469.488285	201.750000	62.033932	-0.161615	-0.053497
0.000000	463.948325	202.000000	62.033932	-0.157162	-0.042363
0.000000	471.150707	202.250000	58.626272	0.542602	0.054937
0.000000	476.921126	202.500000	58.626272	0.537964	0.043344
0.000000	481.517484	202.750000	58.626272	0.534270	0.034109
0.000000	485.161732	203.000000	58.626272	0.531341	0.026787
0.000000	490.727882	203.250000	57.717063	0.849063	0.040477
0.000000	495.127878	203.500000	57.717063	0.845526	0.031636
0.000000	498.590636	203.750000	57.717063	0.842743	0.024676
0.000000	501.306290	204.000000	57.717063	0.840560	0.019219
0.000000	502.343058	204.250000	58.086438	0.701796	0.007307
0.000000	503.151047	204.500000	58.086438	0.701146	0.005683
0.000000	503.780226	204.750000	58.086438	0.700640	0.004418
0.000000	504.269854	205.000000	58.086438	0.700247	0.003434
0.000000	495.015028	205.250000	60.926532	-0.031071	-0.065576
0.000000	487.908827	205.500000	60.926532	-0.025357	-0.051289
0.000000	482.413018	205.750000	60.926532	-0.020938	-0.040242
0.000000	478.138958	206.000000	60.926532	-0.017501	-0.031651
0.000000	473.952821	206.250000	61.160337	-0.051404	-0.031308
0.000000	470.676043	206.500000	61.160337	-0.048770	-0.024723
0.000000	468.102576	206.750000	61.160337	-0.046701	-0.019551
0.000000	466.076204	207.000000	61.160337	-0.045073	-0.015479
0.000000	476.297672	207.250000	57.412112	0.981450	0.077285
0.000000	484.512208	207.500000	57.412112	0.974849	0.060783
0.000000	491.059484	207.750000	57.412112	0.969587	0.047628
0.000000	496.243578	208.000000	57.412112	0.965420	0.037211
0.000000	497.669165	208.250000	58.324688	0.621653	0.010158
0.000000	498.783579	208.500000	58.324688	0.620757	0.007918
0.000000	499.653760	208.750000	58.324688	0.620057	0.006169
0.000000	500.332638	209.000000	58.324688	0.619511	0.004804
0.000000	488.933787	209.250000	61.733488	-0.142361	-0.081697
0.000000	480.190552	209.500000	61.733488	-0.135330	-0.064119
0.000000	473.424597	209.750000	61.733488	-0.129889	-0.050519
0.000000	468.152792	210.000000	61.733488	-0.125651	-0.039923
0.000000	466.223562	210.250000	61.130348	-0.040583	-0.014733
0.000000	464.701182	210.500000	61.130348	-0.039359	-0.011674
0.000000	463.498005	210.750000	61.130348	-0.038392	-0.009257
0.000000	462.545945	211.000000	61.130348	-0.037627	-0.007344
0.000000	463.470374	211.250000	60.652573	0.041999	0.007130
0.000000	464.204916	211.500000	60.652573	0.041408	0.005654
0.000000	464.788144	211.750000	60.652573	0.040940	0.004482
0.000000	465.250954	212.000000	60.652573	0.040568	0.003553
0.000000	472.411764	212.250000	58.554398	0.564911	0.054453
0.000000	478.144564	212.500000	58.554398	0.560304	0.042936
0.000000	482.707696	212.750000	58.554398	0.556636	0.033767
0.000000	486.323140	213.000000	58.554398	0.553730	0.026503
0.000000	488.892162	213.250000	58.646915	0.521714	0.018699
0.000000	490.913627	213.500000	58.646915	0.520089	0.014636
0.000000	492.500998	213.750000	58.646915	0.518813	0.011446
0.000000	493.745497	214.000000	58.646915	0.517812	0.008945
0.000000	491.541961	214.250000	59.622591	0.241420	-0.015858
0.000000	489.825497	214.500000	59.622591	0.242800	-0.012408
0.000000	488.486120	214.750000	59.622591	0.243877	-0.009716
0.000000	487.439574	215.000000	59.622591	0.244718	-0.007612
0.000000	492.361037	215.250000	57.776915	0.824766	0.035630
0.000000	496.243469	215.500000	57.776915	0.821645	0.027828
0.000000	499.294261	215.750000	57.776915	0.819193	0.021696
0.000000	501.684183	216.000000	57.776915	0.817271	0.016893
0.000000	496.856938	216.250000	59.866406	0.178199	-0.034225
0.000000	493.124164	216.500000	59.866406	0.181201	-0.026722
0.000000	490.226795	216.750000	59.866406	0.183530	-0.020898
0.000000	487.971267	217.000000	59.866406	0.185344	-0.016364
0.000000	491.591524	217.250000	58.185351	0.675117	0.026218
0.000000	494.441755	217.500000	58.185351	0.672826	0.020490
0.000000	496.679297	217.750000	58.185351	0.671027	0.015993
0.000000	498.431892	218.000000	58.185351	0.669618	0.012471
0.000000	492.090532	218.250000	60.502766	0.047001	-0.045373
0.000000	487.189131	218.500000	60.502766	0.050942	-0.035520
0.000000	483.381878	218.750000	60.502766	0.054003	-0.027868
0.000000	480.413119	219.000000	60.502766	0.056390	-0.021901
0.000000	472.416495	219.250000	62.044409	-0.165112	-0.059766
0.000000	466.197274	219.500000	62.044409	-0.160112	-0.047266
0.000000	461.329873	219.750000	62.044409	-0.156199	-0.037484
0.000000	457.501674	220.000000	62.044409	-0.153122	-0.029791
0.000000	465.721563	220.250000	58.704494	0.522008	0.063597
0.000000	472.339528	220.500000	58.704494	0.516690	0.050302
0.000000	477.632370	220.750000	58.704494	0.512437	0.039669
0.000000	481.842903	221.000000	58.704494	0.509053	0.031209
0.000000	479.178577	221.250000	60.511729	0.055668	-0.019718
0.000000	477.092344	221.500000	60.511729	0.057345	-0.015525
0.000000	475.455327	221.750000	60.511729	0.058661	-0.012235
0.000000	474.168672	222.000000	60.511729	0.059695	-0.009650
0.000000	481.892471	222.250000	57.746137	0.844969	0.057471
0.000000	488.051501	222.500000	57.746137	0.840019	0.045096
0.000000	492.932381	222.750000	57.746137	0.836096	0.035288
0.000000	496.781367	223.000000	57.746137	0.833002	0.027553
0.000000	499.198145	223.250000	57.954630	0.752462	0.017179
0.000000	501.089318	223.500000	57.954630	0.750941	0.013378
0.000000	502.566372	223.750000	57.954630	0.749754	0.010410
0.000000	503.718268	224.000000	57.954630	0.748828	0.008094
0.000000	501.967401	224.250000	58.810663	0.459713	-0.012313
0.000000	500.609419	224.500000	58.810663	0.460805	-0.009583
0.000000	499.554715	224.750000	58.810663	0.461653	-0.007463
0.000000	498.734684	225.000000	58.810663	0.462312	-0.005815
0.000000	498.419962	225.250000	58.708951	0.494318	-0.002234
0.000000	498.174802	225.500000	58.708951	0.494515	-0.001742
0.000000	497.983782	225.750000	58.708951	0.494669	-0.001358
0.000000	497.834916	226.000000	58.708951	0.494788	-0.001058
0.000000	495.740503	226.250000	59.318800	0.317321	-0.014931
0.000000	494.112081	226.500000	59.318800	0.318630	-0.011658
0.000000	492.843885	226.750000	59.318800	0.319650	-0.009109
0.000000	491.854963	227.000000	59.318800	0.320445	-0.007121
0.000000	485.438274	227.250000	60.934933	-0.024763	-0.046611
0.000000	480.463663	227.500000	60.934933	-0.020763	-0.036612
0.000000	476.587585	227.750000	60.934933	-0.017647	-0.028821
0.000000	473.555597	228.000000	60.934933	-0.015210	-0.022727
0.000000	480.759869	228.250000	57.973844	0.760190	0.053716
0.000000	486.502412	228.500000	57.973844	0.755574	0.042178
0.000000	491.053393	228.750000	57.973844	0.751917	0.033033
0.000000	494.643542	229.000000	57.973844	0.749031	0.025818
0.000000	495.792780	229.250000	58.528001	0.554778	0.008221
0.000000	496.691566	229.500000	58.528001	0.554055	0.006415
0.000000	497.393843	229.750000	58.528001	0.553491	0.005003
0.000000	497.942186	230.000000	58.528001	0.553050	0.003901
0.000000	493.895358	230.250000	59.886427	0.175922	-0.028909
0.000000	490.757179	230.500000	59.886427	0.178445	-0.022601
0.000000	488.315891	230.750000	59.886427	0.180408	-0.017694
0.000000	486.412044	231.000000	59.886427	0.181939	-0.013868
0.000000	485.672171	231.250000	59.665622	0.235436	-0.005405
0.000000	485.092611	231.500000	59.665622	0.235902	-0.004241
0.000000	484.638360	231.750000	59.665622	0.236267	-0.003328
0.000000	484.282163	232.000000	59.665622	0.236553	-0.002612
0.000000	483.509644	232.250000	59.812069	0.201712	-0.005672
0.000000	482.903897	232.500000	59.812069	0.202199	-0.004455
0.000000	482.428629	232.750000	59.812069	0.202581	-0.003499
0.000000	482.055554	233.000000	59.812069	0.202881	-0.002750
0.000000	484.091766	233.250000	59.103443	0.386876	0.014977
0.000000	485.696316	233.500000	59.103443	0.385586	0.011753
0.000000	486.958668	233.750000	59.103443	0.384571	0.009216
0.000000	487.950535	234.000000	59.103443	0.383774	0.007222
0.000000	483.837635	234.250000	60.541113	0.046335	-0.030063
0.000000	480.633060	234.500000	60.541113	0.048911	-0.023622
0.000000	478.128109	234.750000	60.541113	0.050925	-0.018587
0.000000	476.165076	235.000000	60.541113	0.052503	-0.014642
0.000000	480.461162	235.250000	58.774896	0.488082	0.031949
0.000000	483.867272	235.500000	58.774896	0.485344	0.025105
0.000000	486.558511	235.750000	58.774896	0.483181	0.019697
0.000000	488.679152	236.000000	58.774896	0.481476	0.015435
0.000000	488.507203	236.250000	59.346891	0.315531	-0.001249
0.000000	488.372560	236.500000	59.346891	0.315639	-0.000978
0.000000	488.267114	236.750000	59.346891	0.315724	-0.000766
0.000000	488.184526	237.000000	59.346891	0.315790	-0.000600
0.000000	493.259435	237.250000	57.667800	0.866127	0.036671
0.000000	497.262178	237.500000	57.667800	0.862910	0.028627
0.000000	500.406547	237.750000	57.667800	0.860382	0.022308
0.000000	502.868790	238.000000	57.667800	0.858402	0.017359
0.000000	499.608690	238.250000	59.328770	0.311505	-0.023011
0.000000	497.084028	238.500000	59.328770	0.313535	-0.017935
0.000000	495.123901	238.750000	59.328770	0.315111	-0.013995
0.000000	493.599054	239.000000	59.328770	0.316337	-0.010930
0.000000	489.641348	239.250000	60.141083	0.122450	-0.028551
0.000000	486.565457	239.500000	60.141083	0.124923	-0.022368
0.000000	484.167459	239.750000	60.141083	0.126851	-0.017548
0.000000	482.293417	240.000000	60.141083	0.128357	-0.013781
0.000000	474.372152	240.250000	61.913764	-0.152088	-0.058937
0.000000	468.216277	240.500000	61.913764	-0.147138	-0.046564
0.000000	463.402466	240.750000	61.913764	-0.143268	-0.036889
0.000000	459.619770	241.000000	61.913764	-0.140228	-0.029288
0.000000	460.378316	241.250000	60.872333	0.005861	0.005893
0.000000	460.981792	241.500000	60.872333	0.005376	0.004681
0.000000	461.461608	241.750000	60.872333	0.004990	0.003717
0.000000	461.842917	242.000000	60.872333	0.004684	0.002951
0.000000	462.546244	242.250000	60.757739	0.023898	0.005435
0.000000	463.105119	242.500000	60.757739	0.023449	0.004313
0.000000	463.548959	242.750000	60.757739	0.023092	0.003421
0.000000	463.901286	243.000000	60.757739	0.022809	0.002713
0.000000	468.039981	243.250000	59.612297	0.262891	0.031691
0.000000	471.341510	243.500000	59.612297	0.260238	0.025058
0.000000	473.966462	243.750000	59.612297	0.258128	0.019784
0.000000	476.047970	244.000000	59.612297	0.256455	0.015602
0.000000	473.202258	244.250000	60.915555	-0.011706	-0.021353
0.000000	470.968250	244.500000	60.915555	-0.009910	-0.016864
0.000000	469.210494	244.750000	60.915555	-0.008497	-0.013331
0.000000	467.825005	245.000000	60.915555	-0.007384	-0.010547
0.000000	458.940524	245.250000	63.001162	-0.239848	-0.068495
0.000000	451.999373	245.500000	63.001162	-0.234268	-0.054545
0.000000	446.538290	245.750000	63.001162	-0.229878	-0.043571
0.000000	442.217906	246.000000	63.001162	-0.226406	-0.034890
0.000000	452.727107	246.250000	58.894592	0.473651	0.084169
0.000000	461.287614	246.500000	58.894592	0.466774	0.066976
0.000000	468.200982	246.750000	58.894592	0.461219	0.053089
0.000000	473.745416	247.000000	58.894592	0.456764	0.041950
0.000000	474.074970	247.250000	60.149025	0.133259	0.002477
0.000000	474.335138	247.500000	60.149025	0.133050	0.001954
0.000000	474.540476	247.750000	60.149025	0.132885	0.001541
0.000000	474.702505	248.000000	60.149025	0.132755	0.001216
0.000000	476.752060	248.250000	59.575384	0.265201	0.015336
0.000000	478.373207	248.500000	59.575384	0.263898	0.012079
0.000000	479.653397	248.750000	59.575384	0.262869	0.009506
0.000000	480.663036	249.000000	59.575384	0.262057	0.007477
0.000000	474.156536	249.250000	61.636502	-0.118302	-0.048512
0.000000	469.086164	249.500000	61.636502	-0.114226	-0.038321
0.000000	465.114628	249.750000	61.636502	-0.111033	-0.030340
0.000000	461.991283	250.000000	61.636502	-0.108522	-0.024063
