Nr	Nb	time	environment	abf_r	abf_b
250.000000	250.000000	0.000000	0.000000	0.000000	0.000000
212.059362	236.339744	0.250000	27.306004	-0.618629	-0.198378
183.303151	226.234478	0.500000	27.306004	-0.552687	-0.154925
160.758751	218.625436	0.750000	27.306004	-0.501269	-0.121503
142.609878	212.835667	1.000000	27.306004	-0.460165	-0.095282
127.634942	214.301545	1.250000	30.094289	-0.430360	0.031570
114.982524	216.189778	1.500000	30.094289	-0.406478	0.037962
104.149771	218.382070	1.750000	30.094289	-0.386497	0.042280
94.770545	220.787115	2.000000	30.094289	-0.369608	0.045001
86.628340	214.789509	2.250000	26.137113	-0.349455	-0.101522
79.573052	209.843125	2.500000	26.137113	-0.331333	-0.085932
73.400093	205.744616	2.750000	26.137113	-0.315664	-0.072753
67.953410	202.338353	3.000000	26.137113	-0.302009	-0.061547
63.102584	201.014851	3.250000	26.926486	-0.291176	-0.023198
58.746550	200.000099	3.500000	26.926486	-0.281630	-0.017665
54.814184	199.243107	3.750000	26.926486	-0.273140	-0.012990
51.247524	198.701874	4.000000	26.926486	-0.265557	-0.009041
47.979043	205.836342	4.250000	30.628570	-0.263227	0.135546
44.927422	212.620374	4.500000	30.628570	-0.262549	0.124408
42.076417	219.033612	4.750000	30.628570	-0.261976	0.113850
39.411609	225.063440	5.000000	30.628570	-0.261469	0.103910
36.938466	222.409323	5.250000	26.952044	-0.255894	-0.044032
34.678429	220.159581	5.500000	26.952044	-0.249560	-0.037706
32.605442	218.253116	5.750000	26.952044	-0.243877	-0.032219
30.697653	216.639389	6.000000	26.952044	-0.238760	-0.027452
28.930118	217.689412	6.250000	28.092263	-0.235935	0.019009
27.281995	218.706161	6.500000	28.092263	-0.233448	0.018294
25.743115	219.687863	6.750000	28.092263	-0.231152	0.017562
24.304433	220.633323	7.000000	28.092263	-0.229028	0.016822
22.966359	217.650898	7.250000	26.262161	-0.224124	-0.051131
21.728003	215.062815	7.500000	26.262161	-0.219567	-0.044948
20.578622	212.813003	7.750000	26.262161	-0.215460	-0.039515
19.509043	210.854762	8.000000	26.262161	-0.211747	-0.034731
18.501326	219.169601	8.250000	30.969160	-0.214342	0.147186
17.526138	226.942693	8.500000	30.969160	-0.218617	0.132398
16.585426	234.157380	8.750000	30.969160	-0.222515	0.118699
15.680692	240.809762	9.000000	30.969160	-0.226035	0.106097
14.812535	244.445051	9.250000	29.977789	-0.228374	0.056825
13.988660	247.747372	9.500000	29.977789	-0.229372	0.050867
13.207599	250.739940	9.750000	29.977789	-0.230207	0.045495
12.467787	253.446153	10.000000	29.977789	-0.230895	0.040665
11.768086	254.897033	10.250000	29.590911	-0.230911	0.021727
11.108354	256.213855	10.500000	29.590911	-0.230646	0.019617
10.486335	257.408913	10.750000	29.590911	-0.230358	0.017720
9.899881	258.493545	11.000000	29.590911	-0.230053	0.016017
9.349383	255.947741	11.250000	28.211038	-0.227372	-0.036993
8.836023	253.753862	11.500000	28.211038	-0.224583	-0.032181
8.356331	251.860491	11.750000	28.211038	-0.222103	-0.027999
7.907299	250.224717	12.000000	28.211038	-0.219892	-0.024358
7.484923	251.148239	12.250000	29.154013	-0.219529	0.014024
7.085318	251.985059	12.500000	29.154013	-0.219400	0.012667
6.707281	252.743584	12.750000	29.154013	-0.219251	0.011449
6.349665	253.431458	13.000000	29.154013	-0.219087	0.010357
6.010859	255.556691	13.250000	29.742619	-0.219817	0.031527
5.688782	257.457735	13.500000	29.742619	-0.220696	0.027974
5.382873	259.156122	13.750000	29.742619	-0.221446	0.024815
5.092537	260.671929	14.000000	29.742619	-0.222080	0.022009
4.817077	265.166876	14.250000	30.928526	-0.223869	0.064250
4.553258	269.181070	14.500000	30.928526	-0.226560	0.056415
4.301181	272.752809	14.750000	30.928526	-0.228919	0.049456
4.060825	275.920699	15.000000	30.928526	-0.230979	0.043297
3.832919	272.620124	15.250000	28.710177	-0.229584	-0.044956
3.620418	269.783604	15.500000	28.710177	-0.226883	-0.039096
3.421852	267.339540	15.750000	28.710177	-0.224524	-0.034034
3.235958	265.229038	16.000000	28.710177	-0.222459	-0.029652
3.061284	265.001832	16.250000	29.319408	-0.221711	-0.003149
2.896406	264.811396	16.500000	29.319408	-0.221228	-0.002635
2.740723	264.652628	16.750000	29.319408	-0.220789	-0.002192
2.593679	264.521111	17.000000	29.319408	-0.220389	-0.001810
2.454680	264.943334	17.250000	29.520150	-0.220351	0.006034
2.323101	265.320445	17.500000	29.520150	-0.220390	0.005384
2.198560	265.657513	17.750000	29.520150	-0.220411	0.004808
2.080689	265.959039	18.000000	29.520150	-0.220416	0.004298
1.970156	260.059818	18.250000	27.130803	-0.216028	-0.084152
1.867637	254.993293	18.500000	27.130803	-0.211758	-0.073907
1.772208	250.619891	18.750000	27.130803	-0.208058	-0.065058
1.683104	246.828340	19.000000	27.130803	-0.204837	-0.057382
1.598996	248.511644	19.250000	29.191462	-0.205611	0.025631
1.518670	250.011691	19.500000	29.191462	-0.206653	0.022688
1.442027	251.346715	19.750000	29.191462	-0.207570	0.020073
1.368959	252.533556	20.000000	29.191462	-0.208375	0.017752
3.436710	291.656777	20.250000	48.609289	3.664566	0.537640
8.546380	330.124013	20.500000	48.609289	3.623730	0.456630
21.007784	366.137658	20.750000	48.609289	3.570379	0.374673
50.781234	397.656435	21.000000	48.609289	3.486538	0.287994
121.901787	422.011226	21.250000	49.122269	3.417246	0.185072
276.153681	434.161729	21.500000	49.122269	3.103140	0.038499
560.985009	427.041181	21.750000	49.122269	2.544462	-0.173776
960.979890	395.527809	22.000000	49.122269	1.772029	-0.430615
1356.165016	344.695380	22.250000	49.208807	1.030427	-0.646571
1632.175345	288.419717	22.500000	49.208807	0.517978	-0.756966
1786.192403	237.664503	22.750000	49.208807	0.246669	-0.779942
1865.008072	195.967011	23.000000	49.208807	0.120401	-0.760090
1716.357976	165.614065	23.250000	46.925368	-0.201677	-0.598084
1662.884317	144.391333	23.500000	46.925368	-0.075463	-0.511734
1644.272815	127.916686	23.750000	46.925368	-0.024151	-0.463409
1639.449224	114.412748	24.000000	46.925368	-0.003322	-0.432308
1766.361815	101.851987	24.250000	48.203929	0.195220	-0.496171
1825.015187	89.633664	24.500000	48.203929	0.085839	-0.519362
1851.966740	78.697788	24.750000	48.203929	0.039887	-0.519323
1865.222746	69.184759	25.000000	48.203929	0.020657	-0.510986
1759.213906	61.620422	25.250000	47.069766	-0.145003	-0.421741
1718.704385	55.815743	25.500000	47.069766	-0.057776	-0.377056
1703.061033	50.958019	25.750000	47.069766	-0.021978	-0.354551
1697.459014	46.720840	26.000000	47.069766	-0.007124	-0.341474
1808.934879	42.509190	26.250000	48.222883	0.162238	-0.411294
1857.423710	38.175976	26.500000	48.222883	0.067055	-0.442082
1878.003822	34.133712	26.750000	48.222883	0.028430	-0.450729
1887.053463	30.492919	27.000000	48.222883	0.012963	-0.450785
1907.613675	27.210538	27.250000	48.432136	0.027513	-0.459284
1916.367046	24.252563	27.500000	48.432136	0.012088	-0.460474
1920.420405	21.620188	27.750000	48.432136	0.005976	-0.458486
1922.581739	19.285997	28.000000	48.432136	0.003478	-0.455554
1771.140131	17.468749	28.250000	46.895684	-0.204661	-0.345083
1712.961785	16.144036	28.500000	46.895684	-0.085091	-0.295019
1689.172387	15.043676	28.750000	46.895684	-0.035783	-0.273441
1679.294439	14.070019	29.000000	46.895684	-0.014895	-0.263447
1828.003142	13.000082	29.250000	48.487410	0.214438	-0.365446
1892.017710	11.777419	29.500000	48.487410	0.085099	-0.415129
1917.855325	10.586510	29.750000	48.487410	0.033418	-0.433798
1928.147353	9.489386	30.000000	48.487410	0.013333	-0.439985
1668.556256	8.712770	30.250000	46.047125	-0.368789	-0.257131
1568.301358	8.270574	30.500000	46.047125	-0.164373	-0.174615
1524.827007	7.959084	30.750000	46.047125	-0.075761	-0.138645
1505.054258	7.706505	31.000000	46.047125	-0.035395	-0.122072
1766.826740	7.308387	31.250000	48.832246	0.415746	-0.302073
1889.628957	6.678818	31.500000	48.832246	0.166485	-0.400723
1940.117152	6.006283	31.750000	48.832246	0.064164	-0.440521
1959.819994	5.367931	32.000000	48.832246	0.024513	-0.455308
1983.297495	4.779311	32.250000	49.154085	0.028657	-0.471706
1992.229743	4.243637	32.500000	49.154085	0.010874	-0.477917
1995.667159	3.764633	32.750000	49.154085	0.004253	-0.479759
1997.049264	3.338953	33.000000	49.154085	0.001781	-0.480031
1935.637766	2.979446	33.250000	48.181149	-0.075047	-0.435444
1912.953697	2.679775	33.500000	48.181149	-0.028540	-0.416336
1904.386026	2.417577	33.750000	48.181149	-0.010858	-0.408822
1901.151665	2.183695	34.000000	48.181149	-0.004074	-0.405715
1692.563062	2.012351	34.250000	46.296647	-0.295704	-0.259070
1611.044132	1.904819	34.500000	46.296647	-0.129687	-0.192481
1576.045092	1.822973	34.750000	46.296647	-0.058464	-0.163854
1560.422374	1.753094	35.000000	46.296647	-0.026661	-0.151015
1585.054504	1.684966	35.250000	46.559054	0.041833	-0.166820
1596.360849	1.614000	35.500000	46.559054	0.018919	-0.175866
1601.494869	1.543661	35.750000	46.559054	0.008543	-0.179898
1603.821189	1.475392	36.000000	46.559054	0.003871	-0.181652
1740.393206	1.392784	36.250000	47.806116	0.211050	-0.276741
1801.422973	1.290233	36.500000	47.806116	0.086986	-0.326195
1826.925988	1.185567	36.750000	47.806116	0.035147	-0.346754
1837.294696	1.085786	37.000000	47.806116	0.014110	-0.355001
1531.632411	1.021475	37.250000	45.233356	-0.480390	-0.145201
1408.969743	0.999602	37.500000	45.233356	-0.230969	-0.045395
1352.295595	0.994943	37.750000	45.233356	-0.115941	0.000624
1324.416372	0.998348	38.000000	45.233356	-0.059410	0.023231
1693.819120	0.974491	38.250000	49.491512	0.657143	-0.227485
1885.693194	0.899886	38.500000	49.491512	0.267427	-0.383247
1966.994896	0.809663	38.750000	49.491512	0.101887	-0.449312
1998.447829	0.720875	39.000000	49.491512	0.037817	-0.474791
1882.743016	0.647274	39.250000	47.607152	-0.145009	-0.393306
1839.703208	0.589755	39.500000	47.607152	-0.057221	-0.358093
1822.871661	0.540363	39.750000	47.607152	-0.022888	-0.344277
1816.180198	0.000000	40.000000	47.607152	-0.008817	-0.337739
951.108276	0.000000	40.250000	91.088859	-1.924510	-0.759645
644.037933	0.000000	40.500000	91.088859	-1.300441	-0.510017
486.735872	0.000000	40.750000	91.088859	-0.982242	-0.382738
391.113605	0.000000	41.000000	91.088859	-0.789304	-0.305562
326.839831	0.000000	41.250000	90.977097	-0.659826	-0.253194
280.669841	0.000000	41.500000	90.977097	-0.566920	-0.216032
245.899034	0.000000	41.750000	90.977097	-0.497010	-0.188067
218.769689	0.000000	42.000000	90.977097	-0.442497	-0.166262
197.012201	0.000000	42.250000	91.293538	-0.398800	-0.150371
179.174796	0.000000	42.500000	91.293538	-0.362989	-0.136047
164.285601	0.000000	42.750000	91.293538	-0.333108	-0.124095
151.669486	0.000000	43.000000	91.293538	-0.307795	-0.113970
140.842837	0.000000	43.250000	90.180962	-0.286078	-0.099047
131.450146	0.000000	43.500000	90.180962	-0.267241	-0.091512
123.224225	0.000000	43.750000	90.180962	-0.250747	-0.084914
115.960385	0.000000	44.000000	90.180962	-0.236184	-0.079089
109.499171	0.000000	44.250000	91.828206	-0.223232	-0.082517
103.714520	0.000000	44.500000	91.828206	-0.211638	-0.077880
98.505454	0.000000	44.750000	91.828206	-0.201199	-0.073704
93.790141	0.000000	45.000000	91.828206	-0.191750	-0.069924
89.501556	0.000000	45.250000	90.103754	-0.183156	-0.057375
85.584282	0.000000	45.500000	90.103754	-0.175308	-0.054236
81.992098	0.000000	45.750000	90.103754	-0.168111	-0.051357
78.686150	0.000000	46.000000	90.103754	-0.161489	-0.048708
75.633539	0.000000	46.250000	90.776359	-0.155374	-0.050331
72.806219	0.000000	46.500000	90.776359	-0.149711	-0.048066
70.180140	0.000000	46.750000	90.776359	-0.144451	-0.045962
67.734555	0.000000	47.000000	90.776359	-0.139553	-0.044003
65.451475	0.000000	47.250000	91.827336	-0.134981	-0.047213
63.315225	0.000000	47.500000	91.827336	-0.130703	-0.045502
61.312082	0.000000	47.750000	91.827336	-0.126691	-0.043897
59.429983	0.000000	48.000000	91.827336	-0.122922	-0.042390
57.658278	0.000000	48.250000	90.438651	-0.119375	-0.033976
55.987533	0.000000	48.500000	90.438651	-0.116029	-0.032638
54.409358	0.000000	48.750000	90.438651	-0.112870	-0.031374
52.916267	0.000000	49.000000	90.438651	-0.109880	-0.030178
51.501561	0.000000	49.250000	90.451200	-0.107048	-0.029121
50.159226	0.000000	49.500000	90.451200	-0.104360	-0.028046
48.883848	0.000000	49.750000	90.451200	-0.101807	-0.027025
47.670539	0.000000	50.000000	90.451200	-0.099378	-0.026053
46.514876	0.000000	50.250000	91.875437	-0.097064	-0.032242
45.412847	0.000000	50.500000	91.875437	-0.094858	-0.031360
44.360804	0.000000	50.750000	91.875437	-0.092752	-0.030517
43.355421	0.000000	51.000000	91.875437	-0.090740	-0.029712
42.393663	0.000000	51.250000	91.422669	-0.088814	-0.026985
41.472750	0.000000	51.500000	91.422669	-0.086971	-0.026248
40.590134	0.000000	51.750000	91.422669	-0.085204	-0.025541
39.743477	0.000000	52.000000	91.422669	-0.083510	-0.024864
38.930625	0.000000	52.250000	91.873418	-0.081883	-0.026161
38.149593	0.000000	52.500000	91.873418	-0.080319	-0.025536
37.398549	0.000000	52.750000	91.873418	-0.078816	-0.024935
36.675799	0.000000	53.000000	91.873418	-0.077369	-0.024356
35.979774	0.000000	53.250000	92.155512	-0.075976	-0.024887
35.309019	0.000000	53.500000	92.155512	-0.074634	-0.024350
34.662182	0.000000	53.750000	92.155512	-0.073339	-0.023832
34.038007	0.000000	54.000000	92.155512	-0.072090	-0.023332
33.435324	0.000000	54.250000	91.271334	-0.070884	-0.019098
32.853041	0.000000	54.500000	91.271334	-0.069718	-0.018632
32.290141	0.000000	54.750000	91.271334	-0.068592	-0.018182
31.745672	0.000000	55.000000	91.271334	-0.067502	-0.017746
31.218743	0.000000	55.250000	91.930245	-0.066448	-0.020214
30.708520	0.000000	55.500000	91.930245	-0.065427	-0.019806
30.214223	0.000000	55.750000	91.930245	-0.064437	-0.019410
29.735116	0.000000	56.000000	91.930245	-0.063479	-0.019027
29.270510	0.000000	56.250000	91.484329	-0.062549	-0.016762
28.819757	0.000000	56.500000	91.484329	-0.061647	-0.016401
28.382247	0.000000	56.750000	91.484329	-0.060771	-0.016051
27.957405	0.000000	57.000000	91.484329	-0.059921	-0.015710
27.544688	0.000000	57.250000	89.015934	-0.059095	0.000397
27.143585	0.000000	57.500000	89.015934	-0.058292	0.000718
26.753614	0.000000	57.750000	89.015934	-0.057512	0.001030
26.374316	0.000000	58.000000	89.015934	-0.056753	0.001334
26.005260	0.000000	58.250000	91.758259	-0.056015	-0.015341
25.646037	0.000000	58.500000	91.758259	-0.055296	-0.015054
25.296258	0.000000	58.750000	91.758259	-0.054596	-0.014774
24.955558	0.000000	59.000000	91.758259	-0.053914	-0.014501
24.623586	0.000000	59.250000	91.303227	-0.053250	-0.012198
24.300012	0.000000	59.500000	91.303227	-0.052602	-0.011939
23.984522	0.000000	59.750000	91.303227	-0.051971	-0.011686
23.676816	0.000000	60.000000	91.303227	-0.051355	-0.011440
37.494379	0.000000	60.250000	56.193043	1.824622	1.028119
58.863030	0.000000	60.500000	56.193043	1.782248	1.011170
91.192250	0.000000	60.750000	56.193043	1.718104	0.985512
138.515960	0.000000	61.000000	56.193043	1.624137	0.947925
202.511096	0.000000	61.250000	56.282482	1.455032	0.895083
285.392017	0.000000	61.500000	56.282482	1.290002	0.829071
384.241872	0.000000	61.750000	56.282482	1.092817	0.750197
491.182490	0.000000	62.000000	56.282482	0.879054	0.664692
582.230387	0.000000	62.250000	56.503742	0.594093	0.586646
661.270505	0.000000	62.500000	56.503742	0.435436	0.523183
724.709780	0.000000	62.750000	56.503742	0.307912	0.472173
772.497644	0.000000	63.000000	56.503742	0.211743	0.433706
717.664077	0.000000	63.250000	57.848033	-0.245491	0.443478
681.739462	0.000000	63.500000	57.848033	-0.173061	0.472450
657.312625	0.000000	63.750000	57.848033	-0.123843	0.492137
640.281470	0.000000	64.000000	57.848033	-0.089541	0.505858
536.840603	0.000000	64.250000	60.382609	-0.612732	0.512211
469.326750	0.000000	64.500000	60.382609	-0.476653	0.566643
422.063683	0.000000	64.750000	60.382609	-0.381501	0.604704
387.331962	0.000000	65.000000	60.382609	-0.311635	0.632650
451.356522	0.000000	65.250000	57.196770	0.550961	0.674749
510.007950	0.000000	65.500000	57.196770	0.433383	0.627717
560.698454	0.000000	65.750000	57.196770	0.331652	0.587025
602.350600	0.000000	66.000000	57.196770	0.247983	0.553558
595.109945	0.000000	66.250000	57.962953	-0.041756	0.539081
589.790012	0.000000	66.500000	57.962953	-0.031051	0.543363
585.860097	0.000000	66.750000	57.962953	-0.023144	0.546526
582.945397	0.000000	67.000000	57.962953	-0.017280	0.548872
690.323526	0.000000	67.250000	56.079968	0.575520	0.509562
778.325024	0.000000	67.500000	56.079968	0.398651	0.438814
844.398302	0.000000	67.750000	56.079968	0.265649	0.385613
890.817170	0.000000	68.000000	56.079968	0.172105	0.348196
779.474256	0.000000	68.250000	58.024653	-0.436274	0.388683
712.289674	0.000000	68.500000	58.024653	-0.300649	0.442933
668.789005	0.000000	68.750000	58.024653	-0.212932	0.478020
639.324471	0.000000	69.000000	58.024653	-0.153562	0.501768
621.388805	0.000000	69.250000	57.970660	-0.097514	0.517710
608.568608	0.000000	69.500000	57.970660	-0.071704	0.528034
599.284225	0.000000	69.750000	57.970660	-0.053017	0.535509
592.496592	0.000000	70.000000	57.970660	-0.039358	0.540973
591.872503	0.000000	70.250000	57.878536	-0.003644	0.544001
591.408716	0.000000	70.500000	57.878536	-0.002711	0.544374
591.063895	0.000000	70.750000	57.878536	-0.002017	0.544652
590.807433	0.000000	71.000000	57.878536	-0.001501	0.544858
628.183856	0.000000	71.250000	57.161834	0.210830	0.533675
656.994834	0.000000	71.500000	57.161834	0.152890	0.510499
678.567743	0.000000	71.750000	57.161834	0.109483	0.493136
694.372340	0.000000	72.000000	57.161834	0.077671	0.480412
630.150766	0.000000	72.250000	58.588077	-0.330616	0.493114
587.131879	0.000000	72.500000	58.588077	-0.243928	0.527789
557.007986	0.000000	72.750000	58.588077	-0.183270	0.552052
535.252484	0.000000	73.000000	58.588077	-0.139486	0.569566
588.970666	0.000000	73.250000	57.061523	0.332445	0.567723
632.506975	0.000000	73.500000	57.061523	0.244965	0.532732
666.285606	0.000000	73.750000	57.061523	0.177040	0.505561
691.617422	0.000000	74.000000	57.061523	0.126070	0.485173
705.442269	0.000000	74.250000	57.135518	0.066569	0.472167
715.326366	0.000000	74.500000	57.135518	0.046666	0.464206
722.322285	0.000000	74.750000	57.135518	0.032576	0.458570
727.238784	0.000000	75.000000	57.135518	0.022672	0.454608
651.565232	0.000000	75.250000	58.582451	-0.371957	0.476006
601.965929	0.000000	75.500000	58.582451	-0.271974	0.516000
567.743828	0.000000	75.750000	58.582451	-0.203046	0.543571
543.286972	0.000000	76.000000	58.582451	-0.153816	0.563263
585.902503	0.000000	76.250000	57.240980	0.262449	0.565651
619.888202	0.000000	76.500000	57.240980	0.194144	0.538329
646.082268	0.000000	76.750000	57.240980	0.141468	0.517258
665.744899	0.000000	77.000000	57.240980	0.101908	0.501434
778.035411	0.000000	77.250000	55.830855	0.519035	0.444555
864.965126	0.000000	77.500000	55.830855	0.344119	0.374589
926.656144	0.000000	77.750000	55.830855	0.219802	0.324862
967.784015	0.000000	78.000000	55.830855	0.136838	0.291676
864.234661	0.000000	78.250000	57.394301	-0.362006	0.337325
803.211004	0.000000	78.500000	57.394301	-0.238752	0.386626
764.862404	0.000000	78.750000	57.394301	-0.161374	0.417578
739.782630	0.000000	79.000000	57.394301	-0.110801	0.437807
687.945894	0.000000	79.250000	58.004458	-0.244118	0.463133
653.456347	0.000000	79.500000	58.004458	-0.174602	0.490940
629.677606	0.000000	79.750000	58.004458	-0.126702	0.510100
612.878580	0.000000	80.000000	58.004458	-0.092876	0.523630
468.718412	0.000000	80.250000	72.104872	-0.945764	0.092550
379.391687	0.000000	80.500000	72.104872	-0.765582	0.164623
318.612490	0.000000	80.750000	72.104872	-0.643168	0.213588
274.581261	0.000000	81.000000	72.104872	-0.554579	0.249024
241.211678	0.000000	81.250000	72.563755	-0.487531	0.256858
215.051042	0.000000	81.500000	72.563755	-0.434969	0.277883
193.991035	0.000000	81.750000	72.563755	-0.392675	0.294801
176.672442	0.000000	82.000000	72.563755	-0.357909	0.308707
162.177442	0.000000	82.250000	75.071455	-0.328875	0.220738
149.869237	0.000000	82.500000	75.071455	-0.304181	0.230616
139.287674	0.000000	82.750000	75.071455	-0.282956	0.239106
130.093241	0.000000	83.000000	75.071455	-0.264517	0.246481
122.030514	0.000000	83.250000	73.435874	-0.248332	0.317028
114.902206	0.000000	83.500000	73.435874	-0.234041	0.322744
108.554778	0.000000	83.750000	73.435874	-0.221318	0.327834
102.866582	0.000000	84.000000	73.435874	-0.209917	0.332394
97.741098	0.000000	84.250000	72.420199	-0.199599	0.377950
93.097809	0.000000	84.500000	72.420199	-0.190294	0.381672
88.871727	0.000000	84.750000	72.420199	-0.181827	0.385059
85.009041	0.000000	85.000000	72.420199	-0.174088	0.388155
81.463658	0.000000	85.250000	74.072638	-0.167043	0.324170
78.199046	0.000000	85.500000	74.072638	-0.160503	0.326786
75.183124	0.000000	85.750000	74.072638	-0.154462	0.329203
72.388519	0.000000	86.000000	74.072638	-0.148864	0.331442
69.791880	0.000000	86.250000	73.556888	-0.143655	0.354038
67.372761	0.000000	86.500000	73.556888	-0.138810	0.355976
65.113559	0.000000	86.750000	73.556888	-0.134285	0.357786
62.998927	0.000000	87.000000	73.556888	-0.130051	0.359480
61.015187	0.000000	87.250000	74.979841	-0.126094	0.305340
59.150763	0.000000	87.500000	74.979841	-0.122360	0.306833
57.395205	0.000000	87.750000	74.979841	-0.118845	0.308239
55.739249	0.000000	88.000000	74.979841	-0.115529	0.309565
54.174945	0.000000	88.250000	73.303281	-0.112375	0.376756
52.694620	0.000000	88.500000	73.303281	-0.109411	0.377942
51.291691	0.000000	88.750000	73.303281	-0.106603	0.379065
49.960242	0.000000	89.000000	73.303281	-0.103937	0.380132
48.695422	0.000000	89.250000	72.466407	-0.101365	0.415336
47.491911	0.000000	89.500000	72.466407	-0.098956	0.416300
46.345358	0.000000	89.750000	72.466407	-0.096660	0.417218
45.251813	0.000000	90.000000	72.466407	-0.094471	0.418094
44.208762	0.000000	90.250000	71.600644	-0.092285	0.455000
43.211780	0.000000	90.500000	71.600644	-0.090289	0.455799
42.257881	0.000000	90.750000	71.600644	-0.088379	0.456563
41.344333	0.000000	91.000000	71.600644	-0.086551	0.457294
40.467172	0.000000	91.250000	73.593838	-0.084940	0.376044
39.625640	0.000000	91.500000	73.593838	-0.083256	0.376717
38.817610	0.000000	91.750000	73.593838	-0.081639	0.377364
38.041120	0.000000	92.000000	73.593838	-0.080084	0.377986
37.296880	0.000000	92.250000	71.034781	-0.078322	0.484418
36.580553	0.000000	92.500000	71.034781	-0.076888	0.484991
35.890598	0.000000	92.750000	71.034781	-0.075507	0.485544
35.225584	0.000000	93.000000	71.034781	-0.074176	0.486076
34.582237	0.000000	93.250000	72.479830	-0.073116	0.426083
33.961370	0.000000	93.500000	72.479830	-0.071873	0.426580
33.361825	0.000000	93.750000	72.479830	-0.070673	0.427060
32.782523	0.000000	94.000000	72.479830	-0.069514	0.427523
32.222119	0.000000	94.250000	73.438627	-0.068434	0.388876
31.680024	0.000000	94.500000	73.438627	-0.067350	0.389310
31.155355	0.000000	94.750000	73.438627	-0.066300	0.389730
30.647286	0.000000	95.000000	73.438627	-0.065283	0.390137
30.155270	0.000000	95.250000	72.663770	-0.064268	0.422052
29.678341	0.000000	95.500000	72.663770	-0.063313	0.422433
29.215814	0.000000	95.750000	72.663770	-0.062388	0.422804
28.767048	0.000000	96.000000	72.663770	-0.061489	0.423163
28.331345	0.000000	96.250000	72.926573	-0.060631	0.412748
27.908231	0.000000	96.500000	72.926573	-0.059784	0.413087
27.497170	0.000000	96.750000	72.926573	-0.058961	0.413416
27.097653	0.000000	97.000000	72.926573	-0.058162	0.413736
26.709700	0.000000	97.250000	71.943672	-0.057310	0.454643
26.332338	0.000000	97.500000	71.943672	-0.056555	0.454945
25.965140	0.000000	97.750000	71.943672	-0.055821	0.455239
25.607700	0.000000	98.000000	71.943672	-0.055105	0.455525
25.258936	0.000000	98.250000	75.254723	-0.054519	0.323540
24.919211	0.000000	98.500000	75.254723	-0.053839	0.323812
24.588177	0.000000	98.750000	75.254723	-0.053177	0.324077
24.265506	0.000000	99.000000	75.254723	-0.052531	0.324335
23.951637	0.000000	99.250000	71.827428	-0.051777	0.461709
23.645492	0.000000	99.500000	71.827428	-0.051164	0.461954
23.346790	0.000000	99.750000	71.827428	-0.050566	0.462193
23.055263	0.000000	100.000000	71.827428	-0.049983	0.462426
22.950402	0.000000	100.250000	65.349898	-0.018134	0.737889
22.847207	0.000000	100.500000	65.349898	-0.017928	0.737972
22.745640	0.000000	100.750000	65.349898	-0.017724	0.738053
22.645666	0.000000	101.000000	65.349898	-0.017524	0.738133
22.695529	0.000000	101.250000	64.405358	0.008750	0.776548
22.744937	0.000000	101.500000	64.405358	0.008651	0.776508
22.793892	0.000000	101.750000	64.405358	0.008553	0.776469
22.842395	0.000000	102.000000	64.405358	0.008456	0.776430
22.676959	0.000000	102.250000	65.997225	-0.028917	0.711220
22.514565	0.000000	102.500000	65.997225	-0.028592	0.711350
22.355133	0.000000	102.750000	65.997225	-0.028273	0.711477
22.198583	0.000000	103.000000	65.997225	-0.027960	0.711603
21.989063	0.000000	103.250000	66.950333	-0.037733	0.671575
21.783778	0.000000	103.500000	66.950333	-0.037322	0.671739
21.582604	0.000000	103.750000	66.950333	-0.036919	0.671900
21.385416	0.000000	104.000000	66.950333	-0.036525	0.672058
21.240177	0.000000	104.250000	66.074488	-0.027120	0.709136
21.097444	0.000000	104.500000	66.074488	-0.026834	0.709250
20.957152	0.000000	104.750000	66.074488	-0.026553	0.709362
20.819241	0.000000	105.000000	66.074488	-0.026277	0.709473
20.623823	0.000000	105.250000	67.323724	-0.037536	0.656769
20.432217	0.000000	105.500000	67.323724	-0.037152	0.656923
20.244311	0.000000	105.750000	67.323724	-0.036776	0.657073
20.060000	0.000000	106.000000	67.323724	-0.036408	0.657221
20.044491	0.000000	106.250000	64.959554	-0.003079	0.756229
20.029148	0.000000	106.500000	64.959554	-0.003048	0.756241
20.013969	0.000000	106.750000	64.959554	-0.003018	0.756253
19.998953	0.000000	107.000000	64.959554	-0.002988	0.756265
20.114213	0.000000	107.250000	64.170275	0.022876	0.788017
20.228973	0.000000	107.500000	64.170275	0.022647	0.787925
20.343224	0.000000	107.750000	64.170275	0.022418	0.787833
20.456954	0.000000	108.000000	64.170275	0.022191	0.787742
20.426215	0.000000	108.250000	65.042610	-0.005986	0.752530
20.395834	0.000000	108.500000	65.042610	-0.005925	0.752554
20.365805	0.000000	108.750000	65.042610	-0.005865	0.752578
20.336124	0.000000	109.000000	65.042610	-0.005805	0.752602
20.230315	0.000000	109.250000	65.783805	-0.020765	0.722085
20.126112	0.000000	109.500000	65.783805	-0.020557	0.722168
20.023482	0.000000	109.750000	65.783805	-0.020351	0.722250
19.922389	0.000000	110.000000	65.783805	-0.020149	0.722331
19.786113	0.000000	110.250000	66.321711	-0.027325	0.699920
19.652098	0.000000	110.500000	66.321711	-0.027057	0.700028
19.520287	0.000000	110.750000	66.321711	-0.026793	0.700133
19.390628	0.000000	111.000000	66.321711	-0.026534	0.700237
19.273073	0.000000	111.250000	66.151817	-0.024211	0.707469
19.157348	0.000000	111.500000	66.151817	-0.023979	0.707561
19.043412	0.000000	111.750000	66.151817	-0.023752	0.707652
18.931223	0.000000	112.000000	66.151817	-0.023527	0.707742
18.788774	0.000000	112.250000	66.795614	-0.030075	0.680701
18.648715	0.000000	112.500000	66.795614	-0.029795	0.680814
18.510985	0.000000	112.750000	66.795614	-0.029520	0.680924
18.375528	0.000000	113.000000	66.795614	-0.029249	0.681032
18.491071	0.000000	113.250000	64.199135	0.024962	0.788165
18.606268	0.000000	113.500000	64.199135	0.024732	0.788073
18.721106	0.000000	113.750000	64.199135	0.024502	0.787981
18.835572	0.000000	114.000000	64.199135	0.024273	0.787889
18.692417	0.000000	114.250000	66.855059	-0.030380	0.678258
18.551667	0.000000	114.500000	66.855059	-0.030098	0.678370
18.413261	0.000000	114.750000	66.855059	-0.029822	0.678481
18.277143	0.000000	115.000000	66.855059	-0.029549	0.678590
18.365488	0.000000	115.250000	64.355963	0.019203	0.781994
18.453446	0.000000	115.500000	64.355963	0.019027	0.781924
18.541012	0.000000	115.750000	64.355963	0.018852	0.781854
18.628181	0.000000	116.000000	64.355963	0.018678	0.781784
18.470217	0.000000	116.250000	67.443872	-0.033913	0.653363
18.315027	0.000000	116.500000	67.443872	-0.033602	0.653488
18.162537	0.000000	116.750000	67.443872	-0.033297	0.653610
18.012679	0.000000	117.000000	67.443872	-0.032997	0.653729
18.088209	0.000000	117.250000	64.442044	0.016665	0.778760
18.163372	0.000000	117.500000	64.442044	0.016515	0.778700
18.238164	0.000000	117.750000	64.442044	0.016365	0.778640
18.312580	0.000000	118.000000	64.442044	0.016216	0.778581
18.183438	0.000000	118.250000	66.718004	-0.028185	0.684474
18.056363	0.000000	118.500000	66.718004	-0.027930	0.684576
17.931307	0.000000	118.750000	66.718004	-0.027680	0.684676
17.808221	0.000000	119.000000	66.718004	-0.027434	0.684774
17.722145	0.000000	119.250000	66.017953	-0.019298	0.714318
17.637239	0.000000	119.500000	66.017953	-0.019129	0.714386
17.553480	0.000000	119.750000	66.017953	-0.018961	0.714453
17.470845	0.000000	120.000000	66.017953	-0.018796	0.714519
40.793662	0.000000	120.250000	47.124964	3.366807	1.078626
93.544260	0.000000	120.500000	47.124964	3.262971	1.037091
206.150386	0.000000	120.750000	47.124964	3.040947	0.948282
419.428184	0.000000	121.000000	47.124964	2.619067	0.779530
744.273968	0.000000	121.250000	47.113024	1.968343	0.520983
1106.799181	0.000000	121.500000	47.113024	1.242402	0.230607
1393.943577	0.000000	121.750000	47.113024	0.663652	-0.000893
1565.734138	0.000000	122.000000	47.113024	0.315801	-0.140034
1662.087418	0.000000	122.250000	47.206703	0.157029	-0.217090
1706.088571	0.000000	122.500000	47.206703	0.067583	-0.252868
1725.229858	0.000000	122.750000	47.206703	0.028647	-0.268443
1733.380229	0.000000	123.000000	47.206703	0.012064	-0.275076
1802.382049	0.000000	123.250000	47.844766	0.098519	-0.323993
1831.277738	0.000000	123.500000	47.844766	0.039689	-0.347525
1842.989471	0.000000	123.750000	47.844766	0.015834	-0.357067
1847.673335	0.000000	124.000000	47.844766	0.006293	-0.360883
1607.709962	0.000000	124.250000	45.788712	-0.361506	-0.194608
1511.662004	0.000000	124.500000	45.788712	-0.166133	-0.116459
1468.734331	0.000000	124.750000	45.788712	-0.078935	-0.081580
1448.608796	0.000000	125.000000	45.788712	-0.038081	-0.065238
1568.875831	0.000000	125.250000	46.882919	0.215570	-0.145636
1627.349204	0.000000	125.500000	46.882919	0.096832	-0.193131
1654.029755	0.000000	125.750000	46.882919	0.042607	-0.214821
1665.850148	0.000000	126.000000	46.882919	0.018574	-0.224435
1842.260567	0.000000	126.250000	48.754352	0.253543	-0.349179
1918.245019	0.000000	126.500000	48.754352	0.098826	-0.411066
1948.303192	0.000000	126.750000	48.754352	0.037557	-0.435574
1959.790027	0.000000	127.000000	48.754352	0.014133	-0.444943
1846.250055	0.000000	127.250000	47.394029	-0.146633	-0.364716
1803.226088	0.000000	127.500000	47.394029	-0.058955	-0.329645
1786.084817	0.000000	127.750000	47.394029	-0.024045	-0.315681
1779.119849	0.000000	128.000000	47.394029	-0.009863	-0.310008
1546.536139	0.000000	128.250000	45.515401	-0.370387	-0.149835
1450.660072	0.000000	128.500000	45.515401	-0.175474	-0.071870
1406.575793	0.000000	128.750000	45.515401	-0.085978	-0.036072
1385.292924	0.000000	129.000000	45.515401	-0.042800	-0.018801
1657.723834	0.000000	129.250000	48.135667	0.480005	-0.203714
1794.642454	0.000000	129.500000	48.135667	0.201874	-0.314966
1854.049995	0.000000	129.750000	48.135667	0.080957	-0.363333
1878.169492	0.000000	130.000000	48.135667	0.031823	-0.382987
1469.716734	0.000000	130.250000	44.630838	-0.653594	-0.105220
1309.307333	0.000000	130.500000	44.630838	-0.327488	0.025223
1233.466235	0.000000	130.750000	44.630838	-0.173672	0.086749
1194.487670	0.000000	131.000000	44.630838	-0.094710	0.118334
1260.693397	0.000000	131.250000	45.409802	0.157703	0.080215
1297.520198	0.000000	131.500000	45.409802	0.083146	0.050392
1317.224003	0.000000	131.750000	45.409802	0.043232	0.034427
1327.547385	0.000000	132.000000	45.409802	0.022314	0.026059
1391.478941	0.000000	132.250000	45.903028	0.132746	-0.016901
1424.590987	0.000000	132.500000	45.903028	0.065616	-0.043753
1441.142855	0.000000	132.750000	45.903028	0.032043	-0.057182
1449.269975	0.000000	133.000000	45.903028	0.015554	-0.063777
1410.778669	0.000000	133.250000	45.555275	-0.074944	-0.038746
1392.175644	0.000000	133.500000	45.555275	-0.037202	-0.023649
1383.000284	0.000000	133.750000	45.555275	-0.018592	-0.016205
1378.429508	0.000000	134.000000	45.555275	-0.009323	-0.012497
1360.284158	0.000000	134.250000	45.423168	-0.037458	-0.000234
1351.190732	0.000000	134.500000	45.423168	-0.019021	0.007141
1346.588559	0.000000	134.750000	45.423168	-0.009691	0.010873
1344.247806	0.000000	135.000000	45.423168	-0.004946	0.012771
1687.702411	0.000000	135.250000	48.976550	0.607305	-0.222414
1864.122949	0.000000	135.500000	48.976550	0.248910	-0.365772
1939.209576	0.000000	135.750000	48.976550	0.095986	-0.426941
1968.581062	0.000000	136.000000	48.976550	0.036103	-0.450894
1885.224185	0.000000	136.250000	47.736922	-0.105406	-0.392614
1853.839375	0.000000	136.500000	47.736922	-0.041428	-0.367023
1841.581737	0.000000	136.750000	47.736922	-0.016452	-0.357032
1836.726188	0.000000	137.000000	47.736922	-0.006560	-0.353076
1610.372147	0.000000	137.250000	45.840612	-0.341864	-0.195847
1519.332072	0.000000	137.500000	45.840612	-0.156681	-0.121774
1478.686019	0.000000	137.750000	45.840612	-0.074114	-0.088747
1459.698643	0.000000	138.000000	45.840612	-0.035566	-0.073329
1396.493408	0.000000	138.250000	45.397707	-0.123471	-0.030096
1366.156911	0.000000	138.500000	45.397707	-0.061925	-0.005478
1351.105034	0.000000	138.750000	45.397707	-0.031403	0.006731
1343.513890	0.000000	139.000000	45.397707	-0.016013	0.012887
1516.770013	0.000000	139.250000	46.913672	0.334065	-0.102943
1606.129236	0.000000	139.500000	46.913672	0.152755	-0.175467
1648.017656	0.000000	139.750000	46.913672	0.067651	-0.209508
1666.772012	0.000000	140.000000	46.913672	0.029524	-0.224759
908.421837	0.000000	140.250000	82.425424	-1.837526	-0.610072
624.158150	0.000000	140.500000	82.425424	-1.260171	-0.379130
475.283775	0.000000	140.750000	82.425424	-0.959116	-0.258708
383.677574	0.000000	141.000000	82.425424	-0.774315	-0.184788
321.625597	0.000000	141.250000	78.908270	-0.649329	-0.040259
276.812225	0.000000	141.500000	78.908270	-0.559162	-0.004192
242.930042	0.000000	141.750000	78.908270	-0.491042	0.023056
216.414222	0.000000	142.000000	78.908270	-0.437765	0.044367
195.098018	0.000000	142.250000	80.942031	-0.394956	0.003364
177.588579	0.000000	142.500000	80.942031	-0.359806	0.017425
162.949754	0.000000	142.750000	80.942031	-0.330427	0.029176
150.529091	0.000000	143.000000	80.942031	-0.305507	0.039144
139.857938	0.000000	143.250000	79.367575	-0.284103	0.091900
130.590980	0.000000	143.500000	79.367575	-0.265518	0.099334
122.468167	0.000000	143.750000	79.367575	-0.249231	0.105849
115.289929	0.000000	144.000000	79.367575	-0.234840	0.111605
108.900562	0.000000	144.250000	82.280461	-0.222032	0.039456
103.176799	0.000000	144.500000	82.280461	-0.210560	0.044044
98.019783	0.000000	144.750000	82.280461	-0.200225	0.048178
93.349312	0.000000	145.000000	82.280461	-0.190866	0.051922
89.099635	0.000000	145.250000	79.128989	-0.182351	0.139780
85.216335	0.000000	145.500000	79.128989	-0.174571	0.142892
81.653994	0.000000	145.750000	79.128989	-0.167434	0.145747
78.374401	0.000000	146.000000	79.128989	-0.160864	0.148375
75.345178	0.000000	146.250000	81.424546	-0.154796	0.087020
72.538711	0.000000	146.500000	81.424546	-0.149175	0.089269
69.931301	0.000000	146.750000	81.424546	-0.143953	0.091358
67.502497	0.000000	147.000000	81.424546	-0.139088	0.093304
65.234557	0.000000	147.250000	81.022707	-0.134546	0.105416
63.112011	0.000000	147.500000	81.022707	-0.130296	0.107116
61.121314	0.000000	147.750000	81.022707	-0.126309	0.108711
59.250552	0.000000	148.000000	81.022707	-0.122563	0.110209
57.489203	0.000000	148.250000	81.542596	-0.119036	0.098371
55.827942	0.000000	148.500000	81.542596	-0.115710	0.099702
54.258475	0.000000	148.750000	81.542596	-0.112567	0.100959
52.773399	0.000000	149.000000	81.542596	-0.109594	0.102148
51.366086	0.000000	149.250000	80.207199	-0.106776	0.138565
50.030584	0.000000	149.500000	80.207199	-0.104103	0.139634
48.761535	0.000000	149.750000	80.207199	-0.101562	0.140650
47.554099	0.000000	150.000000	80.207199	-0.099145	0.141617
46.403896	0.000000	150.250000	79.489757	-0.096842	0.163175
45.306953	0.000000	150.500000	79.489757	-0.094646	0.164054
44.259653	0.000000	150.750000	79.489757	-0.092550	0.164892
43.258702	0.000000	151.000000	79.489757	-0.090546	0.165694
42.301090	0.000000	151.250000	81.960806	-0.088629	0.100335
41.384063	0.000000	151.500000	81.960806	-0.086793	0.101069
40.505094	0.000000	151.750000	81.960806	-0.085034	0.101773
39.661863	0.000000	152.000000	81.960806	-0.083346	0.102448
38.852234	0.000000	152.250000	79.554367	-0.081726	0.167317
38.074238	0.000000	152.500000	79.554367	-0.080168	0.167939
37.326057	0.000000	152.750000	79.554367	-0.078671	0.168538
36.606010	0.000000	153.000000	79.554367	-0.077230	0.169115
35.912539	0.000000	153.250000	82.019408	-0.075842	0.104054
35.244200	0.000000	153.500000	82.019408	-0.074504	0.104589
34.599652	0.000000	153.750000	82.019408	-0.073214	0.105105
33.977647	0.000000	154.000000	82.019408	-0.071969	0.105603
33.377022	0.000000	154.250000	80.601404	-0.070767	0.142124
32.796695	0.000000	154.500000	80.601404	-0.069606	0.142588
32.235653	0.000000	154.750000	80.601404	-0.068483	0.143038
31.692952	0.000000	155.000000	80.601404	-0.067397	0.143472
31.167707	0.000000	155.250000	80.994642	-0.066346	0.133429
30.659088	0.000000	155.500000	80.994642	-0.065328	0.133837
30.166320	0.000000	155.750000	80.994642	-0.064341	0.134231
29.688673	0.000000	156.000000	80.994642	-0.063386	0.134613
29.225461	0.000000	156.250000	81.074117	-0.062459	0.132913
28.776041	0.000000	156.500000	81.074117	-0.061559	0.133273
28.339805	0.000000	156.750000	81.074117	-0.060686	0.133622
27.916181	0.000000	157.000000	81.074117	-0.059838	0.133961
27.504632	0.000000	157.250000	82.631584	-0.059015	0.096682
27.104648	0.000000	157.500000	82.631584	-0.058214	0.097002
26.715749	0.000000	157.750000	82.631584	-0.057436	0.097313
26.337479	0.000000	158.000000	82.631584	-0.056679	0.097616
25.969411	0.000000	158.250000	81.027031	-0.055943	0.136745
25.611136	0.000000	158.500000	81.027031	-0.055226	0.137031
25.262269	0.000000	158.750000	81.027031	-0.054528	0.137311
24.922444	0.000000	159.000000	81.027031	-0.053848	0.137583
24.591315	0.000000	159.250000	80.957475	-0.053185	0.139667
24.268551	0.000000	159.500000	80.957475	-0.052539	0.139926
23.953842	0.000000	159.750000	80.957475	-0.051910	0.140178
23.646887	0.000000	160.000000	80.957475	-0.051295	0.140423
32.111364	0.000000	160.250000	42.379782	1.215427	0.998701
43.392289	0.000000	160.500000	42.379782	1.192992	0.989727
58.256248	0.000000	160.750000	42.379782	1.163424	0.977900
77.549591	0.000000	161.000000	42.379782	1.125031	0.962543
104.360805	0.000000	161.250000	42.603125	1.161019	0.946889
138.328078	0.000000	161.500000	42.603125	1.093385	0.919836
179.920883	0.000000	161.750000	42.603125	1.010504	0.886683
228.779096	0.000000	162.000000	42.603125	0.913057	0.847705
288.259978	0.000000	162.250000	42.777552	0.866420	0.804602
352.124965	0.000000	162.500000	42.777552	0.738794	0.753551
416.496661	0.000000	162.750000	42.777552	0.609990	0.702030
477.374995	0.000000	163.000000	42.777552	0.488023	0.653243
589.810913	0.000000	163.250000	43.839513	0.738939	0.588423
690.606597	0.000000	163.500000	43.839513	0.536699	0.507527
772.403987	0.000000	163.750000	43.839513	0.372277	0.441758
833.586179	0.000000	164.000000	43.839513	0.249118	0.392494
890.371113	0.000000	164.250000	44.001788	0.212152	0.350402
928.834662	0.000000	164.500000	44.001788	0.134589	0.319377
953.884351	0.000000	164.750000	44.001788	0.084044	0.299158
969.783244	0.000000	165.000000	44.001788	0.051950	0.286321
873.669165	0.000000	165.250000	42.721132	-0.333256	0.332731
816.860672	0.000000	165.500000	42.721132	-0.218516	0.378627
781.216337	0.000000	165.750000	42.721132	-0.146590	0.407398
758.006691	0.000000	166.000000	42.721132	-0.099783	0.426120
808.190633	0.000000	166.250000	43.649106	0.210671	0.408556
843.576559	0.000000	166.500000	43.649106	0.139375	0.380037
867.646435	0.000000	166.750000	43.649106	0.090849	0.360627
883.621024	0.000000	167.000000	43.649106	0.058631	0.347740
1056.547921	0.000000	167.250000	45.382772	0.556704	0.244640
1174.653628	0.000000	167.500000	45.382772	0.318365	0.149304
1246.225586	0.000000	167.750000	45.382772	0.173656	0.091421
1286.497913	0.000000	168.000000	45.382772	0.092139	0.058814
1050.490601	0.000000	168.250000	42.908976	-0.611522	0.194457
932.763340	0.000000	168.500000	42.908976	-0.373135	0.289812
865.992307	0.000000	168.750000	42.908976	-0.238181	0.343794
825.344146	0.000000	169.000000	42.908976	-0.156113	0.376621
884.620857	0.000000	169.250000	44.001621	0.223663	0.355034
925.006861	0.000000	169.500000	44.001621	0.142231	0.322461
951.411425	0.000000	169.750000	44.001621	0.088955	0.301151
968.212680	0.000000	170.000000	44.001621	0.055040	0.287585
884.344837	0.000000	170.250000	42.877401	-0.288780	0.328153
834.448476	0.000000	170.500000	42.877401	-0.188006	0.368463
803.166273	0.000000	170.750000	42.877401	-0.124878	0.393714
782.905691	0.000000	171.000000	42.877401	-0.084013	0.410060
807.574241	0.000000	171.250000	43.410318	0.101745	0.403389
824.490298	0.000000	171.500000	43.410318	0.067650	0.389751
835.891378	0.000000	171.750000	43.410318	0.044665	0.380557
843.486205	0.000000	172.000000	43.410318	0.029350	0.374431
850.627780	0.000000	172.250000	43.437383	0.027307	0.369322
855.328863	0.000000	172.500000	43.437383	0.017825	0.365530
858.408512	0.000000	172.750000	43.437383	0.011613	0.363045
860.419582	0.000000	173.000000	43.437383	0.007557	0.361422
1187.306538	0.000000	173.250000	46.873868	0.983204	0.162807
1421.207081	0.000000	173.500000	46.873868	0.511029	-0.026063
1553.809920	0.000000	173.750000	46.873868	0.242355	-0.133532
1619.258183	0.000000	174.000000	46.873868	0.109482	-0.186681
1399.268326	0.000000	174.250000	44.848265	-0.402091	-0.043279
1302.223141	0.000000	174.500000	44.848265	-0.205063	0.035532
1254.498237	0.000000	174.750000	44.848265	-0.108309	0.074234
1229.776004	0.000000	175.000000	44.848265	-0.058226	0.094267
1383.071169	0.000000	175.250000	46.297573	0.334872	-0.003609
1467.417608	0.000000	175.500000	46.297573	0.163971	-0.071970
1509.877062	0.000000	175.750000	46.297573	0.077831	-0.106426
1530.294740	0.000000	176.000000	46.297573	0.036382	-0.123005
1174.353242	0.000000	176.250000	43.129643	-0.766543	0.099589
1015.647756	0.000000	176.500000	43.129643	-0.444664	0.228341
931.112007	0.000000	176.750000	43.129643	-0.273632	0.296754
881.804302	0.000000	177.000000	43.129643	-0.174007	0.336603
954.446364	0.000000	177.250000	44.348016	0.250982	0.306340
1002.607896	0.000000	177.500000	44.348016	0.153811	0.267471
1033.002995	0.000000	177.750000	44.348016	0.092436	0.242921
1051.592732	0.000000	178.000000	44.348016	0.054881	0.227899
1120.027198	0.000000	178.250000	44.903708	0.191345	0.184198
1161.196983	0.000000	178.500000	44.903708	0.108124	0.150909
1184.926386	0.000000	178.750000	44.903708	0.060125	0.131710
1198.267127	0.000000	179.000000	44.903708	0.033130	0.120912
1264.419985	0.000000	179.250000	45.423564	0.156940	0.077454
1301.142204	0.000000	179.500000	45.423564	0.082592	0.047715
1320.751769	0.000000	179.750000	45.423564	0.042867	0.031826
1331.006697	0.000000	180.000000	45.423564	0.022087	0.023513
800.739038	0.000000	180.250000	33.457300	-1.604468	0.060706
573.014324	0.000000	180.500000	33.457300	-1.142719	0.245405
446.379491	0.000000	180.750000	33.457300	-0.886861	0.347749
365.748797	0.000000	181.000000	33.457300	-0.724290	0.412777
311.186734	0.000000	181.250000	34.647809	-0.596507	0.506465
271.033470	0.000000	181.500000	34.647809	-0.515742	0.538771
240.247759	0.000000	181.750000	34.647809	-0.453863	0.563522
215.894460	0.000000	182.000000	34.647809	-0.404940	0.583091
195.584858	0.000000	182.250000	33.943759	-0.376289	0.570132
178.827742	0.000000	182.500000	33.943759	-0.342652	0.583587
164.766088	0.000000	182.750000	33.943759	-0.314434	0.594874
152.798028	0.000000	183.000000	33.943759	-0.290424	0.604479
142.309441	0.000000	183.250000	33.510405	-0.274608	0.594674
133.190525	0.000000	183.500000	33.510405	-0.256321	0.601989
125.189458	0.000000	183.750000	33.510405	-0.240278	0.608406
118.112585	0.000000	184.000000	33.510405	-0.226090	0.614081
112.823665	0.000000	184.250000	35.402255	-0.178252	0.696616
108.042880	0.000000	184.500000	35.402255	-0.168672	0.700449
103.700650	0.000000	184.750000	35.402255	-0.159971	0.703929
99.739545	0.000000	185.000000	35.402255	-0.152034	0.707103
95.139794	0.000000	185.250000	33.009116	-0.184509	0.611264
90.951556	0.000000	185.500000	33.009116	-0.176117	0.614621
87.121975	0.000000	185.750000	33.009116	-0.168445	0.617690
83.606875	0.000000	186.000000	33.009116	-0.161403	0.620507
80.417930	0.000000	186.250000	33.308545	-0.152531	0.635763
77.469305	0.000000	186.500000	33.308545	-0.146624	0.638126
74.734825	0.000000	186.750000	33.308545	-0.141147	0.640317
72.191985	0.000000	187.000000	33.308545	-0.136054	0.642354
69.803448	0.000000	187.250000	33.189978	-0.132314	0.639244
67.571894	0.000000	187.500000	33.189978	-0.127845	0.641032
65.482344	0.000000	187.750000	33.189978	-0.123660	0.642706
63.521664	0.000000	188.000000	33.189978	-0.119734	0.644276
61.862114	0.000000	188.250000	34.202366	-0.104313	0.688179
60.294526	0.000000	188.500000	34.202366	-0.101175	0.689435
58.811480	0.000000	188.750000	34.202366	-0.098205	0.690622
57.406332	0.000000	189.000000	34.202366	-0.095392	0.691748
55.830800	0.000000	189.250000	32.333221	-0.109816	0.613921
54.340130	0.000000	189.500000	32.333221	-0.106832	0.615115
52.927648	0.000000	189.750000	32.333221	-0.104004	0.616246
51.587359	0.000000	190.000000	32.333221	-0.101320	0.617319
50.395076	0.000000	190.250000	33.309853	-0.092397	0.659867
49.259005	0.000000	190.500000	33.309853	-0.090122	0.660777
48.175265	0.000000	190.750000	33.309853	-0.087953	0.661645
47.140324	0.000000	191.000000	33.309853	-0.085881	0.662474
46.016425	0.000000	191.250000	29.734325	-0.095450	0.510189
44.943986	0.000000	191.500000	29.734325	-0.093304	0.511047
43.919552	0.000000	191.750000	29.734325	-0.091253	0.511868
42.939970	0.000000	192.000000	29.734325	-0.089292	0.512652
42.059395	0.000000	192.250000	32.376539	-0.082041	0.626803
41.214647	0.000000	192.500000	32.376539	-0.080350	0.627479
40.403584	0.000000	192.750000	32.376539	-0.078727	0.628128
39.624231	0.000000	193.000000	32.376539	-0.077167	0.628752
38.913867	0.000000	193.250000	33.039128	-0.071683	0.657579
38.229563	0.000000	193.500000	33.039128	-0.070313	0.658127
37.569911	0.000000	193.750000	33.039128	-0.068993	0.658655
36.933604	0.000000	194.000000	33.039128	-0.067719	0.659164
36.243611	0.000000	194.250000	30.862388	-0.074776	0.566422
35.578556	0.000000	194.500000	30.862388	-0.073445	0.566954
34.937112	0.000000	194.750000	30.862388	-0.072161	0.567468
34.318044	0.000000	195.000000	30.862388	-0.070922	0.567963
33.930598	0.000000	195.250000	34.398103	-0.045046	0.718680
33.553935	0.000000	195.500000	34.398103	-0.044292	0.718981
33.187616	0.000000	195.750000	34.398103	-0.043559	0.719274
32.831228	0.000000	196.000000	34.398103	-0.042846	0.719560
32.491950	0.000000	196.250000	34.449052	-0.041227	0.721943
32.161562	0.000000	196.500000	34.449052	-0.040566	0.722208
31.839724	0.000000	196.750000	34.449052	-0.039922	0.722465
31.526114	0.000000	197.000000	34.449052	-0.039294	0.722716
31.069959	0.000000	197.250000	32.769789	-0.057863	0.652396
30.627284	0.000000	197.500000	32.769789	-0.056978	0.652751
30.197501	0.000000	197.750000	32.769789	-0.056118	0.653095
29.780055	0.000000	198.000000	32.769789	-0.055282	0.653429
29.353365	0.000000	198.250000	32.221203	-0.057319	0.630324
28.938873	0.000000	198.500000	32.221203	-0.056490	0.630656
28.536063	0.000000	198.750000	32.221203	-0.055683	0.630978
28.144448	0.000000	199.000000	32.221203	-0.054900	0.631292
27.797244	0.000000	199.250000	33.054017	-0.049321	0.667111
27.459028	0.000000	199.500000	33.054017	-0.048644	0.667381
27.129456	0.000000	199.750000	33.054017	-0.047985	0.667645
26.808200	0.000000	200.000000	33.054017	-0.047342	0.667902
29.594630	0.000000	200.250000	60.445148	0.392831	0.917308
32.623236	0.000000	200.500000	60.445148	0.386784	0.914889
35.905104	0.000000	200.750000	60.445148	0.380230	0.912268
39.449756	0.000000	201.000000	60.445148	0.373151	0.909436
48.009973	0.000000	201.250000	58.773787	0.777087	0.954491
58.155520	0.000000	201.500000	58.773787	0.756863	0.946401
70.058274	0.000000	201.750000	58.773787	0.733130	0.936909
83.857036	0.000000	202.000000	58.773787	0.705611	0.925901
110.249839	0.000000	202.250000	57.598854	1.068334	0.937052
142.830617	0.000000	202.500000	57.598854	1.003427	0.911089
181.759822	0.000000	202.750000	57.598854	0.925817	0.880045
226.502423	0.000000	203.000000	57.598854	0.836543	0.844336
246.914635	0.000000	203.250000	58.951228	0.325647	0.790374
266.485225	0.000000	203.500000	58.951228	0.286466	0.774702
284.886256	0.000000	203.750000	58.951228	0.249611	0.759960
301.872863	0.000000	204.000000	58.951228	0.215578	0.746347
303.900372	0.000000	204.250000	59.630942	0.024873	0.723954
305.652977	0.000000	204.500000	59.630942	0.021357	0.722548
307.165289	0.000000	204.750000	59.630942	0.018324	0.721335
308.468275	0.000000	205.000000	59.630942	0.015710	0.720289
338.737698	0.000000	205.250000	58.318259	0.345671	0.735100
366.600638	0.000000	205.500000	58.318259	0.289837	0.712767
391.545784	0.000000	205.750000	58.318259	0.239824	0.692761
413.329362	0.000000	206.000000	58.318259	0.196128	0.675283
474.109842	0.000000	206.250000	57.230537	0.491176	0.655656
528.355593	0.000000	206.500000	57.230537	0.382377	0.612137
574.226983	0.000000	206.750000	57.230537	0.290282	0.575299
611.280341	0.000000	207.000000	57.230537	0.215829	0.545518
655.110069	0.000000	207.250000	56.975978	0.236511	0.516694
688.666086	0.000000	207.500000	56.975978	0.169015	0.489695
713.502269	0.000000	207.750000	56.975978	0.119029	0.469701
731.428180	0.000000	208.000000	56.975978	0.082936	0.455263
563.810156	0.000000	208.250000	61.824371	-0.894708	0.440244
463.686259	0.000000	208.500000	61.824371	-0.692628	0.521076
397.220103	0.000000	208.750000	61.824371	-0.558704	0.574646
349.953809	0.000000	209.000000	61.824371	-0.463575	0.612697
403.400753	0.000000	209.250000	57.511574	0.517563	0.705118
453.124589	0.000000	209.500000	57.511574	0.417922	0.665262
497.155203	0.000000	209.750000	57.511574	0.329607	0.629935
534.471312	0.000000	210.000000	57.511574	0.254698	0.599972
503.957071	0.000000	210.250000	59.008665	-0.207292	0.582313
481.461350	0.000000	210.500000	59.008665	-0.162036	0.600415
464.492765	0.000000	210.750000	59.008665	-0.127913	0.614064
451.470869	0.000000	211.000000	59.008665	-0.101735	0.624535
406.809437	0.000000	211.250000	60.510669	-0.375896	0.612710
373.687167	0.000000	211.500000	60.510669	-0.309278	0.639357
348.279436	0.000000	211.750000	60.510669	-0.258207	0.659786
328.280288	0.000000	212.000000	60.510669	-0.218025	0.675858
312.529017	0.000000	212.250000	60.488101	-0.182048	0.689266
299.660190	0.000000	212.500000	60.488101	-0.156210	0.699601
289.008979	0.000000	212.750000	60.488101	-0.134829	0.708154
280.098126	0.000000	213.000000	60.488101	-0.116945	0.715307
391.295455	0.000000	213.250000	55.967613	1.227782	0.751456
515.169309	0.000000	213.500000	55.967613	0.980279	0.652455
637.383343	0.000000	213.750000	55.967613	0.735491	0.554540
744.334293	0.000000	214.000000	55.967613	0.520781	0.468656
598.275959	0.000000	214.250000	60.426850	-0.745521	0.461138
509.124486	0.000000	214.500000	60.426850	-0.565639	0.533091
449.369179	0.000000	214.750000	60.426850	-0.445251	0.581246
406.765878	0.000000	215.000000	60.426850	-0.359506	0.615544
392.229409	0.000000	215.250000	59.550666	-0.132116	0.655541
380.674028	0.000000	215.500000	59.550666	-0.108902	0.664827
371.380518	0.000000	215.750000	59.550666	-0.090235	0.672293
363.835705	0.000000	216.000000	59.550666	-0.075084	0.678354
371.053214	0.000000	216.250000	58.968081	0.071818	0.690354
377.157901	0.000000	216.500000	58.968081	0.059567	0.685454
382.289799	0.000000	216.750000	58.968081	0.049267	0.681333
386.581746	0.000000	217.000000	58.968081	0.040652	0.677887
425.593994	0.000000	217.250000	57.832548	0.347729	0.678834
460.006223	0.000000	217.500000	57.832548	0.278707	0.651226
489.336373	0.000000	217.750000	57.832548	0.219841	0.627679
513.612278	0.000000	218.000000	57.832548	0.171093	0.608180
480.703916	0.000000	218.250000	59.268408	-0.234809	0.593133
456.329318	0.000000	218.500000	59.268408	-0.185780	0.612745
437.821913	0.000000	218.750000	59.268408	-0.148568	0.627630
423.502942	0.000000	219.000000	59.268408	-0.119787	0.639142
400.338687	0.000000	219.250000	59.773047	-0.203659	0.642006
382.329630	0.000000	219.500000	59.773047	-0.167466	0.656484
368.070736	0.000000	219.750000	59.773047	-0.138819	0.667942
356.617156	0.000000	220.000000	59.773047	-0.115814	0.677144
472.819753	0.000000	220.250000	56.071564	1.015330	0.684071
590.886237	0.000000	220.500000	56.071564	0.779000	0.589539
697.723722	0.000000	220.750000	56.071564	0.564665	0.503805
784.729686	0.000000	221.000000	56.071564	0.389776	0.433849
747.542053	0.000000	221.250000	57.478802	-0.160870	0.429322
723.004629	0.000000	221.500000	57.478802	-0.111400	0.449111
706.399092	0.000000	221.750000	57.478802	-0.077935	0.462497
694.968042	0.000000	222.000000	57.478802	-0.054904	0.471709
658.612996	0.000000	222.250000	57.996695	-0.182128	0.486999
633.662108	0.000000	222.500000	57.996695	-0.131863	0.507105
616.093759	0.000000	222.750000	57.996695	-0.096486	0.521256
603.499332	0.000000	223.000000	57.996695	-0.071132	0.531397
669.154929	0.000000	223.250000	56.651779	0.352127	0.513327
720.557074	0.000000	223.500000	56.651779	0.248761	0.471981
758.776702	0.000000	223.750000	56.651779	0.171835	0.441210
786.118299	0.000000	224.000000	56.651779	0.116768	0.419183
817.658295	0.000000	224.250000	56.486409	0.128755	0.397732
839.329770	0.000000	224.500000	56.486409	0.085075	0.380260
853.894518	0.000000	224.750000	56.486409	0.055708	0.368513
863.538002	0.000000	225.000000	56.486409	0.036259	0.360733
737.910789	0.000000	225.250000	58.498866	-0.518629	0.408731
662.154101	0.000000	225.500000	58.498866	-0.365714	0.469897
612.687109	0.000000	225.750000	58.498866	-0.265990	0.509787
578.688517	0.000000	226.000000	58.498866	-0.197507	0.537180
598.946144	0.000000	226.250000	57.526967	0.118959	0.547743
614.424105	0.000000	226.500000	57.526967	0.087831	0.535291
626.066661	0.000000	226.750000	57.526967	0.064410	0.525923
634.721622	0.000000	227.000000	57.526967	0.046995	0.518957
665.368658	0.000000	227.250000	57.104506	0.160454	0.505215
688.265337	0.000000	227.500000	57.104506	0.114381	0.486786
704.980030	0.000000	227.750000	57.104506	0.080735	0.473327
716.976652	0.000000	228.000000	57.104506	0.056579	0.463665
841.530359	0.000000	228.250000	55.556305	0.525332	0.399344
935.166801	0.000000	228.500000	55.556305	0.336795	0.323929
999.251462	0.000000	228.750000	55.556305	0.207556	0.272234
1040.342344	0.000000	229.000000	55.556305	0.124600	0.239051
925.982733	0.000000	229.250000	57.107066	-0.366304	0.294884
860.772715	0.000000	229.500000	57.107066	-0.234516	0.347600
820.930169	0.000000	229.750000	57.107066	-0.154080	0.379774
795.552209	0.000000	230.000000	57.107066	-0.102879	0.400254
768.322241	0.000000	230.250000	57.265226	-0.114884	0.418154
750.326589	0.000000	230.500000	57.265226	-0.078601	0.432667
738.211029	0.000000	230.750000	57.265226	-0.054180	0.442435
729.952051	0.000000	231.000000	57.265226	-0.037537	0.449093
653.482266	0.000000	231.250000	58.578140	-0.374412	0.474586
603.442440	0.000000	231.500000	58.578140	-0.273538	0.514935
568.956247	0.000000	231.750000	58.578140	-0.204078	0.542720
544.332286	0.000000	232.000000	58.578140	-0.154510	0.562546
626.481262	0.000000	232.250000	56.547622	0.485200	0.550095
694.394482	0.000000	232.500000	56.547622	0.348758	0.495518
746.862789	0.000000	232.750000	56.547622	0.243219	0.453303
785.317176	0.000000	233.000000	56.547622	0.165798	0.422334
742.195617	0.000000	233.250000	57.571452	-0.187300	0.431172
713.863172	0.000000	233.500000	57.571452	-0.130176	0.454022
694.695049	0.000000	233.750000	57.571452	-0.091548	0.469473
681.468992	0.000000	234.000000	57.571452	-0.064902	0.480131
851.645813	0.000000	234.250000	55.096108	0.732267	0.400534
985.755115	0.000000	234.500000	55.096108	0.462380	0.292579
1078.258666	0.000000	234.750000	55.096108	0.275799	0.217946
1136.353622	0.000000	235.000000	55.096108	0.158443	0.171004
994.343388	0.000000	235.250000	56.893272	-0.411654	0.245014
917.150077	0.000000	235.500000	56.893272	-0.255524	0.307466
871.579611	0.000000	235.750000	56.893272	-0.163468	0.344289
843.357601	0.000000	236.000000	56.893272	-0.106499	0.367076
767.888436	0.000000	236.250000	57.746975	-0.308084	0.405703
720.482764	0.000000	236.500000	57.746975	-0.212441	0.443961
689.198536	0.000000	236.750000	57.746975	-0.149373	0.469188
667.875631	0.000000	237.000000	57.746975	-0.106409	0.486374
707.086147	0.000000	237.250000	56.838658	0.192218	0.478273
736.014844	0.000000	237.500000	56.838658	0.133989	0.454981
756.742001	0.000000	237.750000	56.838658	0.092248	0.438285
771.283275	0.000000	238.000000	56.838658	0.062954	0.426567
792.537583	0.000000	238.250000	56.683552	0.089475	0.413239
807.175034	0.000000	238.500000	56.683552	0.059976	0.401439
817.105935	0.000000	238.750000	56.683552	0.039957	0.393432
823.775453	0.000000	239.000000	56.683552	0.026511	0.388053
798.957522	0.000000	239.250000	57.084644	-0.100138	0.398079
782.744240	0.000000	239.500000	57.084644	-0.067440	0.411158
771.973538	0.000000	239.750000	57.084644	-0.045724	0.419844
764.738654	0.000000	240.000000	57.084644	-0.031140	0.425678
552.834001	0.000000	240.250000	69.929086	-1.114977	0.116698
432.810421	0.000000	240.500000	69.929086	-0.872542	0.213672
355.556304	0.000000	240.750000	69.929086	-0.716806	0.275966
301.667993	0.000000	241.000000	69.929086	-0.608316	0.319362
263.866413	0.000000	241.250000	65.326522	-0.500787	0.545593
234.667627	0.000000	241.500000	65.326522	-0.442105	0.569065
211.435476	0.000000	241.750000	65.326522	-0.395439	0.587732
192.511048	0.000000	242.000000	65.326522	-0.357443	0.602930
175.924464	0.000000	242.250000	66.792187	-0.344919	0.554898
161.993518	0.000000	242.500000	66.792187	-0.316963	0.566080
150.127721	0.000000	242.750000	66.792187	-0.293159	0.575602
139.899565	0.000000	243.000000	66.792187	-0.272644	0.583808
131.102800	0.000000	243.250000	66.430021	-0.251499	0.606176
123.366963	0.000000	243.500000	66.430021	-0.235989	0.612380
116.511065	0.000000	243.750000	66.430021	-0.222245	0.617878
110.393071	0.000000	244.000000	66.430021	-0.209982	0.622783
104.687084	0.000000	244.250000	67.507828	-0.206899	0.581573
99.545259	0.000000	244.500000	67.507828	-0.196594	0.585695
94.887870	0.000000	244.750000	67.507828	-0.187261	0.589428
90.649535	0.000000	245.000000	67.507828	-0.178769	0.592825
87.239933	0.000000	245.250000	65.513093	-0.150123	0.679665
84.096130	0.000000	245.500000	65.513093	-0.143825	0.682184
81.188263	0.000000	245.750000	65.513093	-0.138001	0.684514
78.490782	0.000000	246.000000	65.513093	-0.132598	0.686675
75.726867	0.000000	246.250000	66.452785	-0.140770	0.649606
73.157688	0.000000	246.500000	66.452785	-0.135624	0.651665
70.763373	0.000000	246.750000	66.452785	-0.130829	0.653583
68.526665	0.000000	247.000000	66.452785	-0.126349	0.655374
66.695813	0.000000	247.250000	65.392616	-0.106582	0.701104
64.971571	0.000000	247.500000	65.392616	-0.103129	0.702485
63.344925	0.000000	247.750000	65.392616	-0.099872	0.703788
61.807851	0.000000	248.000000	65.392616	-0.096795	0.705019
60.353902	0.000000	248.250000	65.390258	-0.093835	0.706280
58.975880	0.000000	248.500000	65.390258	-0.091076	0.707384
57.668018	0.000000	248.750000	65.390258	-0.088458	0.708431
56.425118	0.000000	249.000000	65.390258	-0.085969	0.709427
55.039012	0.000000	249.250000	66.346807	-0.098169	0.670643
53.723220	0.000000	249.500000	66.346807	-0.095535	0.671696
52.472530	0.000000	249.750000	66.346807	-0.093031	0.672698
51.282232	0.000000	250.000000	66.346807	-0.090648	0.673651
