Nr	Nb	time	environment	abf_r	abf_b
250.000000	250.000000	0.000000	0.000000	0.000000	0.000000
433.254240	270.137008	0.250000	53.738421	2.006341	0.217690
672.786579	277.704194	0.500000	53.738421	1.522540	0.010989
922.184062	271.516554	0.750000	53.738421	1.027731	-0.176968
1128.622607	254.963635	1.000000	53.738421	0.625574	-0.310282
1306.949128	232.844496	1.250000	53.399612	0.435694	-0.405095
1416.134394	209.101431	1.500000	53.399612	0.233960	-0.445890
1478.341186	186.812046	1.750000	53.399612	0.125973	-0.451564
1513.532961	167.074882	2.000000	53.399612	0.070635	-0.440450
1756.938285	147.125939	2.250000	50.675957	0.393809	-0.573151
1875.697903	126.388837	2.500000	50.675957	0.169190	-0.628118
1929.506544	107.865177	2.750000	50.675957	0.074720	-0.634694
1954.694972	92.154299	3.000000	50.675957	0.036229	-0.623603
1911.761236	79.436724	3.250000	51.672905	-0.049906	-0.568580
1898.275052	69.219626	3.500000	51.672905	-0.014048	-0.537005
1895.335237	60.687521	3.750000	51.672905	-0.001075	-0.517434
1896.100789	53.425020	4.000000	51.672905	0.003304	-0.503443
1779.135141	47.708585	4.250000	52.888599	-0.157562	-0.409456
1734.570282	43.351640	4.500000	52.888599	-0.063241	-0.364376
1717.124231	39.699950	4.750000	52.888599	-0.024752	-0.342828
1710.566800	36.499613	5.000000	52.888599	-0.008799	-0.331057
1713.178296	33.620616	5.250000	52.846623	0.004869	-0.326854
1714.917398	30.998144	5.500000	52.846623	0.003469	-0.323000
1716.229113	28.607448	5.750000	52.846623	0.002749	-0.319264
1717.308812	26.425044	6.000000	52.846623	0.002332	-0.315758
1781.567973	24.288486	6.250000	52.238885	0.093930	-0.356706
1809.224471	22.155023	6.500000	52.238885	0.039373	-0.374942
1821.047530	20.154754	6.750000	52.238885	0.016929	-0.380553
1826.284886	18.323136	7.000000	52.238885	0.007757	-0.381139
1840.979307	16.641183	7.250000	52.110638	0.020468	-0.388430
1847.256769	15.096017	7.500000	52.110638	0.008942	-0.390440
1850.109386	13.692606	7.750000	52.110638	0.004276	-0.389944
1851.562012	12.422866	8.000000	52.110638	0.002354	-0.388575
1799.858458	11.331134	8.250000	52.630559	-0.070483	-0.349965
1779.533632	10.410081	8.500000	52.630559	-0.028337	-0.331555
1771.461301	9.593470	8.750000	52.630559	-0.011235	-0.323339
1768.325095	8.853623	9.000000	52.630559	-0.004246	-0.319299
1666.919140	8.252301	9.250000	53.491395	-0.152415	-0.247358
1624.992812	7.797536	9.500000	53.491395	-0.066753	-0.212326
1606.852794	7.411239	9.750000	53.491395	-0.029558	-0.196797
1598.882096	7.062805	10.000000	53.491395	-0.013074	-0.189617
1413.265072	6.843379	10.250000	54.957532	-0.339353	-0.064397
1330.446192	6.800366	10.500000	54.957532	-0.171176	0.002950
1289.903394	6.837668	10.750000	54.957532	-0.088997	0.035761
1269.148803	6.915620	11.000000	54.957532	-0.047002	0.052429
1466.306400	6.902866	11.250000	53.150127	0.404066	-0.076753
1572.571651	6.688366	11.500000	53.150127	0.188773	-0.162514
1623.805117	6.383728	11.750000	53.150127	0.084973	-0.203524
1647.212798	6.050683	12.000000	53.150127	0.037671	-0.221886
1778.238288	5.655478	12.250000	51.984904	0.195624	-0.314064
1835.539692	5.193109	12.500000	51.984904	0.079388	-0.359782
1859.117724	4.733452	12.750000	51.984904	0.031741	-0.378068
1868.626725	4.302086	13.000000	51.984904	0.012719	-0.384951
1888.510961	3.899988	13.250000	51.797715	0.026108	-0.398678
1896.404686	3.526989	13.500000	51.797715	0.010325	-0.404363
1899.559923	3.186942	13.750000	51.797715	0.004171	-0.406252
1900.860913	2.878945	14.000000	51.797715	0.001771	-0.406694
1901.677367	2.600576	14.250000	51.794780	0.001138	-0.406775
1902.057419	2.349168	14.500000	51.794780	0.000569	-0.406579
1902.262470	2.122200	14.750000	51.794780	0.000336	-0.406290
1902.394230	1.917305	15.000000	51.794780	0.000235	-0.405986
1905.168113	1.731877	15.250000	51.762054	0.003614	-0.407598
1906.282418	1.563952	15.500000	51.762054	0.001480	-0.408169
1906.751164	1.412213	15.750000	51.762054	0.000648	-0.408246
1906.967052	1.275205	16.000000	51.762054	0.000320	-0.408147
1868.065347	1.155841	16.250000	52.199885	-0.050593	-0.380283
1853.051371	1.052966	16.500000	52.199885	-0.019911	-0.367837
1847.167857	0.961166	16.750000	52.199885	-0.007849	-0.362858
1844.858283	0.878078	17.000000	52.199885	-0.003075	-0.360809
1876.891220	0.799942	17.250000	51.833420	0.042452	-0.383282
1889.613260	0.725740	17.500000	51.833420	0.016588	-0.393503
1894.602766	0.657357	17.750000	51.833420	0.006475	-0.397433
1896.557547	0.595052	18.000000	51.833420	0.002542	-0.398901
1896.162883	0.538591	18.250000	51.847305	-0.000491	-0.398587
1896.063184	0.000000	18.500000	51.847305	0.000153	-0.397423
1896.109029	0.000000	18.750000	51.847305	0.000059	-0.397461
1896.126794	0.000000	19.000000	51.847305	0.000023	-0.397475
1948.463007	0.000000	19.250000	51.090409	0.065885	-0.434828
1968.645915	0.000000	19.500000	51.090409	0.024731	-0.451290
1976.249433	0.000000	19.750000	51.090409	0.009222	-0.457494
1979.088616	0.000000	20.000000	51.090409	0.003430	-0.459810
2005.258529	0.000000	20.250000	49.580966	0.031218	-0.478695
2014.960164	0.000000	20.500000	49.580966	0.011423	-0.486613
2018.516053	0.000000	20.750000	49.580966	0.004167	-0.489516
2019.813933	0.000000	21.000000	49.580966	0.001518	-0.490575
2021.508917	0.000000	21.250000	49.643425	0.001980	-0.491840
2022.126204	0.000000	21.500000	49.643425	0.000721	-0.492344
2022.350847	0.000000	21.750000	49.643425	0.000262	-0.492527
2022.432577	0.000000	22.000000	49.643425	0.000095	-0.492594
2021.153525	0.000000	22.250000	49.576889	-0.001493	-0.491677
2020.688170	0.000000	22.500000	49.576889	-0.000544	-0.491298
2020.518767	0.000000	22.750000	49.576889	-0.000198	-0.491159
2020.457088	0.000000	23.000000	49.576889	-0.000072	-0.491109
2008.772741	0.000000	23.250000	49.197099	-0.013727	-0.482711
2004.512591	0.000000	23.500000	49.197099	-0.005034	-0.479234
2002.951509	0.000000	23.750000	49.197099	-0.001849	-0.477960
2002.378416	0.000000	24.000000	49.197099	-0.000679	-0.477492
1901.822448	0.000000	24.250000	47.780812	-0.124773	-0.405692
1864.519349	0.000000	24.500000	47.780812	-0.048716	-0.375269
1850.062366	0.000000	24.750000	47.780812	-0.019255	-0.363485
1844.365003	0.000000	25.000000	47.780812	-0.007647	-0.358841
1780.387722	0.000000	25.250000	47.193762	-0.088682	-0.313521
1754.844837	0.000000	25.500000	47.193762	-0.036669	-0.292716
1744.343617	0.000000	25.750000	47.193762	-0.015293	-0.284165
1739.974474	0.000000	26.000000	47.193762	-0.006401	-0.280608
1657.493656	0.000000	26.250000	46.509748	-0.126003	-0.223099
1622.849979	0.000000	26.500000	46.509748	-0.055538	-0.194913
1607.717249	0.000000	26.750000	46.509748	-0.024774	-0.182607
1600.994232	0.000000	27.000000	46.509748	-0.011109	-0.177141
1845.948883	0.000000	27.250000	50.343071	0.360397	-0.348757
1954.722563	0.000000	27.500000	50.343071	0.138952	-0.437334
1997.532117	0.000000	27.750000	50.343071	0.051666	-0.472249
2013.570671	0.000000	28.000000	50.343071	0.018945	-0.485337
1805.256546	0.000000	28.250000	46.873082	-0.269420	-0.338121
1727.815546	0.000000	28.500000	46.873082	-0.111627	-0.275004
1696.290624	0.000000	28.750000	46.873082	-0.047463	-0.249339
1682.987329	0.000000	29.000000	46.873082	-0.020399	-0.238513
1828.863255	0.000000	29.250000	48.430036	0.209609	-0.340439
1891.262037	0.000000	29.500000	48.430036	0.082561	-0.391258
1916.147483	0.000000	29.750000	48.430036	0.031848	-0.411543
1925.792987	0.000000	30.000000	48.430036	0.012185	-0.419409
1932.752155	0.000000	30.250000	48.474826	0.008735	-0.424752
1935.407360	0.000000	30.500000	48.474826	0.003321	-0.426918
1936.417307	0.000000	30.750000	48.474826	0.001261	-0.427742
1936.801005	0.000000	31.000000	48.474826	0.000479	-0.428054
1981.403895	0.000000	31.250000	50.699735	0.054553	-0.459999
1998.264289	0.000000	31.500000	50.699735	0.020161	-0.473756
2004.513720	0.000000	31.750000	50.699735	0.007410	-0.478856
2006.813209	0.000000	32.000000	50.699735	0.002718	-0.480733
1865.578254	0.000000	32.250000	47.415912	-0.177958	-0.380218
1813.130906	0.000000	32.500000	47.415912	-0.071050	-0.337455
1792.419533	0.000000	32.750000	47.415912	-0.028863	-0.320580
1784.043387	0.000000	33.000000	47.415912	-0.011807	-0.313757
1924.130024	0.000000	33.250000	50.559307	0.185523	-0.412875
1980.921056	0.000000	33.500000	50.559307	0.069775	-0.459174
2002.500451	0.000000	33.750000	50.559307	0.025759	-0.476780
2010.496893	0.000000	34.000000	50.559307	0.009443	-0.483307
1829.826834	0.000000	34.250000	47.088242	-0.231207	-0.355204
1762.674569	0.000000	34.500000	47.088242	-0.094357	-0.300464
1735.670838	0.000000	34.750000	47.088242	-0.039378	-0.278472
1724.470960	0.000000	35.000000	47.088242	-0.016585	-0.269355
1792.927164	0.000000	35.250000	47.785130	0.098504	-0.316901
1821.728083	0.000000	35.500000	47.785130	0.039872	-0.340354
1833.457609	0.000000	35.750000	47.785130	0.015983	-0.349909
1838.171166	0.000000	36.000000	47.785130	0.006382	-0.353750
1931.525533	0.000000	36.250000	50.965265	0.120855	-0.420398
1968.472772	0.000000	36.500000	50.965265	0.045536	-0.450525
1982.487864	0.000000	36.750000	50.965265	0.016951	-0.461959
1987.718147	0.000000	37.000000	50.965265	0.006282	-0.466227
2004.433485	0.000000	37.250000	49.419756	0.019890	-0.478416
2010.609583	0.000000	37.500000	49.419756	0.007288	-0.483457
2012.875090	0.000000	37.750000	49.419756	0.002665	-0.485306
2013.703909	0.000000	38.000000	49.419756	0.000974	-0.485983
1872.759963	0.000000	38.250000	47.459631	-0.176599	-0.385557
1820.590487	0.000000	38.500000	47.459631	-0.070249	-0.343017
1800.061146	0.000000	38.750000	47.459631	-0.028430	-0.326289
1791.789288	0.000000	39.000000	47.459631	-0.011585	-0.319551
1853.119267	0.000000	39.250000	48.138664	0.083699	-0.362549
1878.052186	0.000000	39.500000	48.138664	0.032909	-0.382865
1887.904298	0.000000	39.750000	48.138664	0.012832	-0.390895
1891.753456	0.000000	40.000000	48.138664	0.004988	-0.394033
1854.444753	0.000000	40.250000	47.717553	-0.049123	-0.367722
1839.913903	0.000000	40.500000	47.717553	-0.019514	-0.355878
1834.158684	0.000000	40.750000	47.717553	-0.007790	-0.351189
1831.864092	0.000000	41.000000	47.717553	-0.003115	-0.349319
1837.770273	0.000000	41.250000	47.787593	0.008003	-0.353397
1840.132615	0.000000	41.500000	47.787593	0.003191	-0.355322
1841.074945	0.000000	41.750000	47.787593	0.001271	-0.356090
1841.450432	0.000000	42.000000	47.787593	0.000506	-0.356396
1947.568182	0.000000	42.250000	49.423749	0.136217	-0.432023
1989.442314	0.000000	42.500000	49.423749	0.050844	-0.466172
2005.189211	0.000000	42.750000	49.423749	0.018721	-0.479022
2011.003048	0.000000	43.000000	49.423749	0.006858	-0.483767
1913.987603	0.000000	43.250000	47.874738	-0.119368	-0.414656
1878.156738	0.000000	43.500000	47.874738	-0.046304	-0.385430
1864.354675	0.000000	43.750000	47.874738	-0.018174	-0.374178
1858.952387	0.000000	44.000000	47.874738	-0.007166	-0.369775
1780.745548	0.000000	44.250000	47.146873	-0.107835	-0.314417
1749.716989	0.000000	44.500000	47.146873	-0.044648	-0.289143
1736.959454	0.000000	44.750000	47.146873	-0.018681	-0.278756
1731.637474	0.000000	45.000000	47.146873	-0.007850	-0.274423
1846.430735	0.000000	45.250000	48.376411	0.160642	-0.355145
1894.388463	0.000000	45.500000	48.376411	0.062970	-0.394214
1913.366615	0.000000	45.750000	48.376411	0.024293	-0.409685
1920.714763	0.000000	46.000000	48.376411	0.009313	-0.415677
1939.687139	0.000000	46.250000	48.603120	0.023779	-0.429509
1946.936183	0.000000	46.500000	48.603120	0.008997	-0.435421
1949.682705	0.000000	46.750000	48.603120	0.003396	-0.437661
1950.719986	0.000000	47.000000	48.603120	0.001281	-0.438508
1962.228963	0.000000	47.250000	48.779953	0.014133	-0.446780
1966.563599	0.000000	47.500000	48.779953	0.005292	-0.450317
1968.187921	0.000000	47.750000	48.779953	0.001979	-0.451642
1968.795451	0.000000	48.000000	48.779953	0.000739	-0.452138
2005.813115	0.000000	48.250000	49.986185	0.044300	-0.478718
2019.591582	0.000000	48.500000	49.986185	0.016187	-0.489963
2024.638041	0.000000	48.750000	49.986185	0.005888	-0.494083
2026.475397	0.000000	49.000000	49.986185	0.002139	-0.495583
1894.077749	0.000000	49.250000	47.618759	-0.163573	-0.401123
1845.396552	0.000000	49.500000	47.618759	-0.064317	-0.361420
1826.442500	0.000000	49.750000	47.618759	-0.025697	-0.345972
1818.899335	0.000000	50.000000	47.618759	-0.010332	-0.339826
1900.968217	0.000000	50.250000	48.629903	0.108485	-0.397766
1933.810773	0.000000	50.500000	48.629903	0.041553	-0.424538
1946.468703	0.000000	50.750000	48.629903	0.015745	-0.434861
1951.276217	0.000000	51.000000	48.629903	0.005941	-0.438783
1996.387863	0.000000	51.250000	50.333291	0.054536	-0.471299
2013.314367	0.000000	51.500000	50.333291	0.020004	-0.485112
2019.541108	0.000000	51.750000	50.333291	0.007297	-0.490194
2021.815035	0.000000	52.000000	50.333291	0.002657	-0.492051
2019.069134	0.000000	52.250000	50.502862	-0.003210	-0.490157
2018.069628	0.000000	52.500000	50.502862	-0.001170	-0.489341
2017.705379	0.000000	52.750000	50.502862	-0.000427	-0.489044
2017.572579	0.000000	53.000000	50.502862	-0.000156	-0.488935
2016.324893	0.000000	53.250000	50.548257	-0.001462	-0.488034
2015.869848	0.000000	53.500000	50.548257	-0.000534	-0.487662
2015.703798	0.000000	53.750000	50.548257	-0.000195	-0.487527
2015.643194	0.000000	54.000000	50.548257	-0.000071	-0.487477
1792.798274	0.000000	54.250000	46.765317	-0.289724	-0.329510
1709.970950	0.000000	54.500000	46.765317	-0.120969	-0.262008
1676.045637	0.000000	54.750000	46.765317	-0.051930	-0.234393
1661.602613	0.000000	55.000000	46.765317	-0.022552	-0.222642
1854.458797	0.000000	55.250000	49.023569	0.276051	-0.357681
1937.608408	0.000000	55.500000	49.023569	0.106731	-0.425409
1970.271472	0.000000	55.750000	49.023569	0.040140	-0.452045
1982.628673	0.000000	56.000000	49.023569	0.014936	-0.462127
1905.727470	0.000000	56.250000	47.895850	-0.095875	-0.407706
1876.983828	0.000000	56.500000	47.895850	-0.037271	-0.384264
1865.872842	0.000000	56.750000	47.895850	-0.014626	-0.375206
1861.522236	0.000000	57.000000	47.895850	-0.005761	-0.371660
1951.183364	0.000000	57.250000	49.282078	0.114096	-0.435415
1986.252724	0.000000	57.500000	49.282078	0.042591	-0.464017
1999.425960	0.000000	57.750000	49.282078	0.015718	-0.474767
2004.298750	0.000000	58.000000	49.282078	0.005776	-0.478743
1991.931743	0.000000	58.250000	48.957140	-0.014718	-0.470045
1987.385963	0.000000	58.500000	48.957140	-0.005443	-0.466335
1985.706104	0.000000	58.750000	48.957140	-0.002016	-0.464964
1985.084099	0.000000	59.000000	48.957140	-0.000747	-0.464457
1989.835478	0.000000	59.250000	49.059300	0.005696	-0.467841
1991.595623	0.000000	59.500000	49.059300	0.002105	-0.469277
1992.246323	0.000000	59.750000	49.059300	0.000778	-0.469809
1992.486694	0.000000	60.000000	49.059300	0.000287	-0.470005
1921.604380	0.000000	60.250000	48.029642	-0.087442	-0.419369
1895.250107	0.000000	60.500000	48.029642	-0.033701	-0.397873
1885.144237	0.000000	60.750000	48.029642	-0.013102	-0.389633
1881.223303	0.000000	61.000000	48.029642	-0.005110	-0.386436
1971.169830	0.000000	61.250000	49.831034	0.112649	-0.450527
2005.991284	0.000000	61.500000	49.831034	0.041635	-0.478933
2018.939802	0.000000	61.750000	49.831034	0.015215	-0.489501
2023.682299	0.000000	62.000000	49.831034	0.005537	-0.493372
2020.825848	0.000000	62.250000	49.541686	-0.003334	-0.491486
2019.787058	0.000000	62.500000	49.541686	-0.001214	-0.490638
2019.408823	0.000000	62.750000	49.541686	-0.000442	-0.490329
2019.271042	0.000000	63.000000	49.541686	-0.000161	-0.490217
2018.191837	0.000000	63.250000	50.500935	-0.001263	-0.489436
2017.798580	0.000000	63.500000	50.500935	-0.000460	-0.489115
2017.655212	0.000000	63.750000	50.500935	-0.000168	-0.488998
2017.602937	0.000000	64.000000	50.500935	-0.000061	-0.488955
1958.125100	0.000000	64.250000	51.641784	-0.071563	-0.446338
1936.302305	0.000000	64.500000	51.641784	-0.027049	-0.428532
1928.087176	0.000000	64.750000	51.641784	-0.010296	-0.421831
1924.964825	0.000000	65.000000	51.641784	-0.003930	-0.419285
1973.024940	0.000000	65.250000	49.197448	0.059243	-0.453540
1991.295602	0.000000	65.500000	49.197448	0.021977	-0.468446
1998.095375	0.000000	65.750000	49.197448	0.008105	-0.473995
2000.605972	0.000000	66.000000	49.197448	0.002982	-0.476044
2013.088148	0.000000	66.250000	50.426505	0.014732	-0.485101
2017.672471	0.000000	66.500000	50.426505	0.005377	-0.488843
2019.347103	0.000000	66.750000	50.426505	0.001960	-0.490210
2019.957632	0.000000	67.000000	50.426505	0.000714	-0.490708
1945.244377	0.000000	67.250000	48.187859	-0.090354	-0.437234
1917.823545	0.000000	67.500000	48.187859	-0.034425	-0.414863
1907.429811	0.000000	67.750000	48.187859	-0.013234	-0.406386
1903.442141	0.000000	68.000000	48.187859	-0.005105	-0.403135
1955.732563	0.000000	68.250000	51.003965	0.065445	-0.440319
1975.822586	0.000000	68.500000	51.003965	0.024477	-0.456706
1983.363488	0.000000	68.750000	51.003965	0.009095	-0.462859
1986.169191	0.000000	69.000000	51.003965	0.003371	-0.465149
1957.423816	0.000000	69.250000	48.503052	-0.034958	-0.444674
1946.744743	0.000000	69.500000	48.503052	-0.013177	-0.435961
1942.727452	0.000000	69.750000	48.503052	-0.004984	-0.432684
1941.209110	0.000000	70.000000	48.503052	-0.001887	-0.431445
1994.881041	0.000000	70.250000	50.134392	0.065150	-0.469842
2015.104513	0.000000	70.500000	50.134392	0.023893	-0.486345
2022.547043	0.000000	70.750000	50.134392	0.008705	-0.492420
2025.262154	0.000000	71.000000	50.134392	0.003164	-0.494636
1999.200240	0.000000	71.250000	51.049792	-0.030703	-0.476013
1989.705990	0.000000	71.500000	51.049792	-0.011330	-0.468264
1986.208344	0.000000	71.750000	51.049792	-0.004194	-0.465409
1984.914519	0.000000	72.000000	51.049792	-0.001554	-0.464353
2010.125988	0.000000	72.250000	50.261928	0.029951	-0.482405
2019.445819	0.000000	72.500000	50.261928	0.010934	-0.490012
2022.853576	0.000000	72.750000	50.261928	0.003980	-0.492794
2024.094619	0.000000	73.000000	50.261928	0.001447	-0.493807
1997.364507	0.000000	73.250000	51.076858	-0.031528	-0.474654
1987.620520	0.000000	73.500000	51.076858	-0.011646	-0.466702
1984.027496	0.000000	73.750000	51.076858	-0.004315	-0.463769
1982.696991	0.000000	74.000000	51.076858	-0.001601	-0.462684
1983.919919	0.000000	74.250000	48.956195	0.001471	-0.463511
1984.373660	0.000000	74.500000	48.956195	0.000546	-0.463882
1984.541922	0.000000	74.750000	48.956195	0.000202	-0.464019
1984.604306	0.000000	75.000000	48.956195	0.000075	-0.464070
2010.335046	0.000000	75.250000	50.236078	0.030568	-0.482545
2019.847782	0.000000	75.500000	50.236078	0.011158	-0.490309
2023.325634	0.000000	75.750000	50.236078	0.004060	-0.493148
2024.591940	0.000000	76.000000	50.236078	0.001476	-0.494182
2023.012178	0.000000	76.250000	50.369403	-0.001842	-0.493090
2022.438016	0.000000	76.500000	50.369403	-0.000670	-0.492621
2022.229197	0.000000	76.750000	50.369403	-0.000244	-0.492451
2022.153232	0.000000	77.000000	50.369403	-0.000089	-0.492389
2019.571492	0.000000	77.250000	50.487642	-0.003017	-0.490530
2018.631915	0.000000	77.500000	50.487642	-0.001099	-0.489763
2018.289594	0.000000	77.750000	50.487642	-0.000401	-0.489484
2018.164825	0.000000	78.000000	50.487642	-0.000146	-0.489382
2024.041802	0.000000	78.250000	50.056395	0.006863	-0.493603
2026.182872	0.000000	78.500000	50.056395	0.002493	-0.495351
2026.960929	0.000000	78.750000	50.056395	0.000905	-0.495986
2027.243412	0.000000	79.000000	50.056395	0.000328	-0.496217
2015.225727	0.000000	79.250000	50.696151	-0.014047	-0.487587
2010.858654	0.000000	79.500000	50.696151	-0.005135	-0.484023
2009.263518	0.000000	79.750000	50.696151	-0.001880	-0.482720
2008.679776	0.000000	80.000000	50.696151	-0.000688	-0.482244
1894.010950	0.000000	80.250000	47.679830	-0.142503	-0.400395
1851.551639	0.000000	80.500000	47.679830	-0.055936	-0.365769
1835.026872	0.000000	80.750000	47.679830	-0.022265	-0.352300
1828.471608	0.000000	81.000000	47.679830	-0.008911	-0.346959
1855.441964	0.000000	81.250000	47.992391	0.036289	-0.365773
1866.231239	0.000000	81.500000	47.992391	0.014307	-0.374565
1870.494379	0.000000	81.750000	47.992391	0.005621	-0.378040
1872.170626	0.000000	82.000000	47.992391	0.002205	-0.379406
1956.197761	0.000000	82.250000	49.303300	0.106288	-0.439431
1988.900774	0.000000	82.500000	49.303300	0.039603	-0.466105
2001.156998	0.000000	82.750000	49.303300	0.014600	-0.476106
2005.685002	0.000000	83.000000	49.303300	0.005361	-0.479802
1891.235025	0.000000	83.250000	47.663037	-0.142555	-0.398314
1848.797175	0.000000	83.500000	47.663037	-0.056034	-0.363706
1832.258310	0.000000	83.750000	47.663037	-0.022335	-0.350226
1825.688478	0.000000	84.000000	47.663037	-0.008952	-0.344873
1784.461413	0.000000	84.250000	47.296362	-0.057414	-0.315547
1767.871695	0.000000	84.500000	47.296362	-0.023633	-0.302035
1761.068069	0.000000	84.750000	47.296362	-0.009782	-0.296495
1758.256139	0.000000	85.000000	47.296362	-0.004059	-0.294205
1918.596245	0.000000	85.250000	50.298016	0.214891	-0.407824
1984.373731	0.000000	85.500000	50.298016	0.080843	-0.461443
2009.415045	0.000000	85.750000	50.298016	0.029764	-0.481875
2018.674677	0.000000	86.000000	50.298016	0.010870	-0.489432
1884.874387	0.000000	86.250000	47.556895	-0.166436	-0.394311
1835.491017	0.000000	86.500000	47.556895	-0.065756	-0.354039
1816.176049	0.000000	86.750000	47.556895	-0.026406	-0.338299
1808.451266	0.000000	87.000000	47.556895	-0.010672	-0.332005
1803.266850	0.000000	87.250000	47.536880	-0.007200	-0.328009
1801.167232	0.000000	87.500000	47.536880	-0.002924	-0.326299
1800.314873	0.000000	87.750000	47.536880	-0.001188	-0.325605
1799.968515	0.000000	88.000000	47.536880	-0.000483	-0.325322
1911.336146	0.000000	88.250000	48.944618	0.147508	-0.404383
1956.227174	0.000000	88.500000	48.944618	0.056020	-0.440979
1973.417642	0.000000	88.750000	48.944618	0.020963	-0.455001
1979.870489	0.000000	89.000000	48.944618	0.007801	-0.460266
2009.878250	0.000000	89.250000	50.061682	0.035713	-0.482044
2020.993568	0.000000	89.500000	50.061682	0.013033	-0.491117
2025.057530	0.000000	89.750000	50.061682	0.004739	-0.494434
2026.536295	0.000000	90.000000	50.061682	0.001721	-0.495641
1863.237085	0.000000	90.250000	47.331504	-0.204656	-0.379335
1803.057079	0.000000	90.500000	47.331504	-0.081981	-0.330266
1779.253893	0.000000	90.750000	47.331504	-0.033501	-0.310873
1769.577616	0.000000	91.000000	47.331504	-0.013799	-0.302993
1776.375907	0.000000	91.250000	47.431959	0.009698	-0.307323
1779.181216	0.000000	91.500000	47.431959	0.003986	-0.309608
1780.335143	0.000000	91.750000	47.431959	0.001637	-0.310548
1780.809173	0.000000	92.000000	47.431959	0.000672	-0.310934
1802.463711	0.000000	92.250000	47.639778	0.030385	-0.326207
1811.341232	0.000000	92.500000	47.639778	0.012308	-0.333438
1814.944100	0.000000	92.750000	47.639778	0.004971	-0.336373
1816.400295	0.000000	93.000000	47.639778	0.002005	-0.337559
1737.301302	0.000000	93.250000	46.915933	-0.113045	-0.282131
1705.270721	0.000000	93.500000	46.915933	-0.047846	-0.256052
1691.816609	0.000000	93.750000	46.915933	-0.020472	-0.245102
1686.078726	0.000000	94.000000	46.915933	-0.008800	-0.240433
1584.911330	0.000000	94.250000	46.106299	-0.163522	-0.170529
1541.322815	0.000000	94.500000	46.106299	-0.074918	-0.135088
1521.599353	0.000000	94.750000	46.106299	-0.034852	-0.119061
1512.477268	0.000000	95.000000	46.106299	-0.016326	-0.111651
1675.379959	0.000000	95.250000	47.584089	0.269521	-0.223445
1751.788130	0.000000	95.500000	47.584089	0.114213	-0.285568
1784.750841	0.000000	95.750000	47.584089	0.047138	-0.312398
1798.455233	0.000000	96.000000	47.584089	0.019239	-0.323558
1916.716060	0.000000	96.250000	50.930127	0.156337	-0.408168
1964.392970	0.000000	96.500000	50.930127	0.059167	-0.447036
1982.595125	0.000000	96.750000	50.930127	0.022045	-0.461885
1989.398976	0.000000	97.000000	50.930127	0.008165	-0.467437
1908.518784	0.000000	97.250000	47.899324	-0.100480	-0.409948
1878.376472	0.000000	97.500000	47.899324	-0.039022	-0.385365
1866.739567	0.000000	97.750000	47.899324	-0.015305	-0.375878
1862.186002	0.000000	98.000000	47.899324	-0.006026	-0.372167
1663.972825	0.000000	98.250000	46.182157	-0.288891	-0.233619
1585.141588	0.000000	98.500000	46.182157	-0.128479	-0.169455
1550.814824	0.000000	98.750000	46.182157	-0.058707	-0.141546
1535.281173	0.000000	99.000000	46.182157	-0.027150	-0.128923
1755.688877	0.000000	99.250000	48.385503	0.347457	-0.281257
1857.465474	0.000000	99.500000	48.385503	0.140446	-0.364062
1899.492266	0.000000	99.750000	48.385503	0.054840	-0.398304
1916.038457	0.000000	100.000000	48.385503	0.021117	-0.411793
1709.464483	0.000000	100.250000	46.382904	-0.289017	-0.267412
1629.241507	0.000000	100.500000	46.382904	-0.125701	-0.202086
1595.054880	0.000000	100.750000	46.382904	-0.056185	-0.174279
1579.914172	0.000000	101.000000	46.382904	-0.025413	-0.161971
1836.378794	0.000000	101.250000	49.702154	0.382200	-0.340903
1951.528201	0.000000	101.500000	49.702154	0.147809	-0.434660
1997.045909	0.000000	101.750000	49.702154	0.055006	-0.471781
2014.121832	0.000000	102.000000	49.702154	0.020168	-0.485716
1953.036070	0.000000	102.250000	48.309168	-0.073753	-0.442577
1930.581808	0.000000	102.500000	48.309168	-0.027952	-0.424256
1922.107145	0.000000	102.750000	48.309168	-0.010671	-0.417344
1918.876884	0.000000	103.000000	48.309168	-0.004085	-0.414710
1834.825319	0.000000	103.250000	47.428435	-0.110654	-0.354989
1802.412178	0.000000	103.500000	47.428435	-0.044612	-0.328572
1789.434099	0.000000	103.750000	47.428435	-0.018181	-0.318000
1784.159877	0.000000	104.000000	47.428435	-0.007442	-0.313704
1917.140866	0.000000	104.250000	49.225383	0.176670	-0.407875
1971.084670	0.000000	104.500000	49.225383	0.066732	-0.451850
1991.661744	0.000000	104.750000	49.225383	0.024764	-0.468637
1999.325512	0.000000	105.000000	49.225383	0.009128	-0.474891
1909.840822	0.000000	105.250000	47.875281	-0.110738	-0.411267
1876.626747	0.000000	105.500000	47.875281	-0.043014	-0.384177
1863.809183	0.000000	105.750000	47.875281	-0.016891	-0.373728
1858.788802	0.000000	106.000000	47.875281	-0.006661	-0.369636
1933.082830	0.000000	106.250000	48.899117	0.095417	-0.422344
1962.226753	0.000000	106.500000	48.899117	0.036002	-0.446109
1973.281827	0.000000	106.750000	48.899117	0.013455	-0.455128
1977.421697	0.000000	107.000000	48.899117	0.005011	-0.458506
1950.754192	0.000000	107.250000	48.455300	-0.032625	-0.439581
1940.806139	0.000000	107.500000	48.455300	-0.012336	-0.431465
1937.051661	0.000000	107.750000	48.455300	-0.004679	-0.428403
1935.628472	0.000000	108.000000	48.455300	-0.001777	-0.427242
1971.083959	0.000000	108.250000	49.056910	0.043585	-0.452553
1984.507245	0.000000	108.500000	49.056910	0.016207	-0.463504
1989.510408	0.000000	108.750000	49.056910	0.006000	-0.467587
1991.364312	0.000000	109.000000	49.056910	0.002218	-0.469100
2012.367153	0.000000	109.250000	49.726427	0.024873	-0.484250
2020.109551	0.000000	109.500000	49.726427	0.009074	-0.490569
2022.937843	0.000000	109.750000	49.726427	0.003302	-0.492878
2023.967579	0.000000	110.000000	49.726427	0.001201	-0.493719
1885.244705	0.000000	110.250000	47.542659	-0.172231	-0.394776
1834.152500	0.000000	110.500000	47.542659	-0.068066	-0.353110
1814.170467	0.000000	110.750000	47.542659	-0.027356	-0.336826
1806.173261	0.000000	111.000000	47.542659	-0.011068	-0.330311
1890.622999	0.000000	111.250000	48.553114	0.112677	-0.389852
1924.635543	0.000000	111.500000	48.553114	0.043369	-0.417576
1937.811965	0.000000	111.750000	48.553114	0.016506	-0.428321
1942.839298	0.000000	112.000000	48.553114	0.006255	-0.432421
1846.838750	0.000000	112.250000	47.457121	-0.124657	-0.364444
1810.210460	0.000000	112.500000	47.457121	-0.050016	-0.334588
1795.627201	0.000000	112.750000	47.457121	-0.020313	-0.322707
1789.722987	0.000000	113.000000	47.457121	-0.008290	-0.317898
1650.319818	0.000000	113.250000	46.292665	-0.209879	-0.220686
1593.070083	0.000000	113.500000	46.292665	-0.093419	-0.174102
1567.974566	0.000000	113.750000	46.292665	-0.042411	-0.153699
1556.660805	0.000000	114.000000	46.292665	-0.019424	-0.144504
1734.535855	0.000000	114.250000	47.987579	0.280835	-0.267419
1815.892718	0.000000	114.500000	47.987579	0.115371	-0.333605
1849.913581	0.000000	114.750000	47.987579	0.046099	-0.361314
1863.603206	0.000000	115.000000	47.987579	0.018211	-0.372469
1915.244625	0.000000	115.250000	48.572062	0.066756	-0.409789
1935.495150	0.000000	115.500000	48.572062	0.025477	-0.426301
1943.252991	0.000000	115.750000	48.572062	0.009659	-0.432628
1946.198331	0.000000	116.000000	48.572062	0.003652	-0.435030
1990.410516	0.000000	116.250000	49.478091	0.053684	-0.466817
2007.044098	0.000000	116.500000	49.478091	0.019752	-0.480390
2013.181720	0.000000	116.750000	49.478091	0.007228	-0.485399
2015.430178	0.000000	117.000000	49.478091	0.002640	-0.487234
2002.784394	0.000000	117.250000	49.098755	-0.014922	-0.478232
1998.161674	0.000000	117.500000	49.098755	-0.005489	-0.474459
1996.462596	0.000000	117.750000	49.098755	-0.002022	-0.473072
1995.836852	0.000000	118.000000	49.098755	-0.000745	-0.472562
1951.420137	0.000000	118.250000	48.373672	-0.053991	-0.440745
1934.972654	0.000000	118.500000	48.373672	-0.020445	-0.427327
1928.763522	0.000000	118.750000	48.373672	-0.007783	-0.422262
1926.402466	0.000000	119.000000	48.373672	-0.002969	-0.420336
1683.413369	0.000000	119.250000	46.150889	-0.343105	-0.249982
1589.407244	0.000000	119.500000	46.150889	-0.151754	-0.173442
1548.851137	0.000000	119.750000	46.150889	-0.069314	-0.140466
1530.538681	0.000000	120.000000	46.150889	-0.032111	-0.125585
1723.438190	0.000000	120.250000	48.007801	0.309453	-0.258212
1812.890966	0.000000	120.500000	48.007801	0.127555	-0.330971
1850.493843	0.000000	120.750000	48.007801	0.050993	-0.361596
1865.643871	0.000000	121.000000	48.007801	0.020131	-0.373941
1646.154493	0.000000	121.250000	46.033863	-0.322343	-0.221612
1558.979231	0.000000	121.500000	46.033863	-0.144969	-0.150662
1520.702478	0.000000	121.750000	46.033863	-0.067186	-0.119549
1503.160910	0.000000	122.000000	46.033863	-0.031560	-0.105298
1779.930030	0.000000	122.250000	49.086221	0.437003	-0.296791
1909.631214	0.000000	122.500000	49.086221	0.173173	-0.402323
1962.379243	0.000000	122.750000	49.086221	0.065679	-0.445320
1982.580098	0.000000	123.000000	49.086221	0.024482	-0.461799
1710.188115	0.000000	123.250000	46.204736	-0.372527	-0.270907
1607.279334	0.000000	123.500000	46.204736	-0.162986	-0.187091
1563.437710	0.000000	123.750000	46.204736	-0.073849	-0.151436
1543.813705	0.000000	124.000000	46.204736	-0.033976	-0.135487
1730.905466	0.000000	124.250000	48.018409	0.297445	-0.264183
1817.049315	0.000000	124.500000	48.018409	0.122257	-0.334258
1853.128290	0.000000	124.750000	48.018409	0.048794	-0.363644
1867.635281	0.000000	125.000000	48.018409	0.019241	-0.375465
1779.378775	0.000000	125.250000	47.105696	-0.121402	-0.313843
1744.490095	0.000000	125.500000	47.105696	-0.050354	-0.285423
1730.133314	0.000000	125.750000	47.105696	-0.021132	-0.273735
1724.128225	0.000000	126.000000	47.105696	-0.008912	-0.268847
1750.056464	0.000000	126.250000	47.363893	0.038085	-0.286707
1760.992950	0.000000	126.500000	47.363893	0.015828	-0.295610
1765.549355	0.000000	126.750000	47.363893	0.006554	-0.299320
1767.437892	0.000000	127.000000	47.363893	0.002709	-0.300857
1924.605773	0.000000	127.250000	49.922169	0.209357	-0.412519
1988.783867	0.000000	127.500000	49.922169	0.078559	-0.464838
2013.145125	0.000000	127.750000	49.922169	0.028865	-0.484716
2022.133923	0.000000	128.000000	49.922169	0.010523	-0.492053
2002.843276	0.000000	128.250000	49.046946	-0.022712	-0.478515
1995.809943	0.000000	128.500000	49.046946	-0.008360	-0.472774
1993.224259	0.000000	128.750000	49.046946	-0.003084	-0.470664
1992.270783	0.000000	129.000000	49.046946	-0.001139	-0.469885
1728.304591	0.000000	129.250000	46.318843	-0.356697	-0.283802
1629.017490	0.000000	129.500000	46.318843	-0.154503	-0.202924
1587.076607	0.000000	129.750000	46.318843	-0.069214	-0.168809
1568.500123	0.000000	130.000000	46.318843	-0.031460	-0.153707
1828.470588	0.000000	130.250000	49.571950	0.390640	-0.334698
1945.925977	0.000000	130.500000	49.571950	0.151578	-0.430323
1992.538089	0.000000	130.750000	49.571950	0.056550	-0.468335
2010.072507	0.000000	131.000000	49.571950	0.020779	-0.482643
1662.274438	0.000000	131.250000	45.768315	-0.482548	-0.239442
1532.253038	0.000000	131.500000	45.768315	-0.217855	-0.133565
1475.646908	0.000000	131.750000	45.768315	-0.102835	-0.087557
1449.387414	0.000000	132.000000	45.768315	-0.049522	-0.066232
1539.313613	0.000000	132.250000	46.621506	0.163593	-0.125359
1583.009125	0.000000	132.500000	46.621506	0.074879	-0.160844
1603.256295	0.000000	132.750000	46.621506	0.033746	-0.177298
1612.431459	0.000000	133.000000	46.621506	0.015101	-0.184756
1287.621917	0.000000	133.250000	43.915331	-0.633370	0.026796
1145.859392	0.000000	133.500000	43.915331	-0.345671	0.141876
1073.286983	0.000000	133.750000	43.915331	-0.198707	0.200662
1033.101803	0.000000	134.000000	43.915331	-0.117421	0.233176
1209.472762	0.000000	134.250000	45.841814	0.471634	0.129341
1318.939733	0.000000	134.500000	45.841814	0.250315	0.040814
1379.645318	0.000000	134.750000	45.841814	0.127370	-0.008364
1411.222500	0.000000	135.000000	45.841814	0.063359	-0.033969
1429.824330	0.000000	135.250000	45.864308	0.036442	-0.048668
1439.021296	0.000000	135.500000	45.864308	0.017784	-0.056131
1443.523269	0.000000	135.750000	45.864308	0.008650	-0.059785
1445.716255	0.000000	136.000000	45.864308	0.004201	-0.061564
1657.061644	0.000000	136.250000	47.749239	0.362857	-0.206813
1759.816130	0.000000	136.500000	47.749239	0.154077	-0.290325
1804.509710	0.000000	136.750000	47.749239	0.063132	-0.326703
1823.001918	0.000000	137.000000	47.749239	0.025479	-0.341764
1672.856036	0.000000	137.250000	46.368745	-0.220906	-0.237814
1612.118977	0.000000	137.500000	46.368745	-0.097322	-0.188380
1585.781814	0.000000	137.750000	46.368745	-0.043780	-0.166963
1574.018973	0.000000	138.000000	46.368745	-0.019875	-0.157402
1748.446838	0.000000	138.250000	48.051792	0.271657	-0.278139
1827.479014	0.000000	138.500000	48.051792	0.110895	-0.342443
1860.294501	0.000000	138.750000	48.051792	0.044069	-0.369174
1873.422783	0.000000	139.000000	48.051792	0.017322	-0.379873
1931.450423	0.000000	139.250000	48.766071	0.074201	-0.421761
1954.077557	0.000000	139.500000	48.766071	0.028071	-0.440213
1962.673285	0.000000	139.750000	48.766071	0.010541	-0.447225
1965.906186	0.000000	140.000000	48.766071	0.003947	-0.449863
2001.264914	0.000000	140.250000	50.370906	0.042442	-0.475343
2014.447597	0.000000	140.500000	50.370906	0.015546	-0.486102
2019.287219	0.000000	140.750000	50.370906	0.005670	-0.490052
2021.053856	0.000000	141.000000	50.370906	0.002065	-0.491494
2015.214789	0.000000	141.250000	49.371226	-0.006839	-0.487360
2013.087838	0.000000	141.500000	49.371226	-0.002498	-0.485624
2012.311124	0.000000	141.750000	49.371226	-0.000913	-0.484990
2012.027227	0.000000	142.000000	49.371226	-0.000334	-0.484758
1981.233920	0.000000	142.250000	48.718548	-0.036731	-0.462659
1969.936869	0.000000	142.500000	48.718548	-0.013683	-0.453440
1965.736910	0.000000	142.750000	48.718548	-0.005116	-0.450013
1964.167771	0.000000	143.000000	48.718548	-0.001915	-0.448733
1983.516730	0.000000	143.250000	49.092092	0.023426	-0.462538
1990.749205	0.000000	143.500000	49.092092	0.008671	-0.468439
1993.429875	0.000000	143.750000	49.092092	0.003202	-0.470627
1994.420330	0.000000	144.000000	49.092092	0.001182	-0.471435
1967.896444	0.000000	144.250000	48.611105	-0.032016	-0.452468
1958.084908	0.000000	144.500000	48.611105	-0.012001	-0.444462
1954.413469	0.000000	144.750000	48.611105	-0.004513	-0.441467
1953.033722	0.000000	145.000000	48.611105	-0.001699	-0.440342
1973.539735	0.000000	145.250000	48.970682	0.025032	-0.454969
1981.246935	0.000000	145.500000	48.970682	0.009311	-0.461257
1984.117748	0.000000	145.750000	48.970682	0.003455	-0.463600
1985.183493	0.000000	146.000000	48.970682	0.001281	-0.464469
1768.944704	0.000000	146.250000	46.658663	-0.287221	-0.311634
1687.494655	0.000000	146.500000	46.658663	-0.121312	-0.245270
1653.753201	0.000000	146.750000	46.658663	-0.052662	-0.217810
1639.229504	0.000000	147.000000	46.658663	-0.023127	-0.205996
1854.100100	0.000000	147.250000	49.269081	0.310271	-0.356386
1947.723162	0.000000	147.500000	49.269081	0.119637	-0.432640
1984.469362	0.000000	147.750000	49.269081	0.044716	-0.462608
1998.294296	0.000000	148.000000	49.269081	0.016514	-0.473889
1843.685201	0.000000	148.250000	47.246098	-0.197366	-0.364455
1785.989890	0.000000	148.500000	47.246098	-0.079781	-0.317420
1762.955273	0.000000	148.750000	47.246098	-0.032873	-0.298658
1753.512560	0.000000	149.000000	47.246098	-0.013651	-0.290968
1884.621203	0.000000	149.250000	48.814263	0.178797	-0.383320
1938.689162	0.000000	149.500000	48.814263	0.068642	-0.427382
1959.659521	0.000000	149.750000	48.814263	0.025886	-0.444485
1967.598112	0.000000	150.000000	48.814263	0.009695	-0.450961
1987.664789	0.000000	150.250000	49.158254	0.024221	-0.465640
1995.152018	0.000000	150.500000	49.158254	0.008947	-0.471750
1997.921270	0.000000	150.750000	49.158254	0.003297	-0.474010
1998.942192	0.000000	151.000000	49.158254	0.001214	-0.474843
2002.355167	0.000000	151.250000	49.234308	0.004050	-0.477330
2003.610935	0.000000	151.500000	49.234308	0.001488	-0.478355
2004.072301	0.000000	151.750000	49.234308	0.000546	-0.478732
2004.241713	0.000000	152.000000	49.234308	0.000201	-0.478870
2010.327517	0.000000	152.250000	49.412526	0.007183	-0.483248
2012.560139	0.000000	152.500000	49.412526	0.002627	-0.485070
2013.377045	0.000000	152.750000	49.412526	0.000960	-0.485737
2013.675660	0.000000	153.000000	49.412526	0.000351	-0.485980
1978.222662	0.000000	153.250000	48.661491	-0.042324	-0.460563
1965.220535	0.000000	153.500000	48.661491	-0.015798	-0.449953
1960.378601	0.000000	153.750000	48.661491	-0.005922	-0.446002
1958.565236	0.000000	154.000000	48.661491	-0.002223	-0.444523
1931.669975	0.000000	154.250000	48.296766	-0.033402	-0.425245
1921.542805	0.000000	154.500000	48.296766	-0.012751	-0.416984
1917.684179	0.000000	154.750000	48.296766	-0.004884	-0.413837
1916.207367	0.000000	155.000000	48.296766	-0.001873	-0.412633
1933.387914	0.000000	155.250000	48.535917	0.021628	-0.424833
1939.968370	0.000000	155.500000	48.535917	0.008211	-0.430200
1942.469626	0.000000	155.750000	48.535917	0.003110	-0.432240
1943.417600	0.000000	156.000000	48.535917	0.001177	-0.433013
1862.092679	0.000000	156.250000	47.600088	-0.104830	-0.375240
1831.104635	0.000000	156.500000	47.600088	-0.041676	-0.349979
1818.863646	0.000000	156.750000	47.600088	-0.016740	-0.340004
1813.959601	0.000000	157.000000	47.600088	-0.006751	-0.336009
1941.685599	0.000000	157.250000	49.665829	0.166007	-0.426693
1992.711050	0.000000	157.500000	49.665829	0.061988	-0.468301
2011.938133	0.000000	157.750000	49.665829	0.022764	-0.483990
2019.022500	0.000000	158.000000	49.665829	0.008308	-0.489772
2010.316232	0.000000	158.250000	50.749506	-0.010226	-0.483768
2007.140657	0.000000	158.500000	50.749506	-0.003746	-0.481176
2005.978038	0.000000	158.750000	50.749506	-0.001374	-0.480227
2005.551805	0.000000	159.000000	50.749506	-0.000504	-0.479879
2014.120566	0.000000	159.250000	50.461772	0.010092	-0.486020
2017.261158	0.000000	159.500000	50.461772	0.003683	-0.488584
2018.407992	0.000000	159.750000	50.461772	0.001343	-0.489520
2018.826210	0.000000	160.000000	50.461772	0.000489	-0.489861
2024.296948	0.000000	160.250000	50.051338	0.006386	-0.493810
2026.289449	0.000000	160.500000	50.051338	0.002320	-0.495437
2027.013436	0.000000	160.750000	50.051338	0.000842	-0.496028
2027.276277	0.000000	161.000000	50.051338	0.000306	-0.496242
1990.043202	0.000000	161.250000	51.227329	-0.044015	-0.469521
1976.476944	0.000000	161.500000	51.227329	-0.016335	-0.458449
1971.454251	0.000000	161.750000	51.227329	-0.006089	-0.454350
1969.583691	0.000000	162.000000	51.227329	-0.002273	-0.452824
1960.336230	0.000000	162.250000	51.364289	-0.011294	-0.446136
1956.878964	0.000000	162.500000	51.364289	-0.004242	-0.443315
1955.581191	0.000000	162.750000	51.364289	-0.001595	-0.442257
1955.093299	0.000000	163.000000	51.364289	-0.000600	-0.441859
1994.295001	0.000000	163.250000	50.502399	0.047375	-0.469937
2008.984816	0.000000	163.500000	50.502399	0.017406	-0.481925
2014.395772	0.000000	163.750000	50.502399	0.006365	-0.486341
2016.376255	0.000000	164.000000	50.502399	0.002323	-0.487958
1927.258211	0.000000	164.250000	52.003222	-0.108793	-0.424292
1894.451312	0.000000	164.500000	52.003222	-0.041888	-0.397530
1881.899415	0.000000	164.750000	52.003222	-0.016302	-0.387295
1877.026555	0.000000	165.000000	52.003222	-0.006370	-0.383323
1967.703296	0.000000	165.250000	50.316573	0.113908	-0.447875
2002.881433	0.000000	165.500000	50.316573	0.042169	-0.476571
2015.985094	0.000000	165.750000	50.316573	0.015434	-0.487265
2020.791840	0.000000	166.000000	50.316573	0.005625	-0.491189
2023.657469	0.000000	166.250000	50.237095	0.003344	-0.493420
2024.700439	0.000000	166.500000	50.237095	0.001215	-0.494271
2025.079571	0.000000	166.750000	50.237095	0.000442	-0.494581
2025.217327	0.000000	167.000000	50.237095	0.000160	-0.494693
2005.141603	0.000000	167.250000	49.072360	-0.023588	-0.480274
1997.832605	0.000000	167.500000	49.072360	-0.008673	-0.474308
1995.148575	0.000000	167.750000	49.072360	-0.003196	-0.472118
1994.159824	0.000000	168.000000	49.072360	-0.001179	-0.471311
1970.299123	0.000000	168.250000	51.350911	-0.028772	-0.454178
1961.473940	0.000000	168.500000	51.350911	-0.010770	-0.446977
1958.175860	0.000000	168.750000	51.350911	-0.004043	-0.444286
1956.938564	0.000000	169.000000	51.350911	-0.001519	-0.443276
1951.508896	0.000000	169.250000	51.425729	-0.006686	-0.439347
1949.466880	0.000000	169.500000	51.425729	-0.002521	-0.437681
1948.697077	0.000000	169.750000	51.425729	-0.000952	-0.437053
1948.406614	0.000000	170.000000	51.425729	-0.000359	-0.436816
1997.704635	0.000000	170.250000	49.876540	0.059619	-0.472139
2016.220622	0.000000	170.500000	49.876540	0.021844	-0.487249
2023.026373	0.000000	170.750000	49.876540	0.007956	-0.492804
2025.507967	0.000000	171.000000	49.876540	0.002891	-0.494830
2023.507008	0.000000	171.250000	50.360605	-0.002331	-0.493478
2022.780062	0.000000	171.500000	50.360605	-0.000848	-0.492885
2022.515737	0.000000	171.750000	50.360605	-0.000308	-0.492669
2022.419595	0.000000	172.000000	50.360605	-0.000112	-0.492591
1938.411261	0.000000	172.250000	51.902281	-0.101830	-0.432456
1907.589380	0.000000	172.500000	51.902281	-0.038968	-0.407311
1895.863554	0.000000	172.750000	51.902281	-0.015063	-0.397749
1891.341334	0.000000	173.000000	51.902281	-0.005845	-0.394062
1974.682109	0.000000	173.250000	50.220930	0.103846	-0.453441
2006.799503	0.000000	173.500000	50.220930	0.038343	-0.479642
2018.724791	0.000000	173.750000	50.220930	0.014011	-0.489375
2023.091247	0.000000	174.000000	50.220930	0.005100	-0.492939
1967.822478	0.000000	174.250000	51.539020	-0.066088	-0.453467
1947.606541	0.000000	174.500000	51.539020	-0.024847	-0.436971
1940.033931	0.000000	174.750000	51.539020	-0.009403	-0.430793
1937.172121	0.000000	175.000000	51.539020	-0.003567	-0.428459
1993.743129	0.000000	175.250000	50.041262	0.068798	-0.468874
2015.096356	0.000000	175.500000	50.041262	0.025237	-0.486298
2022.958177	0.000000	175.750000	50.041262	0.009194	-0.492715
2025.826127	0.000000	176.000000	50.041262	0.003341	-0.495056
2014.623240	0.000000	176.250000	50.698708	-0.013104	-0.487104
2010.549746	0.000000	176.500000	50.698708	-0.004791	-0.483779
2009.061444	0.000000	176.750000	50.698708	-0.001754	-0.482564
2008.516720	0.000000	177.000000	50.698708	-0.000642	-0.482120
2017.580358	0.000000	177.250000	50.345129	0.010648	-0.488614
2020.897211	0.000000	177.500000	50.345129	0.003879	-0.491321
2022.106289	0.000000	177.750000	50.345129	0.001412	-0.492308
2022.546402	0.000000	178.000000	50.345129	0.000514	-0.492667
1979.310907	0.000000	178.250000	51.370993	-0.051440	-0.461664
1963.511204	0.000000	178.500000	51.370993	-0.019205	-0.448771
1957.629016	0.000000	178.750000	51.370993	-0.007207	-0.443971
1955.423958	0.000000	179.000000	51.370993	-0.002710	-0.442173
1929.542532	0.000000	179.250000	51.715231	-0.032208	-0.423607
1919.782873	0.000000	179.500000	51.715231	-0.012307	-0.415647
1916.060458	0.000000	179.750000	51.715231	-0.004718	-0.412611
1914.634543	0.000000	180.000000	51.715231	-0.001811	-0.411448
1783.944438	0.000000	180.250000	53.007579	-0.176496	-0.319083
1733.306338	0.000000	180.500000	53.007579	-0.073359	-0.277828
1712.501122	0.000000	180.750000	53.007579	-0.031014	-0.260890
1703.748310	0.000000	181.000000	53.007579	-0.013205	-0.253767
1843.281370	0.000000	181.250000	51.497029	0.197593	-0.351646
1902.333160	0.000000	181.500000	51.497029	0.077339	-0.399748
1925.716611	0.000000	181.750000	51.497029	0.029681	-0.418811
1934.730607	0.000000	182.000000	51.497029	0.011304	-0.426162
1745.213888	0.000000	182.250000	53.387213	-0.258954	-0.292977
1672.269199	0.000000	182.500000	53.387213	-0.110413	-0.233560
1641.712767	0.000000	182.750000	53.387213	-0.048255	-0.208697
1628.462196	0.000000	183.000000	53.387213	-0.021312	-0.197920
1854.718837	0.000000	183.250000	50.546148	0.327984	-0.356324
1953.802173	0.000000	183.500000	50.546148	0.126237	-0.437023
1992.657592	0.000000	183.750000	50.546148	0.047012	-0.468713
2007.227742	0.000000	184.000000	50.546148	0.017287	-0.480603
1975.319378	0.000000	184.250000	51.347170	-0.038224	-0.458250
1963.584161	0.000000	184.500000	51.347170	-0.014283	-0.448674
1959.208253	0.000000	184.750000	51.347170	-0.005358	-0.445104
1957.568157	0.000000	185.000000	51.347170	-0.002012	-0.443766
1856.496249	0.000000	185.250000	52.503247	-0.130004	-0.371855
1818.189525	0.000000	185.500000	52.503247	-0.051935	-0.340628
1803.008504	0.000000	185.750000	52.503247	-0.021012	-0.328259
1796.886344	0.000000	186.000000	52.503247	-0.008545	-0.323272
1570.890471	0.000000	186.250000	54.348343	-0.353176	-0.167122
1478.418499	0.000000	186.500000	54.348343	-0.165147	-0.091911
1436.368789	0.000000	186.750000	54.348343	-0.079760	-0.057756
1416.334938	0.000000	187.000000	54.348343	-0.039105	-0.041494
1741.654252	0.000000	187.250000	49.304068	0.542759	-0.264874
1901.673087	0.000000	187.500000	49.304068	0.217457	-0.394995
1967.910896	0.000000	187.750000	49.304068	0.082494	-0.448980
1993.346631	0.000000	188.000000	49.304068	0.030620	-0.469730
1918.669985	0.000000	188.250000	52.006367	-0.092221	-0.417314
1890.907347	0.000000	188.500000	52.006367	-0.035609	-0.394670
1880.244742	0.000000	188.750000	52.006367	-0.013876	-0.385976
1876.098666	0.000000	189.000000	52.006367	-0.005426	-0.382596
1771.744425	0.000000	189.250000	52.988012	-0.143646	-0.308874
1730.624709	0.000000	189.500000	52.988012	-0.059911	-0.275380
1713.636000	0.000000	189.750000	52.988012	-0.025336	-0.261550
1706.480309	0.000000	190.000000	52.988012	-0.010777	-0.255726
1886.562642	0.000000	190.250000	49.317218	0.249676	-0.382646
1962.401881	0.000000	190.500000	49.317218	0.095184	-0.444443
1991.723501	0.000000	190.750000	49.317218	0.035389	-0.468361
2002.681928	0.000000	191.000000	49.317218	0.013033	-0.477304
1934.460334	0.000000	191.250000	51.865900	-0.083383	-0.428906
1909.226435	0.000000	191.500000	51.865900	-0.031922	-0.408321
1899.612381	0.000000	191.750000	51.865900	-0.012322	-0.400481
1895.908274	0.000000	192.000000	51.865900	-0.004771	-0.397461
1837.861166	0.000000	192.250000	52.460976	-0.076913	-0.356175
1815.265991	0.000000	192.500000	52.460976	-0.030877	-0.337760
1806.238020	0.000000	192.750000	52.460976	-0.012490	-0.330405
1802.593337	0.000000	193.000000	52.460976	-0.005067	-0.327436
1705.649903	0.000000	193.250000	53.302504	-0.141385	-0.259479
1666.109774	0.000000	193.500000	53.302504	-0.060920	-0.227293
1649.238592	0.000000	193.750000	53.302504	-0.026606	-0.213567
1641.901855	0.000000	194.000000	53.302504	-0.011688	-0.207600
1787.769812	0.000000	194.250000	51.859955	0.217088	-0.309336
1851.565276	0.000000	194.500000	51.859955	0.087253	-0.361271
1877.549374	0.000000	194.750000	51.859955	0.034323	-0.382443
1887.824051	0.000000	195.000000	51.859955	0.013386	-0.390818
1938.566122	0.000000	195.250000	51.209760	0.064352	-0.427421
1958.220585	0.000000	195.500000	51.209760	0.024278	-0.443450
1965.662461	0.000000	195.750000	51.209760	0.009101	-0.449521
1968.455902	0.000000	196.000000	51.209760	0.003403	-0.451800
1736.389723	0.000000	196.250000	53.553023	-0.314851	-0.288344
1648.272925	0.000000	196.500000	53.553023	-0.135408	-0.216566
1611.196035	0.000000	196.750000	53.553023	-0.059999	-0.186403
1594.927125	0.000000	197.000000	53.553023	-0.026928	-0.173174
1598.178449	0.000000	197.250000	53.466025	0.005407	-0.174483
1599.643068	0.000000	197.500000	53.466025	0.002431	-0.175674
1600.301761	0.000000	197.750000	53.466025	0.001092	-0.176209
1600.597784	0.000000	198.000000	53.466025	0.000491	-0.176450
1844.112803	0.000000	198.250000	50.430838	0.358642	-0.347426
1952.284708	0.000000	198.500000	50.430838	0.138426	-0.435512
1994.901047	0.000000	198.750000	50.430838	0.051536	-0.470268
2010.887367	0.000000	199.000000	50.430838	0.018922	-0.483314
1873.126701	0.000000	199.250000	52.527684	-0.172740	-0.385706
1822.080021	0.000000	199.500000	52.527684	-0.068680	-0.344082
1801.997552	0.000000	199.750000	52.527684	-0.027771	-0.327719
1793.911931	0.000000	200.000000	52.527684	-0.011305	-0.321132
1925.945403	0.000000	200.250000	49.360592	0.174091	-0.414586
1979.232833	0.000000	200.500000	49.360592	0.065480	-0.458031
1999.469574	0.000000	200.750000	49.360592	0.024202	-0.474542
2006.975958	0.000000	201.000000	49.360592	0.008887	-0.480668
2005.356016	0.000000	201.250000	49.235600	-0.001915	-0.479775
2004.762043	0.000000	201.500000	49.235600	-0.000703	-0.479290
2004.544103	0.000000	201.750000	49.235600	-0.000258	-0.479112
2004.464116	0.000000	202.000000	49.235600	-0.000095	-0.479047
2004.158807	0.000000	202.250000	49.228382	-0.000361	-0.478825
2004.046737	0.000000	202.500000	49.228382	-0.000133	-0.478733
2004.005594	0.000000	202.750000	49.228382	-0.000049	-0.478700
2003.990489	0.000000	203.000000	49.228382	-0.000018	-0.478687
1855.738242	0.000000	203.250000	47.335556	-0.187834	-0.373168
1800.585192	0.000000	203.500000	47.335556	-0.075419	-0.328202
1778.697242	0.000000	203.750000	47.335556	-0.030841	-0.310370
1769.789589	0.000000	204.000000	47.335556	-0.012704	-0.303116
1888.107367	0.000000	204.250000	48.753942	0.160139	-0.386511
1936.535159	0.000000	204.500000	48.753942	0.061468	-0.425979
1955.294652	0.000000	204.750000	48.753942	0.023220	-0.441279
1962.405566	0.000000	205.000000	48.753942	0.008718	-0.447079
1952.033049	0.000000	205.250000	48.551996	-0.012746	-0.439929
1948.140856	0.000000	205.500000	48.551996	-0.004808	-0.436754
1946.673692	0.000000	205.750000	48.551996	-0.001816	-0.435557
1946.119696	0.000000	206.000000	48.551996	-0.000686	-0.435105
1992.142357	0.000000	206.250000	49.550583	0.055841	-0.468057
2009.454422	0.000000	206.500000	49.550583	0.020524	-0.482184
2015.836356	0.000000	206.750000	49.550583	0.007501	-0.487393
2018.171430	0.000000	207.000000	49.550583	0.002736	-0.489299
1947.000105	0.000000	207.250000	48.216620	-0.086052	-0.438420
1920.865196	0.000000	207.500000	48.216620	-0.032746	-0.417098
1910.968604	0.000000	207.750000	48.216620	-0.012567	-0.409026
1907.177576	0.000000	208.000000	48.216620	-0.004839	-0.405935
1970.142845	0.000000	208.250000	49.306286	0.078191	-0.450793
1994.261721	0.000000	208.500000	49.306286	0.029001	-0.470469
2003.245488	0.000000	208.750000	49.306286	0.010673	-0.477800
2006.556745	0.000000	209.000000	49.306286	0.003916	-0.480503
1928.303913	0.000000	209.250000	48.047633	-0.095792	-0.424667
1899.387915	0.000000	209.500000	48.047633	-0.036823	-0.401080
1888.333967	0.000000	209.750000	48.047633	-0.014289	-0.392066
1884.053680	0.000000	210.000000	48.047633	-0.005565	-0.388577
1956.175555	0.000000	210.250000	49.176389	0.090854	-0.439881
1984.106612	0.000000	210.500000	49.176389	0.033898	-0.462664
1994.579817	0.000000	210.750000	49.176389	0.012533	-0.471209
1998.459163	0.000000	211.000000	49.176389	0.004618	-0.474375
1953.590744	0.000000	211.250000	48.389612	-0.054439	-0.442393
1936.996640	0.000000	211.500000	48.389612	-0.020593	-0.428854
1930.738818	0.000000	211.750000	48.389612	-0.007832	-0.423750
1928.361637	0.000000	212.000000	48.389612	-0.002985	-0.421811
1919.690660	0.000000	212.250000	48.289262	-0.010939	-0.415535
1916.381856	0.000000	212.500000	48.289262	-0.004193	-0.412836
1915.114367	0.000000	212.750000	48.289262	-0.001609	-0.411803
1914.628121	0.000000	213.000000	48.289262	-0.000618	-0.411406
1963.576773	0.000000	213.250000	49.069737	0.060811	-0.446371
1982.281972	0.000000	213.500000	49.069737	0.022663	-0.461630
1989.276367	0.000000	213.750000	49.069737	0.008395	-0.467337
1991.870465	0.000000	214.000000	49.069737	0.003103	-0.469454
2004.850735	0.000000	214.250000	49.382296	0.015421	-0.478867
2009.638708	0.000000	214.500000	49.382296	0.005652	-0.482775
2011.394924	0.000000	214.750000	49.382296	0.002068	-0.484208
2012.037771	0.000000	215.000000	49.382296	0.000756	-0.484733
1868.197152	0.000000	215.250000	47.422948	-0.180710	-0.382270
1814.902710	0.000000	215.500000	47.422948	-0.072071	-0.338815
1793.882533	0.000000	215.750000	47.422948	-0.029255	-0.321688
1785.388792	0.000000	216.000000	47.422948	-0.011959	-0.314770
1848.018918	0.000000	216.250000	48.109770	0.085875	-0.358649
1873.561997	0.000000	216.500000	48.109770	0.033845	-0.379461
1883.680792	0.000000	216.750000	48.109770	0.013226	-0.387709
1887.642983	0.000000	217.000000	48.109770	0.005151	-0.390939
1931.277549	0.000000	217.250000	48.671582	0.055526	-0.422202
1948.191987	0.000000	217.500000	48.671582	0.021041	-0.435996
1954.621685	0.000000	217.750000	48.671582	0.007930	-0.441241
1957.047598	0.000000	218.000000	48.671582	0.002982	-0.443220
1670.057676	0.000000	218.250000	45.965166	-0.403702	-0.242279
1560.419226	0.000000	218.500000	45.965166	-0.180529	-0.153010
1512.833266	0.000000	218.750000	45.965166	-0.083819	-0.114326
1491.046882	0.000000	219.000000	45.965166	-0.039574	-0.096628
1680.564382	0.000000	219.250000	47.750462	0.315546	-0.225887
1770.435206	0.000000	219.500000	47.750462	0.132880	-0.298953
1809.071909	0.000000	219.750000	47.750462	0.054248	-0.330406
1824.977810	0.000000	220.000000	47.750462	0.021859	-0.343361
1912.908041	0.000000	220.250000	48.783464	0.115346	-0.406544
1947.966520	0.000000	220.500000	48.783464	0.043891	-0.435126
1961.394009	0.000000	220.750000	48.783464	0.016510	-0.446078
1966.457252	0.000000	221.000000	48.783464	0.006183	-0.450209
2002.177869	0.000000	221.250000	50.330940	0.042851	-0.476020
2015.491229	0.000000	221.500000	50.330940	0.015688	-0.486885
2020.376511	0.000000	221.750000	50.330940	0.005719	-0.490872
2022.158874	0.000000	222.000000	50.330940	0.002082	-0.492327
1942.862627	0.000000	222.250000	48.150385	-0.095932	-0.435618
1913.778439	0.000000	222.500000	48.150385	-0.036611	-0.411890
1902.739632	0.000000	222.750000	48.150385	-0.014105	-0.402887
1898.495703	0.000000	223.000000	48.150385	-0.005454	-0.399427
1977.730899	0.000000	223.250000	50.199785	0.098351	-0.455906
2008.166377	0.000000	223.500000	50.199785	0.036276	-0.480736
2019.451813	0.000000	223.750000	50.199785	0.013249	-0.489947
2023.581443	0.000000	224.000000	50.199785	0.004821	-0.493318
2012.158288	0.000000	224.250000	50.744513	-0.013386	-0.485254
2007.999958	0.000000	224.500000	50.744513	-0.004900	-0.481860
2006.478776	0.000000	224.750000	50.744513	-0.001796	-0.480618
2005.921306	0.000000	225.000000	50.744513	-0.000659	-0.480163
2002.159617	0.000000	225.250000	49.164937	-0.004454	-0.477442
2000.779301	0.000000	225.500000	49.164937	-0.001637	-0.476315
2000.271983	0.000000	225.750000	49.164937	-0.000602	-0.475901
2000.085414	0.000000	226.000000	49.164937	-0.000222	-0.475749
2014.727116	0.000000	226.250000	50.330493	0.017271	-0.486260
2020.104694	0.000000	226.500000	50.330493	0.006298	-0.490650
2022.067312	0.000000	226.750000	50.330493	0.002292	-0.492252
2022.781941	0.000000	227.000000	50.330493	0.000834	-0.492835
2024.957232	0.000000	227.250000	49.817021	0.002535	-0.494425
2025.748220	0.000000	227.500000	49.817021	0.000921	-0.495071
2026.035574	0.000000	227.750000	49.817021	0.000334	-0.495305
2026.139931	0.000000	228.000000	49.817021	0.000121	-0.495391
2023.503419	0.000000	228.250000	49.626819	-0.003071	-0.493498
2022.545813	0.000000	228.500000	49.626819	-0.001117	-0.492716
2022.197608	0.000000	228.750000	49.626819	-0.000406	-0.492432
2022.070941	0.000000	229.000000	49.626819	-0.000148	-0.492329
1823.840346	0.000000	229.250000	47.003171	-0.253432	-0.351469
1750.472449	0.000000	229.500000	47.003171	-0.103916	-0.291663
1720.875617	0.000000	229.750000	47.003171	-0.043664	-0.267562
1708.525025	0.000000	230.000000	47.003171	-0.018532	-0.257509
1825.166170	0.000000	230.250000	48.231682	0.166287	-0.338990
1874.489878	0.000000	230.500000	48.231682	0.065856	-0.379163
1894.219822	0.000000	230.750000	48.231682	0.025655	-0.395243
1901.935619	0.000000	231.000000	48.231682	0.009929	-0.401534
1977.930445	0.000000	231.250000	49.706738	0.094209	-0.456181
2007.079353	0.000000	231.500000	49.706738	0.034757	-0.479962
2017.888164	0.000000	231.750000	49.706738	0.012703	-0.488784
2021.845755	0.000000	232.000000	49.706738	0.004626	-0.492014
1850.881950	0.000000	232.250000	47.236289	-0.215832	-0.370450
1787.707373	0.000000	232.500000	47.236289	-0.087065	-0.318943
1762.565441	0.000000	232.750000	47.236289	-0.035865	-0.298463
1752.266511	0.000000	233.000000	47.236289	-0.014900	-0.290077
1895.908268	0.000000	233.250000	49.044870	0.194959	-0.391330
1955.117880	0.000000	233.500000	49.044870	0.074318	-0.439586
1977.938446	0.000000	233.750000	49.044870	0.027783	-0.458200
1986.504518	0.000000	234.000000	49.044870	0.010309	-0.465189
1965.655682	0.000000	234.250000	48.621209	-0.025258	-0.450572
1957.917501	0.000000	234.500000	48.621209	-0.009473	-0.444258
1955.019259	0.000000	234.750000	48.621209	-0.003562	-0.441894
1953.930075	0.000000	235.000000	48.621209	-0.001341	-0.441005
1993.175388	0.000000	235.250000	49.471314	0.047470	-0.469090
2007.890173	0.000000	235.500000	49.471314	0.017451	-0.481098
2013.313364	0.000000	235.750000	49.471314	0.006385	-0.485524
2015.299412	0.000000	236.000000	49.471314	0.002332	-0.487145
1947.075768	0.000000	236.250000	48.230050	-0.082563	-0.438368
1921.995233	0.000000	236.500000	48.230050	-0.031408	-0.417906
1912.499154	0.000000	236.750000	48.230050	-0.012046	-0.410161
1908.863721	0.000000	237.000000	48.230050	-0.004634	-0.407196
1886.658720	0.000000	237.250000	47.988046	-0.028633	-0.391258
1878.093059	0.000000	237.500000	47.988046	-0.011174	-0.384275
1874.755874	0.000000	237.750000	47.988046	-0.004373	-0.381554
1873.450686	0.000000	238.000000	47.988046	-0.001713	-0.380491
1968.773263	0.000000	238.250000	49.986164	0.119835	-0.448504
2005.804744	0.000000	238.500000	49.986164	0.044317	-0.478711
2019.588488	0.000000	238.750000	49.986164	0.016193	-0.489961
2024.636898	0.000000	239.000000	49.986164	0.005891	-0.494082
1839.826323	0.000000	239.250000	47.131592	-0.234309	-0.362787
1771.561270	0.000000	239.500000	47.131592	-0.095177	-0.307134
1744.240647	0.000000	239.750000	47.131592	-0.039548	-0.284882
1732.958670	0.000000	240.000000	47.131592	-0.016585	-0.275697
1777.359826	0.000000	240.250000	52.410242	0.064163	-0.306318
1795.985691	0.000000	240.500000	52.410242	0.026248	-0.321483
1803.636327	0.000000	240.750000	52.410242	0.010671	-0.327715
1806.751633	0.000000	241.000000	52.410242	0.004327	-0.330252
1595.950468	0.000000	241.250000	54.183482	-0.324127	-0.184534
1510.040992	0.000000	241.500000	54.183482	-0.149412	-0.114648
1471.418902	0.000000	241.750000	54.183482	-0.070965	-0.083269
1453.293892	0.000000	242.000000	54.183482	-0.034171	-0.068552
1611.037342	0.000000	242.250000	52.753179	0.276222	-0.175122
1687.508942	0.000000	242.500000	52.753179	0.120890	-0.237255
1721.627444	0.000000	242.750000	52.753179	0.051510	-0.265007
1736.283623	0.000000	243.000000	52.753179	0.021692	-0.276934
1910.263586	0.000000	243.250000	50.195290	0.235964	-0.400914
1982.395155	0.000000	243.500000	50.195290	0.088985	-0.459706
2009.954886	0.000000	243.750000	50.195290	0.032771	-0.482191
2020.153135	0.000000	244.000000	50.195290	0.011962	-0.490515
1586.260873	0.000000	244.250000	54.831766	-0.623232	-0.188963
1424.856082	0.000000	244.500000	54.831766	-0.294772	-0.057579
1352.285911	0.000000	244.750000	54.831766	-0.147440	0.001354
1316.911316	0.000000	245.000000	54.831766	-0.075700	0.030050
1680.921147	0.000000	245.250000	50.796870	0.653889	-0.215950
1870.939396	0.000000	245.500000	50.796870	0.267934	-0.370333
1952.018883	0.000000	245.750000	50.796870	0.102798	-0.436387
1983.604204	0.000000	246.000000	50.796870	0.038395	-0.462148
1993.861511	0.000000	246.250000	50.836530	0.012281	-0.470676
1997.661933	0.000000	246.500000	50.836530	0.004527	-0.473777
1999.063761	0.000000	246.750000	50.836530	0.001667	-0.474921
1999.579991	0.000000	247.000000	50.836530	0.000613	-0.475342
1997.928898	0.000000	247.250000	50.879814	-0.001963	-0.474176
1997.321260	0.000000	247.500000	50.879814	-0.000723	-0.473680
1997.097476	0.000000	247.750000	50.879814	-0.000266	-0.473498
1997.015039	0.000000	248.000000	50.879814	-0.000098	-0.473430
1663.239572	0.000000	248.250000	54.191101	-0.464867	-0.239494
1537.797518	0.000000	248.500000	54.191101	-0.209505	-0.137350
1483.201687	0.000000	248.750000	54.191101	-0.098566	-0.092974
1457.939511	0.000000	249.000000	54.191101	-0.047275	-0.072457
1548.257334	0.000000	249.250000	53.338395	0.162957	-0.132032
1591.943163	0.000000	249.500000	53.338395	0.074255	-0.167513
1612.092768	0.000000	249.750000	53.338395	0.033316	-0.183888
1621.182476	0.000000	250.000000	53.338395	0.014843	-0.191278
