Nr	Nb	time	environment	abf_r	abf_b
250.000000	250.000000	0.000000	0.000000	0.000000	0.000000
498.465612	269.733155	0.250000	52.169746	2.496776	0.184282
851.275709	272.216102	0.500000	52.169746	1.791641	-0.102595
1211.721189	256.178071	0.750000	52.169746	1.081193	-0.360370
1477.574334	228.772607	1.000000	52.169746	0.566618	-0.520382
1621.528421	199.032065	1.250000	52.294297	0.258177	-0.578682
1696.949463	171.952985	1.500000	52.294297	0.127044	-0.585520
1736.206402	148.784717	1.750000	52.294297	0.066128	-0.570831
1757.902040	129.350837	2.000000	52.294297	0.037861	-0.549372
1697.164458	113.837077	2.250000	52.990020	-0.085491	-0.477014
1674.928689	101.651394	2.500000	52.990020	-0.030295	-0.434379
1667.878984	91.521684	2.750000	52.990020	-0.007689	-0.408261
1666.922040	82.846885	3.000000	52.990020	0.001334	-0.390036
1770.852011	74.600511	3.250000	51.975387	0.157208	-0.446568
1817.798061	66.489485	3.500000	51.975387	0.068285	-0.468492
1838.968776	59.108149	3.750000	51.975387	0.031201	-0.470897
1849.152487	52.572525	4.000000	51.975387	0.015796	-0.466051
1882.356840	46.710286	4.250000	51.637985	0.045697	-0.478449
1896.852953	41.430962	4.500000	51.637985	0.020471	-0.479649
1903.711535	36.765324	4.750000	51.637985	0.010306	-0.475857
1907.432565	32.663493	5.000000	51.637985	0.006074	-0.470641
1918.704803	29.033217	5.250000	51.517322	0.015494	-0.471624
1923.882546	25.810533	5.500000	51.517322	0.007572	-0.469365
1926.608096	22.963049	5.750000	51.517322	0.004344	-0.465861
1928.305576	20.448318	6.000000	51.517322	0.002939	-0.462187
1905.651140	18.267225	6.250000	51.824920	-0.028072	-0.441774
1897.485576	16.381885	6.500000	51.824920	-0.009885	-0.431323
1894.763399	14.718874	6.750000	51.824920	-0.002977	-0.425760
1894.089644	13.239119	7.000000	51.824920	-0.000395	-0.422235
1860.619093	11.955224	7.250000	52.197615	-0.043498	-0.395896
1847.884819	10.848690	7.500000	52.197615	-0.016645	-0.383291
1843.105793	9.865751	7.750000	52.197615	-0.006106	-0.377420
1841.430627	8.981418	8.000000	52.197615	-0.001971	-0.374278
1864.116281	8.163493	8.250000	51.945102	0.030528	-0.388668
1873.326940	7.400836	8.500000	51.945102	0.012384	-0.394642
1877.127587	6.703701	8.750000	51.945102	0.005209	-0.396339
1878.777469	6.071139	9.000000	51.945102	0.002363	-0.396412
1570.771347	5.657368	9.250000	54.572271	-0.467534	-0.182591
1449.284747	5.484408	9.500000	54.572271	-0.220297	-0.083401
1394.151738	5.406460	9.750000	54.572271	-0.108296	-0.038467
1367.550966	5.371516	10.000000	54.572271	-0.054304	-0.016811
1626.212936	5.238206	10.250000	52.109424	0.466665	-0.190889
1757.720180	4.917309	10.500000	52.109424	0.199867	-0.297073
1815.862624	4.534009	10.750000	52.109424	0.081881	-0.343624
1840.017239	4.149064	11.000000	52.109424	0.033008	-0.362526
1953.343488	3.748256	11.250000	49.809607	0.145296	-0.443549
1998.167832	3.336891	11.500000	49.809607	0.054240	-0.479280
2015.070164	2.954266	11.750000	49.809607	0.020070	-0.492304
2021.374186	2.610373	12.000000	49.809607	0.007487	-0.496758
1946.155210	2.322658	12.250000	51.800097	-0.090796	-0.442544
1918.629159	2.086548	12.500000	51.800097	-0.034459	-0.419611
1908.253519	1.881240	12.750000	51.800097	-0.013137	-0.410736
1904.321483	1.698552	13.000000	51.800097	-0.004971	-0.407163
1966.827991	1.525069	13.250000	50.744198	0.077871	-0.451333
1990.850562	1.358406	13.500000	50.744198	0.029015	-0.470595
1999.853639	1.206351	13.750000	50.744198	0.010773	-0.477636
2003.213843	1.070169	14.000000	50.744198	0.004028	-0.480104
1744.911784	0.973031	14.250000	53.579486	-0.344979	-0.297666
1648.249994	0.913894	14.500000	53.579486	-0.148057	-0.218797
1607.747653	0.869466	14.750000	53.579486	-0.065642	-0.185756
1589.984132	0.831781	15.000000	53.579486	-0.029503	-0.171237
1792.722590	0.782801	15.250000	51.464824	0.307206	-0.311857
1883.621813	0.716224	15.500000	51.464824	0.122288	-0.385712
1920.485971	0.647490	15.750000	51.464824	0.047231	-0.415619
1934.830817	0.582580	16.000000	51.464824	0.018041	-0.427186
1957.897564	0.522336	16.250000	51.188397	0.028553	-0.444113
1966.745237	0.000000	16.500000	51.188397	0.010936	-0.450280
1970.103289	0.000000	16.750000	51.188397	0.004087	-0.453020
1971.358936	0.000000	17.000000	51.188397	0.001526	-0.454045
1961.003922	0.000000	17.250000	51.364192	-0.012635	-0.446680
1957.135583	0.000000	17.500000	51.364192	-0.004745	-0.443524
1955.683929	0.000000	17.750000	51.364192	-0.001784	-0.442340
1955.138248	0.000000	18.000000	51.364192	-0.000671	-0.441895
1728.352271	0.000000	18.250000	53.579121	-0.310266	-0.282204
1641.746474	0.000000	18.500000	53.579121	-0.133916	-0.211663
1605.167032	0.000000	18.750000	53.579121	-0.059523	-0.181906
1589.065216	0.000000	19.000000	53.579121	-0.026794	-0.168815
1815.818996	0.000000	19.250000	51.066859	0.339967	-0.326685
1917.342009	0.000000	19.500000	51.066859	0.133340	-0.409336
1957.962810	0.000000	19.750000	51.066859	0.050547	-0.442453
1973.477143	0.000000	20.000000	51.066859	0.018908	-0.455109
1263.666552	0.000000	20.250000	57.538252	-1.231193	0.009193
1003.611327	0.000000	20.500000	57.538252	-0.702603	0.220628
874.028268	0.000000	20.750000	57.538252	-0.440244	0.325572
799.645894	0.000000	21.000000	57.538252	-0.289955	0.385688
1017.306766	0.000000	21.250000	54.361657	0.760786	0.280818
1176.872618	0.000000	21.500000	54.361657	0.439100	0.152144
1276.614023	0.000000	21.750000	54.361657	0.237496	0.071502
1332.882577	0.000000	22.000000	54.361657	0.123584	0.025937
1352.671977	0.000000	22.250000	54.446806	0.041876	0.008352
1362.854979	0.000000	22.500000	54.446806	0.021235	0.000096
1368.037808	0.000000	22.750000	54.446806	0.010728	-0.004107
1370.661016	0.000000	23.000000	54.446806	0.005409	-0.006235
1417.448235	0.000000	23.250000	54.068021	0.093937	-0.037462
1441.109813	0.000000	23.500000	54.068021	0.045949	-0.056657
1452.774800	0.000000	23.750000	54.068021	0.022283	-0.066124
1458.453242	0.000000	24.000000	54.068021	0.010761	-0.070733
1037.125941	0.000000	24.250000	58.192454	-1.018962	0.175162
849.189581	0.000000	24.500000	58.192454	-0.637953	0.327566
745.673654	0.000000	24.750000	58.192454	-0.428706	0.411264
681.985760	0.000000	25.000000	58.192454	-0.300184	0.462673
816.488290	0.000000	25.250000	55.517583	0.594716	0.420297
920.649252	0.000000	25.500000	55.517583	0.385091	0.336447
993.345317	0.000000	25.750000	55.517583	0.238529	0.277823
1040.476075	0.000000	26.000000	55.517583	0.143395	0.239769
1246.546606	0.000000	26.250000	53.862506	0.536831	0.104277
1374.379218	0.000000	26.500000	53.862506	0.278320	0.000873
1443.917980	0.000000	26.750000	53.862506	0.137416	-0.055489
1479.062548	0.000000	27.000000	53.862506	0.066128	-0.084004
1369.102426	0.000000	27.250000	54.901594	-0.216274	-0.013678
1317.018246	0.000000	27.500000	54.901594	-0.110611	0.028587
1290.895057	0.000000	27.750000	54.901594	-0.057656	0.049769
1277.416840	0.000000	28.000000	54.901594	-0.030346	0.060693
1149.939851	0.000000	28.250000	55.996391	-0.311563	0.140607
1084.183718	0.000000	28.500000	55.996391	-0.178411	0.193868
1047.770300	0.000000	28.750000	55.996391	-0.104751	0.223331
1026.810692	0.000000	29.000000	55.996391	-0.062377	0.240281
940.122717	0.000000	29.250000	56.836901	-0.277030	0.290305
889.838557	0.000000	29.500000	56.836901	-0.175423	0.330948
859.082338	0.000000	29.750000	56.836901	-0.113325	0.355787
839.656713	0.000000	30.000000	56.836901	-0.074124	0.371468
979.040811	0.000000	30.250000	55.074393	0.486681	0.298419
1076.101208	0.000000	30.500000	55.074393	0.290936	0.220121
1137.367197	0.000000	30.750000	55.074393	0.167182	0.170620
1173.674283	0.000000	31.000000	55.074393	0.093772	0.141256
1209.145291	0.000000	31.250000	54.941584	0.088015	0.115197
1229.000484	0.000000	31.500000	54.941584	0.047832	0.099123
1239.884090	0.000000	31.750000	54.941584	0.025798	0.090310
1245.781465	0.000000	32.000000	54.941584	0.013857	0.085534
1077.479052	0.000000	32.250000	56.575263	-0.437047	0.185588
990.489079	0.000000	32.500000	56.575263	-0.260951	0.256026
941.096083	0.000000	32.750000	56.575263	-0.161101	0.295966
911.545566	0.000000	33.000000	56.575263	-0.101411	0.319842
948.317216	0.000000	33.250000	55.936062	0.125201	0.305049
971.976451	0.000000	33.500000	55.936062	0.077451	0.285949
986.832411	0.000000	33.750000	55.936062	0.047456	0.273951
996.018328	0.000000	34.000000	55.936062	0.028904	0.266531
964.581569	0.000000	34.250000	56.341748	-0.100535	0.282579
945.689759	0.000000	34.500000	56.341748	-0.062374	0.297843
934.110328	0.000000	34.750000	56.341748	-0.038990	0.307197
926.926790	0.000000	35.000000	56.341748	-0.024486	0.312998
940.282532	0.000000	35.250000	56.136670	0.045296	0.306986
948.729745	0.000000	35.500000	56.136670	0.028244	0.300165
954.025936	0.000000	35.750000	56.136670	0.017551	0.295888
957.328342	0.000000	36.000000	56.136670	0.010884	0.293221
1111.422325	0.000000	36.250000	54.594108	0.457418	0.200799
1211.312669	0.000000	36.500000	54.594108	0.255664	0.120097
1269.780294	0.000000	36.750000	54.594108	0.137385	0.072785
1301.976509	0.000000	37.000000	54.594108	0.072193	0.046709
1044.066795	0.000000	37.250000	57.250193	-0.666178	0.195508
916.983959	0.000000	37.500000	57.250193	-0.408817	0.298452
845.024402	0.000000	37.750000	57.250193	-0.263380	0.356627
801.045486	0.000000	38.000000	57.250193	-0.174598	0.392140
719.545079	0.000000	38.250000	58.138965	-0.356836	0.433874
667.744936	0.000000	38.500000	58.138965	-0.252356	0.475666
632.999779	0.000000	38.750000	58.138965	-0.182336	0.503674
608.844727	0.000000	39.000000	58.138965	-0.133687	0.523134
684.632049	0.000000	39.250000	56.481308	0.398810	0.504934
744.214310	0.000000	39.500000	56.481308	0.278994	0.457008
788.341158	0.000000	39.750000	56.481308	0.190166	0.421477
819.597225	0.000000	40.000000	56.481308	0.127199	0.396290
583.926270	0.000000	40.250000	65.727168	-1.153953	0.270791
454.040991	0.000000	40.500000	65.727168	-0.891492	0.375776
371.771736	0.000000	40.750000	65.727168	-0.725603	0.442131
314.991120	0.000000	41.000000	65.727168	-0.611270	0.487864
274.723082	0.000000	41.250000	64.825476	-0.510160	0.557388
243.863419	0.000000	41.500000	64.825476	-0.448132	0.582199
219.460855	0.000000	41.750000	64.825476	-0.399110	0.601808
199.681629	0.000000	42.000000	64.825476	-0.359393	0.617694
188.266809	0.000000	42.250000	62.680801	-0.224761	0.711034
178.446727	0.000000	42.500000	62.680801	-0.205063	0.718913
169.914782	0.000000	42.750000	62.680801	-0.187953	0.725757
162.438198	0.000000	43.000000	62.680801	-0.172961	0.731754
151.068183	0.000000	43.250000	65.595049	-0.279604	0.625091
141.238625	0.000000	43.500000	65.595049	-0.259889	0.632976
132.656455	0.000000	43.750000	65.595049	-0.242680	0.639860
125.098516	0.000000	44.000000	65.595049	-0.227526	0.645922
122.709697	0.000000	44.250000	62.468509	-0.074856	0.771544
120.504707	0.000000	44.500000	62.468509	-0.070439	0.773311
118.464902	0.000000	44.750000	62.468509	-0.066353	0.774945
116.574049	0.000000	45.000000	62.468509	-0.062566	0.776460
110.456009	0.000000	45.250000	66.407688	-0.209864	0.623674
104.962860	0.000000	45.500000	66.407688	-0.198855	0.628078
100.003534	0.000000	45.750000	66.407688	-0.188916	0.632053
95.503838	0.000000	46.000000	66.407688	-0.179900	0.635660
91.424203	0.000000	46.250000	66.322653	-0.170763	0.642510
87.689806	0.000000	46.500000	66.322653	-0.163281	0.645503
84.258619	0.000000	46.750000	66.322653	-0.156407	0.648252
81.095167	0.000000	47.000000	66.322653	-0.150070	0.650787
80.750660	0.000000	47.250000	62.771562	-0.016700	0.793796
80.421164	0.000000	47.500000	62.771562	-0.016041	0.794060
80.105920	0.000000	47.750000	62.771562	-0.015410	0.794312
79.804218	0.000000	48.000000	62.771562	-0.014806	0.794554
77.393907	0.000000	48.250000	65.057411	-0.120384	0.706313
75.143841	0.000000	48.500000	65.057411	-0.115878	0.708116
73.038630	0.000000	48.750000	65.057411	-0.111662	0.709802
71.064793	0.000000	49.000000	65.057411	-0.107709	0.711383
69.785743	0.000000	49.250000	64.048591	-0.071431	0.753096
68.572414	0.000000	49.500000	64.048591	-0.069002	0.754068
67.420030	0.000000	49.750000	64.048591	-0.066695	0.754990
66.324267	0.000000	50.000000	64.048591	-0.064501	0.755868
65.312375	0.000000	50.250000	64.004122	-0.060533	0.758442
64.347701	0.000000	50.500000	64.004122	-0.058602	0.759214
63.427154	0.000000	50.750000	64.004122	-0.056759	0.759951
62.547907	0.000000	51.000000	64.004122	-0.054999	0.760655
61.346622	0.000000	51.250000	64.637928	-0.076426	0.736236
60.203670	0.000000	51.500000	64.637928	-0.074138	0.737151
59.114975	0.000000	51.750000	64.637928	-0.071959	0.738023
58.076831	0.000000	52.000000	64.637928	-0.069880	0.738854
56.820902	0.000000	52.250000	65.365804	-0.086254	0.710119
55.626192	0.000000	52.500000	65.365804	-0.083862	0.711075
54.488358	0.000000	52.750000	65.365804	-0.081584	0.711987
53.403456	0.000000	53.000000	65.365804	-0.079412	0.712855
52.123627	0.000000	53.250000	66.684929	-0.095809	0.658704
50.906231	0.000000	53.500000	66.684929	-0.093372	0.659679
49.746810	0.000000	53.750000	66.684929	-0.091051	0.660607
48.641322	0.000000	54.000000	66.684929	-0.088838	0.661493
49.455716	0.000000	54.250000	62.536969	0.065636	0.827648
50.263358	0.000000	54.500000	62.536969	0.064020	0.827001
51.063656	0.000000	54.750000	62.536969	0.062420	0.826361
51.856044	0.000000	55.000000	62.536969	0.060834	0.825727
51.868917	0.000000	55.250000	63.343111	0.000981	0.795084
51.881464	0.000000	55.500000	63.343111	0.000955	0.795074
51.893692	0.000000	55.750000	63.343111	0.000931	0.795065
51.905610	0.000000	56.000000	63.343111	0.000907	0.795055
50.923198	0.000000	56.250000	65.416727	-0.075497	0.712740
49.983388	0.000000	56.500000	65.416727	-0.073615	0.713492
49.083487	0.000000	56.750000	65.416727	-0.071814	0.714213
48.221024	0.000000	57.000000	65.416727	-0.070088	0.714903
48.201772	0.000000	57.250000	63.511309	-0.001579	0.791496
48.182985	0.000000	57.500000	63.511309	-0.001541	0.791511
48.164653	0.000000	57.750000	63.511309	-0.001505	0.791526
48.146764	0.000000	58.000000	63.511309	-0.001469	0.791540
47.668151	0.000000	58.250000	64.358146	-0.039505	0.758455
47.205403	0.000000	58.500000	64.358146	-0.038579	0.758826
46.757786	0.000000	58.750000	64.358146	-0.037683	0.759184
46.324612	0.000000	59.000000	64.358146	-0.036816	0.759531
46.878838	0.000000	59.250000	62.822811	0.047041	0.818973
47.426626	0.000000	59.500000	62.822811	0.045945	0.818534
47.967755	0.000000	59.750000	62.822811	0.044862	0.818101
48.502016	0.000000	60.000000	62.822811	0.043794	0.817674
47.701256	0.000000	60.250000	65.265008	-0.065827	0.721574
46.932128	0.000000	60.500000	65.265008	-0.064287	0.722189
46.192815	0.000000	60.750000	65.265008	-0.062807	0.722781
45.481634	0.000000	61.000000	65.265008	-0.061384	0.723351
46.427547	0.000000	61.250000	62.429377	0.081430	0.834075
47.370753	0.000000	61.500000	62.429377	0.079543	0.833320
48.310374	0.000000	61.750000	62.429377	0.077664	0.832568
49.245544	0.000000	62.000000	62.429377	0.075793	0.831820
48.382002	0.000000	62.250000	65.393756	-0.069940	0.715723
47.553706	0.000000	62.500000	65.393756	-0.068282	0.716386
46.758561	0.000000	62.750000	65.393756	-0.066691	0.717023
45.994631	0.000000	63.000000	65.393756	-0.065162	0.717634
46.065036	0.000000	63.250000	63.452765	0.006051	0.795482
46.133941	0.000000	63.500000	63.452765	0.005913	0.795427
46.201375	0.000000	63.750000	63.452765	0.005778	0.795373
46.267365	0.000000	64.000000	63.452765	0.005646	0.795320
45.689712	0.000000	64.250000	64.790310	-0.049703	0.742595
45.132076	0.000000	64.500000	64.790310	-0.048587	0.743041
44.593465	0.000000	64.750000	64.790310	-0.047509	0.743472
44.072948	0.000000	65.000000	64.790310	-0.046468	0.743889
43.863663	0.000000	65.250000	64.032300	-0.018840	0.774496
43.659880	0.000000	65.500000	64.032300	-0.018432	0.774660
43.461414	0.000000	65.750000	64.032300	-0.018035	0.774818
43.268087	0.000000	66.000000	64.032300	-0.017648	0.774973
42.769627	0.000000	66.250000	64.861006	-0.045872	0.742058
42.287276	0.000000	66.500000	64.861006	-0.044907	0.742444
41.820288	0.000000	66.750000	64.861006	-0.043973	0.742818
41.367962	0.000000	67.000000	64.861006	-0.043067	0.743180
41.430570	0.000000	67.250000	63.620012	0.005989	0.792677
41.491986	0.000000	67.500000	63.620012	0.005866	0.792628
41.552229	0.000000	67.750000	63.620012	0.005746	0.792579
41.611319	0.000000	68.000000	63.620012	0.005628	0.792532
40.975614	0.000000	68.250000	65.705651	-0.060974	0.708732
40.362221	0.000000	68.500000	65.705651	-0.059746	0.709223
39.769994	0.000000	68.750000	65.705651	-0.058561	0.709697
39.197863	0.000000	69.000000	65.705651	-0.057416	0.710155
38.846585	0.000000	69.250000	64.778784	-0.035672	0.748541
38.505122	0.000000	69.500000	64.778784	-0.034989	0.748814
38.173087	0.000000	69.750000	64.778784	-0.034325	0.749080
37.850112	0.000000	70.000000	64.778784	-0.033678	0.749339
37.907518	0.000000	70.250000	63.755733	0.006007	0.790179
37.963929	0.000000	70.500000	63.755733	0.005894	0.790134
38.019362	0.000000	70.750000	63.755733	0.005783	0.790090
38.073830	0.000000	71.000000	63.755733	0.005674	0.790046
38.328006	0.000000	71.250000	63.371078	0.026371	0.804840
38.579007	0.000000	71.500000	63.371078	0.025869	0.804639
38.826809	0.000000	71.750000	63.371078	0.025373	0.804440
39.071393	0.000000	72.000000	63.371078	0.024884	0.804245
38.949603	0.000000	72.250000	64.111164	-0.012371	0.775297
38.830532	0.000000	72.500000	64.111164	-0.012133	0.775393
38.714103	0.000000	72.750000	64.111164	-0.011900	0.775486
38.600245	0.000000	73.000000	64.111164	-0.011672	0.775577
38.516637	0.000000	73.250000	64.042733	-0.008593	0.778362
38.434800	0.000000	73.500000	64.042733	-0.008430	0.778428
38.354689	0.000000	73.750000	64.042733	-0.008269	0.778492
38.276262	0.000000	74.000000	64.042733	-0.008112	0.778555
38.206440	0.000000	74.250000	64.025805	-0.007237	0.779282
38.138063	0.000000	74.500000	64.025805	-0.007100	0.779337
38.071096	0.000000	74.750000	64.025805	-0.006966	0.779390
38.005507	0.000000	75.000000	64.025805	-0.006834	0.779443
37.886372	0.000000	75.250000	64.164537	-0.012444	0.774024
37.769836	0.000000	75.500000	64.164537	-0.012211	0.774117
37.655828	0.000000	75.750000	64.164537	-0.011983	0.774208
37.544282	0.000000	76.000000	64.164537	-0.011760	0.774298
37.179854	0.000000	76.250000	65.009651	-0.038668	0.740469
36.825578	0.000000	76.500000	65.009651	-0.037959	0.740753
36.481051	0.000000	76.750000	65.009651	-0.037269	0.741028
36.145888	0.000000	77.000000	65.009651	-0.036599	0.741297
35.699095	0.000000	77.250000	65.643079	-0.049324	0.715555
35.265584	0.000000	77.500000	65.643079	-0.048457	0.715902
34.844778	0.000000	77.750000	65.643079	-0.047615	0.716239
34.436133	0.000000	78.000000	65.643079	-0.046797	0.716566
34.002271	0.000000	78.250000	65.910182	-0.050302	0.705793
33.581052	0.000000	78.500000	65.910182	-0.049459	0.706130
33.171935	0.000000	78.750000	65.910182	-0.048640	0.706457
32.774411	0.000000	79.000000	65.910182	-0.047845	0.706775
33.252624	0.000000	79.250000	63.049874	0.057484	0.821248
33.729758	0.000000	79.500000	63.049874	0.056529	0.820866
34.205587	0.000000	79.750000	63.049874	0.055578	0.820485
34.679890	0.000000	80.000000	63.049874	0.054629	0.820106
52.908370	0.000000	80.250000	43.541904	1.671044	1.010094
79.821856	0.000000	80.500000	43.541904	1.617622	0.988725
118.483301	0.000000	80.750000	43.541904	1.540831	0.958009
171.887591	0.000000	81.000000	43.541904	1.434660	0.915541
258.479254	0.000000	81.250000	44.141754	1.544942	0.859627
369.868123	0.000000	81.500000	44.141754	1.323060	0.770874
498.219348	0.000000	81.750000	44.141754	1.066777	0.668361
628.629424	0.000000	82.000000	44.141754	0.805708	0.563933
594.848448	0.000000	82.250000	41.618933	-0.190316	0.527551
570.956501	0.000000	82.500000	41.618933	-0.142213	0.546793
553.640636	0.000000	82.750000	41.618933	-0.107364	0.560732
540.867341	0.000000	83.000000	41.618933	-0.081665	0.571012
683.715343	0.000000	83.250000	44.360949	0.801790	0.524406
807.948988	0.000000	83.500000	44.360949	0.552308	0.424614
903.531654	0.000000	83.750000	44.360949	0.359939	0.347666
970.366486	0.000000	84.000000	44.360949	0.225209	0.293774
839.670695	0.000000	84.250000	42.222839	-0.464741	0.346878
763.810261	0.000000	84.500000	42.222839	-0.311502	0.408173
716.102861	0.000000	84.750000	42.222839	-0.215251	0.446673
684.572862	0.000000	85.000000	42.222839	-0.151690	0.472098
639.929518	0.000000	85.250000	41.767647	-0.229524	0.495458
609.378447	0.000000	85.500000	41.767647	-0.167978	0.520076
587.804506	0.000000	85.750000	41.767647	-0.124539	0.537452
572.229964	0.000000	86.000000	41.767647	-0.093192	0.549991
572.534705	0.000000	86.250000	42.032162	0.001850	0.557115
572.763693	0.000000	86.500000	42.032162	0.001389	0.556930
572.935718	0.000000	86.750000	42.032162	0.001043	0.556792
573.064928	0.000000	87.000000	42.032162	0.000783	0.556688
695.217205	0.000000	87.250000	44.112117	0.657827	0.509864
797.158255	0.000000	87.500000	44.112117	0.452988	0.427928
874.048443	0.000000	87.750000	44.112117	0.298208	0.366016
927.733895	0.000000	88.000000	44.112117	0.189998	0.322732
889.854775	0.000000	88.250000	43.257901	-0.133164	0.333286
866.422912	0.000000	88.500000	43.257901	-0.085861	0.352207
851.570104	0.000000	88.750000	43.257901	-0.055888	0.364196
842.009267	0.000000	89.000000	43.257901	-0.036600	0.371911
832.050736	0.000000	89.250000	43.208349	-0.038664	0.378726
825.547847	0.000000	89.500000	43.208349	-0.025548	0.383972
821.272911	0.000000	89.750000	43.208349	-0.016927	0.387421
818.450208	0.000000	90.000000	43.208349	-0.011234	0.389698
852.232158	0.000000	90.250000	43.669030	0.131238	0.373525
875.064183	0.000000	90.500000	43.669030	0.085202	0.355111
890.139154	0.000000	90.750000	43.669030	0.054796	0.342948
899.939512	0.000000	91.000000	43.669030	0.035023	0.335039
847.515912	0.000000	91.250000	42.925895	-0.193601	0.359151
814.914797	0.000000	91.500000	42.925895	-0.127802	0.385470
793.940884	0.000000	91.750000	42.925895	-0.085492	0.402394
780.151248	0.000000	92.000000	42.925895	-0.057685	0.413517
816.898908	0.000000	92.250000	43.557911	0.150749	0.399395
842.302633	0.000000	92.500000	43.557911	0.099551	0.378915
859.415011	0.000000	92.750000	43.557911	0.065048	0.365114
870.741884	0.000000	93.000000	43.557911	0.042203	0.355976
699.105016	0.000000	93.250000	40.532546	-0.728955	0.410773
599.300544	0.000000	93.500000	40.532546	-0.527414	0.491390
534.797376	0.000000	93.750000	40.532546	-0.397374	0.543406
490.220275	0.000000	94.000000	40.532546	-0.307603	0.579314
515.649390	0.000000	94.250000	42.197960	0.178630	0.607368
536.208636	0.000000	94.500000	42.197960	0.137327	0.590846
552.490762	0.000000	94.750000	42.197960	0.104605	0.577758
565.175874	0.000000	95.000000	42.197960	0.079104	0.567557
772.240473	0.000000	95.250000	45.224813	1.050401	0.470362
955.617884	0.000000	95.500000	45.224813	0.682063	0.323026
1091.355010	0.000000	95.750000	45.224813	0.408542	0.213618
1179.074251	0.000000	96.000000	45.224813	0.231385	0.142755
1031.689054	0.000000	96.250000	43.285392	-0.407597	0.219248
953.023008	0.000000	96.500000	43.285392	-0.248435	0.282913
907.337488	0.000000	96.750000	43.285392	-0.156117	0.319840
879.496755	0.000000	97.000000	43.285392	-0.099900	0.342327
852.882313	0.000000	97.250000	43.166756	-0.099190	0.360884
835.956722	0.000000	97.500000	43.166756	-0.065038	0.374545
825.002367	0.000000	97.750000	43.166756	-0.042940	0.383384
817.831957	0.000000	98.000000	43.166756	-0.028479	0.389168
883.733548	0.000000	98.250000	44.052896	0.250112	0.356896
928.962103	0.000000	98.500000	44.052896	0.158925	0.320421
958.604528	0.000000	98.750000	44.052896	0.099116	0.296498
977.449388	0.000000	99.000000	44.052896	0.061075	0.281282
873.407336	0.000000	99.250000	42.657581	-0.359157	0.331277
812.334626	0.000000	99.500000	42.657581	-0.235795	0.380622
774.102669	0.000000	99.750000	42.657581	-0.158646	0.411482
749.197724	0.000000	100.000000	42.657581	-0.108421	0.431571
544.560740	0.000000	100.250000	78.838006	-1.099096	-0.217994
427.638396	0.000000	100.500000	78.838006	-0.862957	-0.123538
351.987859	0.000000	100.750000	78.838006	-0.710466	-0.062542
299.034889	0.000000	101.000000	78.838006	-0.603865	-0.019901
259.897026	0.000000	101.250000	81.763358	-0.525148	-0.069508
229.791737	0.000000	101.500000	81.763358	-0.464641	-0.045305
205.915609	0.000000	101.750000	81.763358	-0.416679	-0.026121
186.516576	0.000000	102.000000	81.763358	-0.377727	-0.010540
170.443318	0.000000	102.250000	78.875068	-0.345465	0.082312
156.908107	0.000000	102.500000	78.875068	-0.318305	0.093176
145.353784	0.000000	102.750000	78.875068	-0.295126	0.102447
135.375147	0.000000	103.000000	78.875068	-0.275112	0.110453
126.670455	0.000000	103.250000	81.043881	-0.257657	0.055620
119.010390	0.000000	103.500000	81.043881	-0.242299	0.061763
112.217555	0.000000	103.750000	81.043881	-0.228681	0.067210
106.152568	0.000000	104.000000	81.043881	-0.216524	0.072073
100.704398	0.000000	104.250000	80.183538	-0.205605	0.099695
95.783505	0.000000	104.500000	80.183538	-0.195744	0.103640
91.316877	0.000000	104.750000	80.183538	-0.186794	0.107220
87.244390	0.000000	105.000000	80.183538	-0.178634	0.110484
83.516081	0.000000	105.250000	79.450085	-0.171165	0.134621
80.090090	0.000000	105.500000	79.450085	-0.164301	0.137366
76.931079	0.000000	105.750000	79.450085	-0.157973	0.139898
74.009012	0.000000	106.000000	79.450085	-0.152120	0.142239
71.298196	0.000000	106.250000	81.290717	-0.146690	0.093650
68.776523	0.000000	106.500000	81.290717	-0.141640	0.095670
66.424866	0.000000	106.750000	81.290717	-0.136930	0.097554
64.226591	0.000000	107.000000	81.290717	-0.132528	0.099315
62.167169	0.000000	107.250000	78.683827	-0.128404	0.175085
60.233847	0.000000	107.500000	78.683827	-0.124532	0.176634
58.415388	0.000000	107.750000	78.683827	-0.120891	0.178090
56.701852	0.000000	108.000000	78.683827	-0.117460	0.179463
55.084413	0.000000	108.250000	78.419371	-0.114221	0.189112
53.555208	0.000000	108.500000	78.419371	-0.111159	0.190336
52.107211	0.000000	108.750000	78.419371	-0.108260	0.191496
50.734120	0.000000	109.000000	78.419371	-0.105511	0.192596
49.430270	0.000000	109.250000	80.688007	-0.102901	0.126936
48.190552	0.000000	109.500000	80.688007	-0.100419	0.127928
47.010350	0.000000	109.750000	80.688007	-0.098056	0.128873
45.885479	0.000000	110.000000	80.688007	-0.095804	0.129774
44.812138	0.000000	110.250000	77.500306	-0.093656	0.227490
43.786865	0.000000	110.500000	77.500306	-0.091603	0.228311
42.806503	0.000000	110.750000	77.500306	-0.089641	0.229096
41.868164	0.000000	111.000000	77.500306	-0.087762	0.229847
40.969202	0.000000	111.250000	80.218386	-0.085963	0.146577
40.107191	0.000000	111.500000	80.218386	-0.084238	0.147268
39.279900	0.000000	111.750000	80.218386	-0.082582	0.147930
38.485271	0.000000	112.000000	80.218386	-0.080991	0.148566
37.721409	0.000000	112.250000	79.516862	-0.079462	0.169327
36.986561	0.000000	112.500000	79.516862	-0.077991	0.169915
36.279106	0.000000	112.750000	79.516862	-0.076575	0.170482
35.597539	0.000000	113.000000	79.516862	-0.075211	0.171027
34.940466	0.000000	113.250000	80.432251	-0.073896	0.145482
34.306590	0.000000	113.500000	80.432251	-0.072628	0.145990
33.694704	0.000000	113.750000	80.432251	-0.071403	0.146480
33.103684	0.000000	114.000000	80.432251	-0.070220	0.146953
32.532480	0.000000	114.250000	81.704652	-0.069077	0.114354
31.980113	0.000000	114.500000	81.704652	-0.067971	0.114796
31.445666	0.000000	114.750000	81.704652	-0.066902	0.115224
30.928282	0.000000	115.000000	81.704652	-0.065866	0.115638
30.427155	0.000000	115.250000	78.988950	-0.064863	0.191047
29.941533	0.000000	115.500000	78.988950	-0.063892	0.191436
29.470706	0.000000	115.750000	78.988950	-0.062949	0.191813
29.014010	0.000000	116.000000	78.988950	-0.062035	0.192179
28.570817	0.000000	116.250000	80.364620	-0.061149	0.152443
28.140537	0.000000	116.500000	80.364620	-0.060287	0.152787
27.722615	0.000000	116.750000	80.364620	-0.059451	0.153122
27.316525	0.000000	117.000000	80.364620	-0.058638	0.153447
26.921773	0.000000	117.250000	80.903573	-0.057849	0.139220
26.537890	0.000000	117.500000	80.903573	-0.057080	0.139527
26.164434	0.000000	117.750000	80.903573	-0.056333	0.139826
25.800986	0.000000	118.000000	80.903573	-0.055606	0.140117
25.447149	0.000000	118.250000	80.413678	-0.054898	0.153592
25.102547	0.000000	118.500000	80.413678	-0.054208	0.153868
24.766823	0.000000	118.750000	80.413678	-0.053536	0.154136
24.439639	0.000000	119.000000	80.413678	-0.052882	0.154398
24.120673	0.000000	119.250000	78.874689	-0.052243	0.199612
23.809619	0.000000	119.500000	78.874689	-0.051621	0.199861
23.506187	0.000000	119.750000	78.874689	-0.051014	0.200104
23.210101	0.000000	120.000000	78.874689	-0.050421	0.200341
22.921095	0.000000	120.250000	96.100317	-0.049843	-0.021760
22.638921	0.000000	120.500000	96.100317	-0.049278	-0.021535
22.363339	0.000000	120.750000	96.100317	-0.048727	-0.021314
22.094120	0.000000	121.000000	96.100317	-0.048188	-0.021099
21.831046	0.000000	121.250000	93.646851	-0.047662	-0.017835
21.573911	0.000000	121.500000	93.646851	-0.047147	-0.017630
21.322514	0.000000	121.750000	93.646851	-0.046644	-0.017428
21.076667	0.000000	122.000000	93.646851	-0.046152	-0.017232
20.836187	0.000000	122.250000	99.173288	-0.045671	-0.020661
20.600901	0.000000	122.500000	99.173288	-0.045201	-0.020473
20.370643	0.000000	122.750000	99.173288	-0.044740	-0.020288
20.145253	0.000000	123.000000	99.173288	-0.044289	-0.020108
19.924578	0.000000	123.250000	93.988080	-0.043847	-0.016985
19.708472	0.000000	123.500000	93.988080	-0.043415	-0.016812
19.496796	0.000000	123.750000	93.988080	-0.042991	-0.016642
19.289413	0.000000	124.000000	93.988080	-0.042576	-0.016476
19.086195	0.000000	124.250000	93.371754	-0.042170	-0.015019
18.887018	0.000000	124.500000	93.371754	-0.041771	-0.014860
18.691763	0.000000	124.750000	93.371754	-0.041381	-0.014704
18.500314	0.000000	125.000000	93.371754	-0.040998	-0.014550
18.312562	0.000000	125.250000	95.526030	-0.040622	-0.017678
18.128401	0.000000	125.500000	95.526030	-0.040254	-0.017530
17.947729	0.000000	125.750000	95.526030	-0.039892	-0.017386
17.770448	0.000000	126.000000	95.526030	-0.039537	-0.017244
17.596462	0.000000	126.250000	94.984899	-0.039189	-0.016580
17.425682	0.000000	126.500000	94.984899	-0.038848	-0.016444
17.258020	0.000000	126.750000	94.984899	-0.038512	-0.016310
17.093391	0.000000	127.000000	94.984899	-0.038183	-0.016178
16.931713	0.000000	127.250000	96.192506	-0.037859	-0.017017
16.772908	0.000000	127.500000	96.192506	-0.037542	-0.016890
16.616901	0.000000	127.750000	96.192506	-0.037229	-0.016765
16.463617	0.000000	128.000000	96.192506	-0.036923	-0.016642
16.312987	0.000000	128.250000	94.418058	-0.036621	-0.014811
16.164941	0.000000	128.500000	94.418058	-0.036325	-0.014693
16.019415	0.000000	128.750000	94.418058	-0.036034	-0.014576
15.876345	0.000000	129.000000	94.418058	-0.035748	-0.014462
15.735668	0.000000	129.250000	94.528421	-0.035466	-0.014511
15.597326	0.000000	129.500000	94.528421	-0.035190	-0.014400
15.461260	0.000000	129.750000	94.528421	-0.034917	-0.014291
15.327416	0.000000	130.000000	94.528421	-0.034650	-0.014184
15.195739	0.000000	130.250000	94.847315	-0.034386	-0.014498
15.066178	0.000000	130.500000	94.847315	-0.034127	-0.014395
14.938680	0.000000	130.750000	94.847315	-0.033872	-0.014293
14.813199	0.000000	131.000000	94.847315	-0.033621	-0.014192
14.689686	0.000000	131.250000	94.175445	-0.033374	-0.013125
14.568095	0.000000	131.500000	94.175445	-0.033130	-0.013028
14.448383	0.000000	131.750000	94.175445	-0.032891	-0.012932
14.330505	0.000000	132.000000	94.175445	-0.032655	-0.012838
14.214420	0.000000	132.250000	96.993509	-0.032423	-0.015154
14.100088	0.000000	132.500000	96.993509	-0.032194	-0.015062
13.987469	0.000000	132.750000	96.993509	-0.031969	-0.014972
13.876526	0.000000	133.000000	96.993509	-0.031747	-0.014883
13.767220	0.000000	133.250000	94.755771	-0.031528	-0.013242
13.659516	0.000000	133.500000	94.755771	-0.031313	-0.013156
13.553379	0.000000	133.750000	94.755771	-0.031100	-0.013071
13.448775	0.000000	134.000000	94.755771	-0.030891	-0.012987
13.345672	0.000000	134.250000	96.095487	-0.030685	-0.014094
13.244037	0.000000	134.500000	96.095487	-0.030482	-0.014013
13.143839	0.000000	134.750000	96.095487	-0.030281	-0.013933
13.045049	0.000000	135.000000	96.095487	-0.030083	-0.013854
12.947635	0.000000	135.250000	96.285165	-0.029889	-0.013876
12.851571	0.000000	135.500000	96.285165	-0.029696	-0.013799
12.756828	0.000000	135.750000	96.285165	-0.029507	-0.013723
12.663379	0.000000	136.000000	96.285165	-0.029320	-0.013648
12.571199	0.000000	136.250000	96.428308	-0.029135	-0.013641
12.480260	0.000000	136.500000	96.428308	-0.028954	-0.013568
12.390539	0.000000	136.750000	96.428308	-0.028774	-0.013496
12.302011	0.000000	137.000000	96.428308	-0.028597	-0.013426
12.214653	0.000000	137.250000	94.865780	-0.028422	-0.012135
12.128441	0.000000	137.500000	94.865780	-0.028250	-0.012066
12.043354	0.000000	137.750000	94.865780	-0.028080	-0.011998
11.959369	0.000000	138.000000	94.865780	-0.027911	-0.011931
11.876465	0.000000	138.250000	94.632126	-0.027746	-0.011567
11.794621	0.000000	138.500000	94.632126	-0.027582	-0.011501
11.713818	0.000000	138.750000	94.632126	-0.027420	-0.011436
11.634036	0.000000	139.000000	94.632126	-0.027261	-0.011373
11.555254	0.000000	139.250000	95.260727	-0.027103	-0.012034
11.477456	0.000000	139.500000	95.260727	-0.026947	-0.011971
11.400622	0.000000	139.750000	95.260727	-0.026794	-0.011910
11.324735	0.000000	140.000000	95.260727	-0.026642	-0.011849
11.289043	0.000000	140.250000	33.470127	-0.012593	0.697946
11.253663	0.000000	140.500000	33.470127	-0.012522	0.697974
11.218591	0.000000	140.750000	33.470127	-0.012452	0.698002
11.183824	0.000000	141.000000	33.470127	-0.012382	0.698030
11.135131	0.000000	141.250000	32.857039	-0.017407	0.672067
11.086919	0.000000	141.500000	32.857039	-0.017310	0.672106
11.039180	0.000000	141.750000	32.857039	-0.017215	0.672144
10.991908	0.000000	142.000000	32.857039	-0.017120	0.672182
11.172142	0.000000	142.250000	36.349342	0.064882	0.815687
11.354302	0.000000	142.500000	36.349342	0.064518	0.815542
11.538375	0.000000	142.750000	36.349342	0.064150	0.815394
11.724348	0.000000	143.000000	36.349342	0.063778	0.815246
11.698014	0.000000	143.250000	33.854950	-0.008969	0.713814
11.671891	0.000000	143.500000	33.854950	-0.008917	0.713835
11.645979	0.000000	143.750000	33.854950	-0.008865	0.713856
11.620274	0.000000	144.000000	33.854950	-0.008814	0.713876
11.730533	0.000000	144.250000	35.780370	0.037669	0.792755
11.841184	0.000000	144.500000	35.780370	0.037448	0.792667
11.952217	0.000000	144.750000	35.780370	0.037226	0.792578
12.063620	0.000000	145.000000	35.780370	0.037003	0.792489
12.062237	0.000000	145.250000	34.443528	-0.000457	0.738063
12.060862	0.000000	145.500000	34.443528	-0.000454	0.738064
12.059496	0.000000	145.750000	34.443528	-0.000452	0.738066
12.058139	0.000000	146.000000	34.443528	-0.000449	0.738067
12.025174	0.000000	146.250000	33.752184	-0.010919	0.709238
11.992496	0.000000	146.500000	33.752184	-0.010853	0.709264
11.960101	0.000000	146.750000	33.752184	-0.010789	0.709290
11.927986	0.000000	147.000000	33.752184	-0.010724	0.709316
12.200080	0.000000	147.250000	36.808601	0.089958	0.832668
12.476669	0.000000	147.500000	36.808601	0.089405	0.832447
12.757750	0.000000	147.750000	36.808601	0.088843	0.832222
13.043315	0.000000	148.000000	36.808601	0.088273	0.831994
13.060471	0.000000	148.250000	34.812358	0.005241	0.752479
13.077537	0.000000	148.500000	34.812358	0.005207	0.752465
13.094514	0.000000	148.750000	34.812358	0.005173	0.752452
13.111403	0.000000	149.000000	34.812358	0.005139	0.752438
13.218567	0.000000	149.250000	35.722906	0.032458	0.789269
13.325892	0.000000	149.500000	35.722906	0.032243	0.789184
13.433368	0.000000	149.750000	35.722906	0.032028	0.789098
13.540982	0.000000	150.000000	35.722906	0.031813	0.789012
13.533802	0.000000	150.250000	34.511015	-0.002115	0.739680
13.526674	0.000000	150.500000	34.511015	-0.002100	0.739686
13.519597	0.000000	150.750000	34.511015	-0.002086	0.739691
13.512573	0.000000	151.000000	34.511015	-0.002072	0.739697
13.447194	0.000000	151.250000	33.210408	-0.019338	0.685231
13.382566	0.000000	151.500000	33.210408	-0.019208	0.685283
13.318677	0.000000	151.750000	33.210408	-0.019081	0.685334
13.255515	0.000000	152.000000	33.210408	-0.018954	0.685385
13.394974	0.000000	152.250000	35.958900	0.041730	0.798528
13.534954	0.000000	152.500000	35.958900	0.041450	0.798416
13.675439	0.000000	152.750000	35.958900	0.041169	0.798304
13.816410	0.000000	153.000000	35.958900	0.040887	0.798191
13.793385	0.000000	153.250000	34.290579	-0.006649	0.730330
13.770557	0.000000	153.500000	34.290579	-0.006604	0.730349
13.747923	0.000000	153.750000	34.290579	-0.006558	0.730367
13.725481	0.000000	154.000000	34.290579	-0.006513	0.730385
13.691322	0.000000	154.250000	34.071771	-0.009934	0.721294
13.657481	0.000000	154.500000	34.071771	-0.009867	0.721321
13.623953	0.000000	154.750000	34.071771	-0.009800	0.721348
13.590733	0.000000	155.000000	34.071771	-0.009733	0.721375
13.954652	0.000000	155.250000	37.078301	0.105349	0.841564
14.325683	0.000000	155.500000	37.078301	0.104607	0.841267
14.703825	0.000000	155.750000	37.078301	0.103851	0.840965
15.089068	0.000000	156.000000	37.078301	0.103081	0.840656
15.085205	0.000000	156.250000	34.714252	-0.001020	0.746826
15.081373	0.000000	156.500000	34.714252	-0.001013	0.746829
15.077570	0.000000	156.750000	34.714252	-0.001005	0.746832
15.073797	0.000000	157.000000	34.714252	-0.000998	0.746835
15.172833	0.000000	157.250000	35.657875	0.026099	0.785103
15.271764	0.000000	157.500000	35.657875	0.025901	0.785024
15.370580	0.000000	157.750000	35.657875	0.025704	0.784945
15.469272	0.000000	158.000000	35.657875	0.025506	0.784866
15.575184	0.000000	158.250000	35.708421	0.027191	0.786805
15.680991	0.000000	158.500000	35.708421	0.026980	0.786720
15.786682	0.000000	158.750000	35.708421	0.026768	0.786636
15.892247	0.000000	159.000000	35.708421	0.026557	0.786551
15.963369	0.000000	159.250000	35.466818	0.017793	0.776791
16.034240	0.000000	159.500000	35.466818	0.017651	0.776735
16.104856	0.000000	159.750000	35.466818	0.017510	0.776678
16.175212	0.000000	160.000000	35.466818	0.017369	0.776622
26.813044	0.000000	160.250000	44.153874	2.010659	1.043831
44.142924	0.000000	160.500000	44.153874	1.976331	1.030100
71.872532	0.000000	160.750000	44.153874	1.921377	1.008119
114.993303	0.000000	161.000000	44.153874	1.835862	0.973913
153.921793	0.000000	161.250000	42.761470	1.127628	0.911374
201.614243	0.000000	161.500000	42.761470	1.032588	0.873358
257.329230	0.000000	161.750000	42.761470	0.921447	0.828902
318.911275	0.000000	162.000000	42.761470	0.798457	0.779706
400.614881	0.000000	162.250000	43.220694	0.833314	0.725619
482.899979	0.000000	162.500000	43.220694	0.668635	0.659747
559.307764	0.000000	162.750000	43.220694	0.515475	0.598484
625.091184	0.000000	163.000000	43.220694	0.383424	0.545663
615.584581	0.000000	163.250000	42.118097	-0.052632	0.524822
608.690359	0.000000	163.500000	42.118097	-0.038756	0.530373
603.655428	0.000000	163.750000	42.118097	-0.028623	0.534426
599.959480	0.000000	164.000000	42.118097	-0.021185	0.537401
659.218000	0.000000	164.250000	43.236283	0.321803	0.518613
705.483633	0.000000	164.500000	43.236283	0.228766	0.481398
739.964904	0.000000	164.750000	43.236283	0.159371	0.453640
764.783519	0.000000	165.000000	43.236283	0.109393	0.433649
812.979660	0.000000	165.250000	43.648100	0.200556	0.404674
846.795253	0.000000	165.500000	43.648100	0.132418	0.377419
869.718759	0.000000	165.750000	43.648100	0.086201	0.358932
884.898379	0.000000	166.000000	43.648100	0.055585	0.346685
746.113829	0.000000	166.250000	41.423034	-0.561029	0.399820
663.723230	0.000000	166.500000	41.423034	-0.394685	0.466357
610.375879	0.000000	166.750000	41.423034	-0.287125	0.509381
573.868461	0.000000	167.000000	41.423034	-0.213585	0.538797
538.495153	0.000000	167.250000	41.171651	-0.222317	0.559897
512.966513	0.000000	167.500000	41.171651	-0.170940	0.580448
494.056249	0.000000	167.750000	41.171651	-0.132900	0.595664
479.776426	0.000000	168.000000	41.171651	-0.104184	0.607150
589.670364	0.000000	168.250000	43.799736	0.720430	0.587643
687.744894	0.000000	168.500000	43.799736	0.523638	0.508926
767.185255	0.000000	168.750000	43.799736	0.363952	0.445052
826.630819	0.000000	169.000000	43.799736	0.244291	0.397187
782.908849	0.000000	169.250000	42.652888	-0.178350	0.404253
754.701022	0.000000	169.500000	42.652888	-0.121457	0.427010
735.963117	0.000000	169.750000	42.652888	-0.083681	0.442121
723.273308	0.000000	170.000000	42.652888	-0.058106	0.452350
703.777015	0.000000	170.250000	42.473942	-0.091694	0.463360
690.386287	0.000000	170.500000	42.473942	-0.064714	0.474151
681.061945	0.000000	170.750000	42.473942	-0.045932	0.481664
674.506912	0.000000	171.000000	42.473942	-0.032730	0.486945
678.749880	0.000000	171.250000	42.627756	0.021218	0.487568
681.788359	0.000000	171.500000	42.627756	0.015100	0.485121
683.957554	0.000000	171.750000	42.627756	0.010732	0.483374
685.502743	0.000000	172.000000	42.627756	0.007621	0.482129
719.446256	0.000000	172.250000	43.149827	0.162249	0.468039
744.145870	0.000000	172.500000	43.149827	0.112521	0.448148
761.674408	0.000000	172.750000	43.149827	0.077216	0.434026
773.893911	0.000000	173.000000	43.149827	0.052596	0.424178
888.332700	0.000000	173.250000	44.474854	0.446455	0.362322
970.757633	0.000000	173.500000	44.474854	0.280368	0.295888
1025.387074	0.000000	173.750000	44.474854	0.170137	0.251795
1059.626356	0.000000	174.000000	44.474854	0.100988	0.224136
894.321162	0.000000	174.250000	42.324306	-0.535828	0.305438
802.860839	0.000000	174.500000	42.324306	-0.350939	0.379394
747.070437	0.000000	174.750000	42.324306	-0.238324	0.424440
710.992401	0.000000	175.000000	42.324306	-0.165567	0.453543
654.186991	0.000000	175.250000	41.699510	-0.282111	0.482028
616.118630	0.000000	175.500000	41.699510	-0.205396	0.512714
589.585753	0.000000	175.750000	41.699510	-0.151962	0.534088
570.583111	0.000000	176.000000	41.699510	-0.113710	0.549389
617.623024	0.000000	176.250000	42.934629	0.273227	0.544601
654.653671	0.000000	176.500000	42.934629	0.198781	0.514823
682.740021	0.000000	176.750000	42.934629	0.142280	0.492222
703.447020	0.000000	177.000000	42.934629	0.100603	0.475552
650.180152	0.000000	177.250000	41.719344	-0.267126	0.485824
614.270178	0.000000	177.500000	41.719344	-0.194767	0.514767
589.149200	0.000000	177.750000	41.719344	-0.144179	0.535002
571.117669	0.000000	178.000000	41.719344	-0.107883	0.549521
633.316368	0.000000	178.250000	43.195280	0.355595	0.538435
682.923010	0.000000	178.500000	43.195280	0.255879	0.498549
720.567932	0.000000	178.750000	43.195280	0.180142	0.468254
748.071572	0.000000	179.000000	43.195280	0.124771	0.446106
672.166698	0.000000	179.250000	41.577359	-0.360294	0.464024
622.785464	0.000000	179.500000	41.577359	-0.260735	0.503847
588.972964	0.000000	179.750000	41.577359	-0.192622	0.531092
565.001986	0.000000	180.000000	41.577359	-0.144362	0.550396
780.420729	0.000000	180.250000	54.670635	1.085495	0.465697
972.078419	0.000000	180.500000	54.670635	0.700528	0.311711
1113.486357	0.000000	180.750000	54.670635	0.415544	0.197717
1204.062304	0.000000	181.000000	54.670635	0.232578	0.124531
1246.722822	0.000000	181.250000	54.760224	0.101962	0.088308
1270.252255	0.000000	181.500000	54.760224	0.054326	0.069254
1282.910758	0.000000	181.750000	54.760224	0.028689	0.058999
1289.629712	0.000000	182.000000	54.760224	0.015078	0.053555
1153.519486	0.000000	182.250000	56.019674	-0.330019	0.137170
1083.806451	0.000000	182.500000	56.019674	-0.188842	0.193641
1045.305726	0.000000	182.750000	56.019674	-0.110958	0.224794
1023.154641	0.000000	183.000000	56.019674	-0.066175	0.242707
906.833636	0.000000	183.250000	57.233953	-0.381464	0.307087
840.124292	0.000000	183.500000	57.233953	-0.246663	0.361007
799.068959	0.000000	183.750000	57.233953	-0.163792	0.394156
772.695877	0.000000	184.000000	57.233953	-0.110593	0.415435
805.986133	0.000000	184.250000	56.516355	0.138498	0.406426
829.051249	0.000000	184.500000	56.516355	0.092016	0.387833
844.660277	0.000000	184.750000	56.516355	0.060548	0.375246
855.056002	0.000000	185.000000	56.516355	0.039584	0.366860
761.808982	0.000000	185.250000	57.967703	-0.379543	0.404541
704.161144	0.000000	185.500000	57.967703	-0.263212	0.451074
666.309603	0.000000	185.750000	57.967703	-0.186902	0.481597
640.464565	0.000000	186.000000	57.967703	-0.134832	0.502426
730.570401	0.000000	186.250000	56.189190	0.442817	0.474756
800.603852	0.000000	186.500000	56.189190	0.301936	0.418404
851.347336	0.000000	186.750000	56.189190	0.199735	0.377524
886.274296	0.000000	187.000000	56.189190	0.129330	0.349362
902.811021	0.000000	187.250000	56.267269	0.059120	0.334211
913.506215	0.000000	187.500000	56.267269	0.037540	0.325579
920.347530	0.000000	187.750000	56.267269	0.023733	0.320057
924.692846	0.000000	188.000000	56.267269	0.014963	0.316548
775.449142	0.000000	188.250000	58.438109	-0.574081	0.380155
688.500278	0.000000	188.500000	58.438109	-0.398479	0.450396
632.967045	0.000000	188.750000	58.438109	-0.286485	0.495194
595.390893	0.000000	189.000000	58.438109	-0.210776	0.525478
651.277219	0.000000	189.250000	56.832816	0.307043	0.523311
694.918092	0.000000	189.500000	56.832816	0.219287	0.488209
727.534614	0.000000	189.750000	56.832816	0.153650	0.461954
751.121503	0.000000	190.000000	56.832816	0.106157	0.442957
738.734927	0.000000	190.250000	57.265462	-0.055335	0.442007
730.295958	0.000000	190.500000	57.265462	-0.038328	0.448809
724.496512	0.000000	190.750000	57.265462	-0.026643	0.453484
720.487261	0.000000	191.000000	57.265462	-0.018565	0.456715
676.672897	0.000000	191.250000	57.977891	-0.211569	0.472961
647.103522	0.000000	191.500000	57.977891	-0.151984	0.496795
626.531156	0.000000	191.750000	57.977891	-0.110549	0.513369
611.913469	0.000000	192.000000	57.977891	-0.081118	0.525141
718.792973	0.000000	192.250000	56.026212	0.544007	0.487886
804.497310	0.000000	192.500000	56.026212	0.371682	0.418957
867.591294	0.000000	192.750000	56.026212	0.244631	0.368136
911.176558	0.000000	193.000000	56.026212	0.156770	0.332992
793.976655	0.000000	193.250000	57.977099	-0.448004	0.378291
724.006376	0.000000	193.500000	57.977099	-0.306731	0.434800
679.043898	0.000000	193.750000	57.977099	-0.216055	0.471071
648.771547	0.000000	194.000000	57.977099	-0.155050	0.495473
687.248183	0.000000	194.250000	56.922779	0.195090	0.492160
715.936778	0.000000	194.500000	56.922779	0.137357	0.469067
736.715794	0.000000	194.750000	56.922779	0.095520	0.452332
751.451834	0.000000	195.000000	56.922779	0.065840	0.440460
912.653676	0.000000	195.250000	55.059224	0.627866	0.352182
1032.813484	0.000000	195.500000	55.059224	0.385811	0.255360
1112.231076	0.000000	195.750000	55.059224	0.225509	0.191239
1160.632486	0.000000	196.000000	55.059224	0.127686	0.152110
1142.863902	0.000000	196.250000	55.482365	-0.046208	0.157730
1132.956460	0.000000	196.500000	55.482365	-0.026163	0.165748
1127.374004	0.000000	196.750000	55.482365	-0.014870	0.170266
1124.209908	0.000000	197.000000	55.482365	-0.008470	0.172826
935.775833	0.000000	197.250000	57.556280	-0.572404	0.275114
834.790837	0.000000	197.500000	57.556280	-0.368158	0.356812
774.471364	0.000000	197.750000	57.556280	-0.246358	0.405532
736.085168	0.000000	198.000000	57.556280	-0.168923	0.436506
691.058086	0.000000	198.250000	57.901533	-0.212060	0.463469
660.894562	0.000000	198.500000	57.901533	-0.151269	0.487785
640.050334	0.000000	198.750000	57.901533	-0.109281	0.504581
625.334987	0.000000	199.000000	57.901533	-0.079650	0.516433
651.824207	0.000000	199.250000	57.213157	0.141606	0.513351
671.652458	0.000000	199.500000	57.213157	0.101710	0.497392
686.199945	0.000000	199.750000	57.213157	0.072430	0.485680
696.716730	0.000000	200.000000	57.213157	0.051257	0.477211
1173.011249	0.000000	200.250000	48.839171	1.622049	0.192275
1573.887945	0.000000	200.500000	48.839171	0.814143	-0.130888
1803.528930	0.000000	200.750000	48.839171	0.348395	-0.317187
1907.208055	0.000000	201.000000	48.839171	0.137410	-0.401581
1970.875338	0.000000	201.250000	50.672430	0.079036	-0.451319
1995.260971	0.000000	201.500000	50.672430	0.029301	-0.471213
2004.340481	0.000000	201.750000	50.672430	0.010777	-0.478623
2007.685314	0.000000	202.000000	50.672430	0.003952	-0.481353
1920.656267	0.000000	202.250000	47.958706	-0.106870	-0.419270
1888.490012	0.000000	202.500000	47.958706	-0.041276	-0.393032
1876.143787	0.000000	202.750000	47.958706	-0.016111	-0.382966
1871.336626	0.000000	203.000000	47.958706	-0.006314	-0.379047
1725.527676	0.000000	203.250000	46.643076	-0.205560	-0.276478
1667.846884	0.000000	203.500000	46.643076	-0.088138	-0.229509
1643.462497	0.000000	203.750000	46.643076	-0.038539	-0.209670
1632.866323	0.000000	204.000000	46.643076	-0.016994	-0.201051
1863.537441	0.000000	204.250000	49.854854	0.332444	-0.362834
1964.265873	0.000000	204.500000	49.854854	0.127330	-0.444880
2003.578265	0.000000	204.750000	49.854854	0.047165	-0.476946
2018.240880	0.000000	205.000000	49.854854	0.017249	-0.488912
2014.887251	0.000000	205.250000	50.606284	-0.003932	-0.487024
2013.664269	0.000000	205.500000	50.606284	-0.001436	-0.486026
2013.217636	0.000000	205.750000	50.606284	-0.000525	-0.485662
2013.054439	0.000000	206.000000	50.606284	-0.000192	-0.485528
1999.246989	0.000000	206.250000	49.040665	-0.016331	-0.475608
1994.193024	0.000000	206.500000	49.040665	-0.006019	-0.471483
1992.332075	0.000000	206.750000	49.040665	-0.002222	-0.469965
1991.645344	0.000000	207.000000	49.040665	-0.000821	-0.469404
1928.010385	0.000000	207.250000	48.105794	-0.078293	-0.423896
1904.356200	0.000000	207.500000	48.105794	-0.030056	-0.404602
1895.316450	0.000000	207.750000	48.105794	-0.011628	-0.397230
1891.825326	0.000000	208.000000	48.105794	-0.004512	-0.394384
1972.455213	0.000000	208.250000	49.618515	0.100553	-0.451861
2003.528932	0.000000	208.500000	49.618515	0.037179	-0.477210
2015.081038	0.000000	208.750000	49.618515	0.013609	-0.486638
2019.317984	0.000000	209.000000	49.618515	0.004963	-0.490097
2022.014742	0.000000	209.250000	49.683842	0.003151	-0.492186
2022.996993	0.000000	209.500000	49.683842	0.001146	-0.492988
2023.354348	0.000000	209.750000	49.683842	0.000417	-0.493280
2023.484304	0.000000	210.000000	49.683842	0.000152	-0.493386
1923.943684	0.000000	210.250000	47.933181	-0.121418	-0.422200
1887.391368	0.000000	210.500000	47.933181	-0.046875	-0.392383
1873.379350	0.000000	210.750000	47.933181	-0.018315	-0.380959
1867.919894	0.000000	211.000000	47.933181	-0.007189	-0.376509
1880.886805	0.000000	211.250000	48.103086	0.017004	-0.385491
1885.977459	0.000000	211.500000	48.103086	0.006630	-0.389641
1887.964302	0.000000	211.750000	48.103086	0.002581	-0.391260
1888.737975	0.000000	212.000000	48.103086	0.001004	-0.391891
1946.772859	0.000000	212.250000	51.067205	0.073303	-0.433329
1969.225696	0.000000	212.500000	51.067205	0.027520	-0.451642
1977.689633	0.000000	212.750000	51.067205	0.010257	-0.458547
1980.848903	0.000000	213.000000	51.067205	0.003812	-0.461125
2009.078219	0.000000	213.250000	49.776396	0.033598	-0.481505
2019.531644	0.000000	213.500000	49.776396	0.012268	-0.490037
2023.355424	0.000000	213.750000	49.776396	0.004464	-0.493158
2024.747850	0.000000	214.000000	49.776396	0.001623	-0.494295
2024.754279	0.000000	214.250000	50.264111	0.000007	-0.494349
2024.756616	0.000000	214.500000	50.264111	0.000003	-0.494350
2024.757465	0.000000	214.750000	50.264111	0.000001	-0.494351
2024.757773	0.000000	215.000000	50.264111	0.000000	-0.494351
2026.502006	0.000000	215.250000	49.970702	0.002030	-0.495606
2027.135655	0.000000	215.500000	49.970702	0.000737	-0.496123
2027.365677	0.000000	215.750000	49.970702	0.000267	-0.496311
2027.449154	0.000000	216.000000	49.970702	0.000097	-0.496379
1979.645413	0.000000	216.250000	51.392516	-0.056775	-0.462081
1962.210238	0.000000	216.500000	51.392516	-0.021203	-0.447853
1955.719198	0.000000	216.750000	51.392516	-0.007964	-0.442557
1953.284175	0.000000	217.000000	51.392516	-0.002997	-0.440570
1961.061647	0.000000	217.250000	51.255762	0.009547	-0.446042
1963.988199	0.000000	217.500000	51.255762	0.003578	-0.448429
1965.085665	0.000000	217.750000	51.255762	0.001340	-0.449325
1965.496691	0.000000	218.000000	51.255762	0.000502	-0.449660
2001.567660	0.000000	218.250000	50.345519	0.043297	-0.475546
2015.017641	0.000000	218.500000	50.345519	0.015856	-0.486522
2019.954494	0.000000	218.750000	50.345519	0.005781	-0.490552
2021.756091	0.000000	219.000000	50.345519	0.002105	-0.492023
2006.976514	0.000000	219.250000	50.857841	-0.017370	-0.481468
2001.589510	0.000000	219.500000	50.857841	-0.006378	-0.477071
1999.613495	0.000000	219.750000	50.857841	-0.002346	-0.475458
1998.886983	0.000000	220.000000	50.857841	-0.000863	-0.474865
1478.034218	0.000000	220.250000	44.376241	-0.796586	-0.117614
1283.658492	0.000000	220.500000	44.376241	-0.401248	0.040521
1192.522501	0.000000	220.750000	44.376241	-0.216420	0.114452
1145.271118	0.000000	221.000000	44.376241	-0.120725	0.152730
1275.800669	0.000000	221.250000	45.796963	0.316013	0.074951
1351.060388	0.000000	221.500000	45.796963	0.163687	0.014021
1391.169887	0.000000	221.750000	45.796963	0.082410	-0.018490
1411.652606	0.000000	222.000000	45.796963	0.040880	-0.035102
1350.985963	0.000000	222.250000	45.210022	-0.124055	0.003227
1321.192992	0.000000	222.500000	45.210022	-0.063639	0.027393
1306.079735	0.000000	222.750000	45.210022	-0.033006	0.039646
1298.287034	0.000000	223.000000	45.210022	-0.017214	0.045963
1058.676746	0.000000	223.250000	42.941410	-0.614142	0.188658
939.760902	0.000000	223.500000	42.941410	-0.373328	0.284983
872.562276	0.000000	223.750000	42.941410	-0.237500	0.339315
831.782897	0.000000	224.000000	42.941410	-0.155163	0.372250
942.561315	0.000000	224.250000	44.600107	0.398967	0.321243
1019.328093	0.000000	224.500000	44.600107	0.244169	0.259324
1068.539813	0.000000	224.750000	44.600107	0.144809	0.219580
1098.530103	0.000000	225.000000	44.600107	0.084210	0.195340
1119.600497	0.000000	225.250000	44.632081	0.057437	0.178973
1131.828525	0.000000	225.500000	44.632081	0.032710	0.169082
1138.834507	0.000000	225.750000	44.632081	0.018540	0.163414
1142.819073	0.000000	226.000000	44.632081	0.010480	0.160190
1050.845620	0.000000	226.250000	43.698873	-0.255922	0.213767
1000.140307	0.000000	226.500000	43.698873	-0.153361	0.254791
970.636457	0.000000	226.750000	43.698873	-0.093733	0.278643
952.927814	0.000000	227.000000	43.698873	-0.057959	0.292952
1290.750718	0.000000	227.250000	47.189552	0.902084	0.083390
1516.422439	0.000000	227.500000	47.189552	0.445900	-0.099083
1636.534847	0.000000	227.750000	47.189552	0.202253	-0.196542
1692.821669	0.000000	228.000000	47.189552	0.087873	-0.242294
1635.124891	0.000000	228.250000	46.486933	-0.090705	-0.205248
1610.345818	0.000000	228.500000	46.486933	-0.040320	-0.185094
1599.403290	0.000000	228.750000	46.486933	-0.018077	-0.176197
1594.511680	0.000000	229.000000	46.486933	-0.008136	-0.172221
1026.756698	0.000000	229.250000	40.848200	-1.306586	0.154886
793.211114	0.000000	229.500000	40.848200	-0.832698	0.344441
667.638459	0.000000	229.750000	40.848200	-0.578817	0.445993
590.357737	0.000000	230.000000	40.848200	-0.422890	0.508364
645.660704	0.000000	230.250000	43.141269	0.306876	0.527192
688.964097	0.000000	230.500000	43.141269	0.219804	0.492363
721.428155	0.000000	230.750000	43.141269	0.154478	0.466232
744.981012	0.000000	231.000000	43.141269	0.107057	0.447264
836.731492	0.000000	231.250000	44.126412	0.380268	0.396390
903.364407	0.000000	231.500000	44.126412	0.246048	0.342702
948.607462	0.000000	231.750000	44.126412	0.154812	0.306208
977.940989	0.000000	232.000000	44.126412	0.095614	0.282528
993.604294	0.000000	232.250000	44.096740	0.049627	0.269216
1003.262399	0.000000	232.500000	44.096740	0.030121	0.261414
1009.158221	0.000000	232.750000	44.096740	0.018212	0.256650
1012.735332	0.000000	233.000000	44.096740	0.010985	0.253760
1285.584371	0.000000	233.250000	46.687181	0.705739	0.081008
1459.265264	0.000000	233.500000	46.687181	0.354509	-0.059483
1551.884725	0.000000	233.750000	46.687181	0.166705	-0.134605
1596.652949	0.000000	234.000000	46.687181	0.075803	-0.170966
1670.102996	0.000000	234.250000	47.148084	0.117774	-0.224350
1703.124298	0.000000	234.500000	47.148084	0.050637	-0.251205
1717.436216	0.000000	234.750000	47.148084	0.021524	-0.262850
1723.540564	0.000000	235.000000	47.148084	0.009105	-0.267817
1177.303886	0.000000	235.250000	42.378500	-1.088626	0.077248
956.995957	0.000000	235.500000	42.378500	-0.641353	0.256158
842.480971	0.000000	235.750000	42.378500	-0.409645	0.348841
775.109510	0.000000	236.000000	42.378500	-0.273575	0.403268
868.051573	0.000000	236.250000	44.230753	0.367834	0.373446
934.311948	0.000000	236.500000	44.230753	0.234315	0.320038
978.486905	0.000000	236.750000	44.230753	0.145201	0.284392
1006.636334	0.000000	237.000000	44.230753	0.088373	0.261662
1107.771377	0.000000	237.250000	45.057182	0.292318	0.197139
1170.652291	0.000000	237.500000	45.057182	0.165261	0.146316
1207.291206	0.000000	237.750000	45.057182	0.091154	0.116673
1227.836728	0.000000	238.000000	45.057182	0.049574	0.100041
1179.944366	0.000000	238.250000	44.524821	-0.117717	0.127861
1154.250178	0.000000	238.500000	44.524821	-0.065701	0.148667
1140.081847	0.000000	238.750000	44.524821	-0.037030	0.160135
1132.150768	0.000000	239.000000	44.524821	-0.020985	0.166554
1147.990787	0.000000	239.250000	44.716118	0.041673	0.157758
1157.015525	0.000000	239.500000	44.716118	0.023418	0.150456
1162.108680	0.000000	239.750000	44.716118	0.013113	0.146334
1164.967623	0.000000	240.000000	44.716118	0.007329	0.144021
743.586359	0.000000	240.250000	64.548351	-1.448732	0.189772
547.847204	0.000000	240.500000	64.548351	-1.052247	0.348366
434.793205	0.000000	240.750000	64.548351	-0.823957	0.439682
361.172771	0.000000	241.000000	64.548351	-0.675573	0.499035
308.227038	0.000000	241.250000	65.141153	-0.585806	0.517531
269.097715	0.000000	241.500000	65.141153	-0.507106	0.549011
239.001702	0.000000	241.750000	65.141153	-0.446617	0.573207
215.135299	0.000000	242.000000	65.141153	-0.398674	0.592384
197.094655	0.000000	242.250000	64.214588	-0.333521	0.644401
182.059900	0.000000	242.500000	64.214588	-0.303347	0.656471
169.338936	0.000000	242.750000	64.214588	-0.277823	0.666680
158.436990	0.000000	243.000000	64.214588	-0.255954	0.675428
147.301682	0.000000	243.250000	66.181024	-0.281053	0.603657
137.660323	0.000000	243.500000	66.181024	-0.261716	0.611391
129.231213	0.000000	243.750000	66.181024	-0.244814	0.618152
121.799285	0.000000	244.000000	66.181024	-0.229914	0.624112
119.218872	0.000000	244.250000	62.643346	-0.083208	0.767807
116.837851	0.000000	244.500000	62.643346	-0.078438	0.769715
114.635568	0.000000	244.750000	62.643346	-0.074027	0.771479
112.594110	0.000000	245.000000	62.643346	-0.069938	0.773115
107.295868	0.000000	245.250000	65.386748	-0.187791	0.668814
102.504838	0.000000	245.500000	65.386748	-0.178190	0.672654
98.151609	0.000000	245.750000	65.386748	-0.169468	0.676143
94.178879	0.000000	246.000000	65.386748	-0.161508	0.679327
90.630794	0.000000	246.250000	65.196700	-0.150246	0.689996
87.364949	0.000000	246.500000	65.196700	-0.143703	0.692613
84.349045	0.000000	246.750000	65.196700	-0.137662	0.695029
81.555527	0.000000	247.000000	65.196700	-0.132067	0.697268
78.863402	0.000000	247.250000	65.430074	-0.131712	0.689810
76.359211	0.000000	247.500000	65.430074	-0.126697	0.691816
74.023986	0.000000	247.750000	65.430074	-0.122020	0.693687
71.841230	0.000000	248.000000	65.430074	-0.117648	0.695435
70.481913	0.000000	248.250000	64.102367	-0.075116	0.750402
69.194077	0.000000	248.500000	64.102367	-0.072537	0.751433
67.972389	0.000000	248.750000	64.102367	-0.070091	0.752412
66.812034	0.000000	249.000000	64.102367	-0.067768	0.753341
64.716237	0.000000	249.250000	67.273887	-0.125492	0.623592
62.749842	0.000000	249.500000	67.273887	-0.121555	0.625167
60.901225	0.000000	249.750000	67.273887	-0.117853	0.626648
59.160114	0.000000	250.000000	67.273887	-0.114367	0.628042
