N1	N2	Generation	abf_1	abf_2
250.000000	250.000000	0.000000
74.998029	128.727343	1.000000	0.299992	0.514909
297.451808	243.035876	2.000000	3.966128	1.887990
977.250347	359.178100	3.000000	3.285407	1.477881
178.785280	219.865504	4.000000	0.182947	0.612135
322.567269	334.510841	5.000000	1.804216	1.521434
28.145344	141.970526	6.000000	0.087254	0.424412
24.392312	212.202905	7.000000	0.866655	1.494697
27.376989	322.968704	8.000000	1.122361	1.521981
31.274656	434.872766	9.000000	1.142370	1.346486
24.281890	446.059944	10.000000	0.776408	1.025725
35.465384	514.431522	11.000000	1.460569	1.153279
18.353906	55.675684	12.000000	0.517516	0.108228
25.082178	104.835391	13.000000	1.366585	1.882965
21.720150	106.231792	14.000000	0.865959	1.013320
78.957299	207.984044	15.000000	3.635210	1.957832
68.262056	299.486095	16.000000	0.864544	1.439947
156.953939	442.778218	17.000000	2.299285	1.478460
52.086987	84.129708	18.000000	0.331862	0.190004
89.346986	156.752722	19.000000	1.715342	1.863227
90.651723	246.898650	20.000000	1.014603	1.575084
115.305921	359.452917	21.000000	1.271966	1.455872
454.997648	504.837507	22.000000	3.946004	1.404461
0.000000	0.000000	23.000000	-0.313873	-0.311342
0.000000	0.000000	24.000000	1.788315	2.037320
0.000000	0.000000	25.000000	3.853467	2.190421
0.000000	0.000000	26.000000	4.666936	2.222056
0.000000	0.000000	27.000000	1.000324	1.490815
0.000000	0.000000	28.000000	2.134062	2.101692
0.000000	0.000000	29.000000	3.497357	2.178574
0.000000	0.000000	30.000000	1.141777	1.902642
0.000000	0.000000	31.000000	1.709689	2.041403
0.000000	0.000000	32.000000	4.659240	2.221592
0.000000	0.000000	33.000000	1.235251	1.943589
0.000000	0.000000	34.000000	1.392274	1.988704
0.000000	0.000000	35.000000	1.065799	1.835815
0.000000	0.000000	36.000000	1.016333	1.743323
0.000000	0.000000	37.000000	1.233159	1.944267
0.000000	0.000000	38.000000	1.074167	1.847608
0.000000	0.000000	39.000000	4.386950	2.213173
0.000000	0.000000	40.000000	1.000005	1.343163
0.000000	0.000000	41.000000	4.733395	2.223827
0.000000	0.000000	42.000000	1.000023	1.434921
0.000000	0.000000	43.000000	1.000030	1.370942
0.000000	0.000000	44.000000	2.245271	2.112694
0.000000	0.000000	45.000000	0.999992	1.196401
0.000000	0.000000	46.000000	3.199095	2.161017
0.000000	0.000000	47.000000	4.736566	2.223760
0.000000	0.000000	48.000000	0.999992	1.007794
0.000000	0.000000	49.000000	4.723207	2.223502
0.000000	0.000000	50.000000	0.999993	1.268655
0.000000	0.000000	51.000000	1.000040	1.457360
0.000000	0.000000	52.000000	1.001454	1.595886
0.000000	0.000000	53.000000	1.283529	1.953456
0.000000	0.000000	54.000000	2.128757	2.088651
0.000000	0.000000	55.000000	1.000388	1.502819
0.000000	0.000000	56.000000	4.605424	2.220088
0.000000	0.000000	57.000000	1.689181	2.050180
0.000000	0.000000	58.000000	4.448415	2.214658
0.000000	0.000000	59.000000	1.374275	1.959266
0.000000	0.000000	60.000000	0.999992	1.077035
0.000000	0.000000	61.000000	1.009416	1.684639
0.000000	0.000000	62.000000	2.254368	2.103754
0.000000	0.000000	63.000000	1.011186	1.713714
0.000000	0.000000	64.000000	0.999992	1.201938
0.000000	0.000000	65.000000	0.999992	1.031008
0.000000	0.000000	66.000000	4.131310	2.203841
0.000000	0.000000	67.000000	2.569324	2.130723
0.000000	0.000000	68.000000	1.000044	1.399132
0.000000	0.000000	69.000000	0.999997	1.341513
0.000000	0.000000	70.000000	0.999992	1.156438
0.000000	0.000000	71.000000	2.951772	2.137286
0.000000	0.000000	72.000000	1.791621	2.042566
0.000000	0.000000	73.000000	3.626845	2.181020
0.000000	0.000000	74.000000	0.999992	1.084116
0.000000	0.000000	75.000000	1.848278	2.045499
0.000000	0.000000	76.000000	1.646362	2.043317
0.000000	0.000000	77.000000	1.118887	1.898441
0.000000	0.000000	78.000000	1.000100	1.419932
0.000000	0.000000	79.000000	1.003515	1.594145
0.000000	0.000000	80.000000	4.684747	2.221815
0.000000	0.000000	81.000000	4.257165	2.207578
0.000000	0.000000	82.000000	4.041656	2.199365
0.000000	0.000000	83.000000	2.910231	2.143481
0.000000	0.000000	84.000000	1.000041	1.405933
0.000000	0.000000	85.000000	4.642203	2.221388
0.000000	0.000000	86.000000	0.999992	1.020352
0.000000	0.000000	87.000000	2.154505	2.090907
0.000000	0.000000	88.000000	4.233493	2.206260
0.000000	0.000000	89.000000	3.340197	2.171470
0.000000	0.000000	90.000000	2.202703	2.103111
0.000000	0.000000	91.000000	3.543335	2.183114
0.000000	0.000000	92.000000	3.956951	2.196750
0.000000	0.000000	93.000000	0.999992	1.134933
0.000000	0.000000	94.000000	2.779611	2.140424
0.000000	0.000000	95.000000	1.000726	1.528976
0.000000	0.000000	96.000000	1.003473	1.610729
0.000000	0.000000	97.000000	0.999992	1.103805
0.000000	0.000000	98.000000	3.354395	2.171415
0.000000	0.000000	99.000000	4.445685	2.214974
0.000000	0.000000	100.000000	1.003709	1.643775
0.000000	0.000000	101.000000	1.118683	1.894077
0.000000	0.000000	102.000000	4.553054	2.218050
0.000000	0.000000	103.000000	1.232214	1.955566
0.000000	0.000000	104.000000	1.007652	1.649183
0.000000	0.000000	105.000000	1.714407	2.041389
0.000000	0.000000	106.000000	0.999992	1.048222
0.000000	0.000000	107.000000	4.275842	2.209834
0.000000	0.000000	108.000000	3.713592	2.186971
0.000000	0.000000	109.000000	1.003131	1.631462
0.000000	0.000000	110.000000	0.999992	1.177581
0.000000	0.000000	111.000000	1.000182	1.477074
0.000000	0.000000	112.000000	1.020333	1.687642
0.000000	0.000000	113.000000	2.276900	2.111061
0.000000	0.000000	114.000000	1.184976	1.923246
0.000000	0.000000	115.000000	1.000405	1.536476
0.000000	0.000000	116.000000	1.041033	1.794812
0.000000	0.000000	117.000000	4.044037	2.200350
0.000000	0.000000	118.000000	4.434122	2.214798
0.000000	0.000000	119.000000	4.058931	2.201726
0.000000	0.000000	120.000000	3.196978	2.159893
0.000000	0.000000	121.000000	1.072452	1.855163
0.000000	0.000000	122.000000	4.655493	2.221321
0.000000	0.000000	123.000000	1.031095	1.761607
0.000000	0.000000	124.000000	1.300532	1.947603
0.000000	0.000000	125.000000	1.008505	1.695700
0.000000	0.000000	126.000000	3.423758	2.174309
0.000000	0.000000	127.000000	4.695364	2.222726
0.000000	0.000000	128.000000	0.999993	1.283614
0.000000	0.000000	129.000000	1.000255	1.498952
0.000000	0.000000	130.000000	1.006478	1.637310
0.000000	0.000000	131.000000	4.471017	2.215801
0.000000	0.000000	132.000000	1.000001	1.333390
0.000000	0.000000	133.000000	1.000012	1.366603
0.000000	0.000000	134.000000	4.123514	2.203576
0.000000	0.000000	135.000000	1.066055	1.857394
0.000000	0.000000	136.000000	1.000045	1.411096
0.000000	0.000000	137.000000	3.946883	2.198258
0.000000	0.000000	138.000000	1.004743	1.631754
0.000000	0.000000	139.000000	4.769680	2.224635
0.000000	0.000000	140.000000	3.974552	2.200061
0.000000	0.000000	141.000000	1.000202	1.497821
0.000000	0.000000	142.000000	0.999992	1.120590
0.000000	0.000000	143.000000	0.999992	1.109202
0.000000	0.000000	144.000000	2.056281	2.084377
0.000000	0.000000	145.000000	0.999992	1.202466
0.000000	0.000000	146.000000	0.999993	1.310571
0.000000	0.000000	147.000000	1.005281	1.669480
0.000000	0.000000	148.000000	4.002415	2.197755
0.000000	0.000000	149.000000	0.999992	1.009372
0.000000	0.000000	150.000000	1.820788	2.060011
0.000000	0.000000	151.000000	1.009287	1.688906
0.000000	0.000000	152.000000	1.000788	1.521225
0.000000	0.000000	153.000000	1.002597	1.553311
0.000000	0.000000	154.000000	0.999992	1.014808
0.000000	0.000000	155.000000	4.286810	2.209552
0.000000	0.000000	156.000000	0.999992	1.188014
0.000000	0.000000	157.000000	4.135544	2.203433
0.000000	0.000000	158.000000	4.465010	2.215057
0.000000	0.000000	159.000000	2.145352	2.085589
0.000000	0.000000	160.000000	4.479797	2.215828
0.000000	0.000000	161.000000	1.002583	1.642338
0.000000	0.000000	162.000000	1.872288	2.065329
0.000000	0.000000	163.000000	0.999993	1.292556
0.000000	0.000000	164.000000	1.011426	1.691070
0.000000	0.000000	165.000000	4.649212	2.221224
0.000000	0.000000	166.000000	1.683658	2.037273
0.000000	0.000000	167.000000	1.702581	2.050492
0.000000	0.000000	168.000000	0.999992	1.013362
0.000000	0.000000	169.000000	1.000174	1.452974
0.000000	0.000000	170.000000	0.999992	1.013306
0.000000	0.000000	171.000000	0.999992	1.176593
0.000000	0.000000	172.000000	1.012978	1.729986
0.000000	0.000000	173.000000	0.999992	1.033093
0.000000	0.000000	174.000000	1.006938	1.672419
0.000000	0.000000	175.000000	2.770663	2.140470
0.000000	0.000000	176.000000	0.999994	1.307189
0.000000	0.000000	177.000000	1.000073	1.441733
0.000000	0.000000	178.000000	1.000021	1.385638
0.000000	0.000000	179.000000	0.999992	1.110459
0.000000	0.000000	180.000000	1.881869	2.067495
0.000000	0.000000	181.000000	4.239252	2.207732
0.000000	0.000000	182.000000	1.244115	1.945689
0.000000	0.000000	183.000000	3.665831	2.182092
0.000000	0.000000	184.000000	2.727572	2.140692
0.000000	0.000000	185.000000	4.169489	2.205040
0.000000	0.000000	186.000000	1.140768	1.905847
0.000000	0.000000	187.000000	4.359775	2.211072
0.000000	0.000000	188.000000	1.055707	1.816375
0.000000	0.000000	189.000000	1.000111	1.460465
0.000000	0.000000	190.000000	4.592483	2.219206
0.000000	0.000000	191.000000	3.237160	2.170974
0.000000	0.000000	192.000000	1.818075	2.058122
0.000000	0.000000	193.000000	3.078564	2.156055
0.000000	0.000000	194.000000	3.238789	2.167456
0.000000	0.000000	195.000000	1.009608	1.708781
0.000000	0.000000	196.000000	0.999992	1.134166
0.000000	0.000000	197.000000	0.999993	1.282526
0.000000	0.000000	198.000000	0.999994	1.280600
0.000000	0.000000	199.000000	2.627877	2.134733
0.000000	0.000000	200.000000	3.751839	2.188676
0.000000	0.000000	201.000000	4.417655	2.214104
0.000000	0.000000	202.000000	1.016505	1.728124
0.000000	0.000000	203.000000	1.508227	2.028095
0.000000	0.000000	204.000000	1.620639	2.037968
0.000000	0.000000	205.000000	1.104851	1.879122
0.000000	0.000000	206.000000	0.999992	1.064509
0.000000	0.000000	207.000000	0.999992	1.101985
0.000000	0.000000	208.000000	1.012477	1.718502
0.000000	0.000000	209.000000	1.362502	1.980738
0.000000	0.000000	210.000000	0.999992	1.160157
0.000000	0.000000	211.000000	1.260071	1.940267
0.000000	0.000000	212.000000	1.059365	1.836261
0.000000	0.000000	213.000000	0.999992	1.113231
0.000000	0.000000	214.000000	3.638685	2.182727
0.000000	0.000000	215.000000	1.021646	1.769645
0.000000	0.000000	216.000000	1.076024	1.826005
0.000000	0.000000	217.000000	1.370176	1.985723
0.000000	0.000000	218.000000	1.317393	1.973076
0.000000	0.000000	219.000000	4.045303	2.199175
0.000000	0.000000	220.000000	1.243501	1.943495
0.000000	0.000000	221.000000	1.139290	1.896969
0.000000	0.000000	222.000000	1.000782	1.504858
0.000000	0.000000	223.000000	3.400172	2.175631
0.000000	0.000000	224.000000	4.502489	2.216781
0.000000	0.000000	225.000000	4.594982	2.219089
0.000000	0.000000	226.000000	1.000075	1.456567
0.000000	0.000000	227.000000	3.815296	2.191102
0.000000	0.000000	228.000000	1.034703	1.767384
0.000000	0.000000	229.000000	0.999992	1.015793
0.000000	0.000000	230.000000	2.756209	2.135613
0.000000	0.000000	231.000000	1.822982	2.067046
0.000000	0.000000	232.000000	1.194798	1.924127
0.000000	0.000000	233.000000	1.031772	1.787183
0.000000	0.000000	234.000000	4.652089	2.221641
0.000000	0.000000	235.000000	1.028778	1.726285
0.000000	0.000000	236.000000	4.686319	2.222304
0.000000	0.000000	237.000000	0.999992	1.114983
0.000000	0.000000	238.000000	3.023417	2.153061
0.000000	0.000000	239.000000	1.059827	1.831067
0.000000	0.000000	240.000000	4.273063	2.209528
0.000000	0.000000	241.000000	4.348230	2.212019
0.000000	0.000000	242.000000	1.000145	1.446393
0.000000	0.000000	243.000000	1.087375	1.871640
0.000000	0.000000	244.000000	1.000520	1.525953
0.000000	0.000000	245.000000	2.448768	2.125462
0.000000	0.000000	246.000000	1.003379	1.645696
0.000000	0.000000	247.000000	2.700398	2.134758
0.000000	0.000000	248.000000	2.986247	2.153821
0.000000	0.000000	249.000000	1.000006	1.407377
0.000000	0.000000	250.000000	1.000399	1.504003
0.000000	0.000000	251.000000	0.999993	1.313092
0.000000	0.000000	252.000000	1.090230	1.861516
0.000000	0.000000	253.000000	1.000452	1.513497
0.000000	0.000000	254.000000	4.600004	2.219594
0.000000	0.000000	255.000000	3.199706	2.170145
0.000000	0.000000	256.000000	0.999992	1.147845
0.000000	0.000000	257.000000	4.365954	2.212626
0.000000	0.000000	258.000000	4.488039	2.215506
0.000000	0.000000	259.000000	0.999992	1.144393
0.000000	0.000000	260.000000	2.211043	2.093918
0.000000	0.000000	261.000000	1.959045	2.085040
0.000000	0.000000	262.000000	2.812965	2.140368
0.000000	0.000000	263.000000	4.081910	2.202497
0.000000	0.000000	264.000000	1.755721	2.041615
0.000000	0.000000	265.000000	1.494852	2.019546
0.000000	0.000000	266.000000	1.007178	1.670920
0.000000	0.000000	267.000000	1.587613	2.026764
0.000000	0.000000	268.000000	1.057381	1.839462
0.000000	0.000000	269.000000	1.000062	1.432375
0.000000	0.000000	270.000000	2.533206	2.126608
0.000000	0.000000	271.000000	1.021771	1.719730
0.000000	0.000000	272.000000	3.797631	2.192543
0.000000	0.000000	273.000000	1.000302	1.494604
0.000000	0.000000	274.000000	4.711741	2.223066
0.000000	0.000000	275.000000	4.457293	2.214715
0.000000	0.000000	276.000000	3.553276	2.185226
0.000000	0.000000	277.000000	1.638519	2.047414
0.000000	0.000000	278.000000	1.699464	2.030239
0.000000	0.000000	279.000000	4.203767	2.205969
0.000000	0.000000	280.000000	1.069227	1.769179
0.000000	0.000000	281.000000	2.479204	2.124513
0.000000	0.000000	282.000000	1.041516	1.818379
0.000000	0.000000	283.000000	1.048971	1.817988
0.000000	0.000000	284.000000	2.503110	2.119804
0.000000	0.000000	285.000000	1.000007	1.384680
0.000000	0.000000	286.000000	0.999998	1.339404
0.000000	0.000000	287.000000	1.000147	1.473431
0.000000	0.000000	288.000000	1.003139	1.597795
0.000000	0.000000	289.000000	1.309371	1.964572
0.000000	0.000000	290.000000	4.318154	2.210810
0.000000	0.000000	291.000000	3.737079	2.186986
0.000000	0.000000	292.000000	1.006309	1.645785
0.000000	0.000000	293.000000	3.308406	2.162615
0.000000	0.000000	294.000000	1.001408	1.528460
0.000000	0.000000	295.000000	1.392151	1.968468
0.000000	0.000000	296.000000	1.394869	1.970554
0.000000	0.000000	297.000000	0.999992	1.095419
0.000000	0.000000	298.000000	0.999992	1.168627
0.000000	0.000000	299.000000	4.634270	2.220411
0.000000	0.000000	300.000000	0.999994	1.331778
0.000000	0.000000	301.000000	3.239734	2.168425
0.000000	0.000000	302.000000	1.009788	1.681957
0.000000	0.000000	303.000000	0.999992	1.124779
0.000000	0.000000	304.000000	1.871389	2.062884
0.000000	0.000000	305.000000	4.742708	2.223915
0.000000	0.000000	306.000000	1.406077	1.995732
0.000000	0.000000	307.000000	3.231574	2.167923
0.000000	0.000000	308.000000	1.156080	1.921430
0.000000	0.000000	309.000000	2.347256	2.113368
0.000000	0.000000	310.000000	1.914330	2.073931
0.000000	0.000000	311.000000	2.466959	2.125912
0.000000	0.000000	312.000000	1.361277	1.978349
0.000000	0.000000	313.000000	1.000007	1.378186
0.000000	0.000000	314.000000	2.228793	2.101737
0.000000	0.000000	315.000000	0.999992	1.111572
0.000000	0.000000	316.000000	3.798532	2.191200
0.000000	0.000000	317.000000	1.053594	1.815849
0.000000	0.000000	318.000000	3.097928	2.156553
0.000000	0.000000	319.000000	2.014348	2.083419
0.000000	0.000000	320.000000	1.670351	2.046421
0.000000	0.000000	321.000000	4.572930	2.219134
0.000000	0.000000	322.000000	1.544044	2.027710
0.000000	0.000000	323.000000	0.999992	1.125865
0.000000	0.000000	324.000000	1.949286	2.072329
0.000000	0.000000	325.000000	4.047605	2.199763
0.000000	0.000000	326.000000	1.733630	2.042861
0.000000	0.000000	327.000000	1.661381	2.043869
0.000000	0.000000	328.000000	1.007834	1.653273
0.000000	0.000000	329.000000	1.002465	1.632132
0.000000	0.000000	330.000000	1.239862	1.957896
0.000000	0.000000	331.000000	1.349230	1.986013
0.000000	0.000000	332.000000	4.231078	2.204610
0.000000	0.000000	333.000000	0.999992	1.040621
0.000000	0.000000	334.000000	4.231367	2.202848
0.000000	0.000000	335.000000	1.000921	1.568909
0.000000	0.000000	336.000000	1.125552	1.901749
0.000000	0.000000	337.000000	3.129523	2.159150
0.000000	0.000000	338.000000	1.000192	1.475406
0.000000	0.000000	339.000000	4.249642	2.208480
0.000000	0.000000	340.000000	4.316258	2.211091
0.000000	0.000000	341.000000	1.000011	1.337653
0.000000	0.000000	342.000000	1.013146	1.725796
0.000000	0.000000	343.000000	0.999992	1.002061
0.000000	0.000000	344.000000	1.769157	2.033470
0.000000	0.000000	345.000000	1.000045	1.461321
0.000000	0.000000	346.000000	3.207788	2.163012
0.000000	0.000000	347.000000	1.016472	1.719975
0.000000	0.000000	348.000000	1.000740	1.565721
0.000000	0.000000	349.000000	1.080749	1.848595
0.000000	0.000000	350.000000	1.903385	2.063726
0.000000	0.000000	351.000000	2.845310	2.147482
0.000000	0.000000	352.000000	0.999992	1.188245
0.000000	0.000000	353.000000	1.626295	2.013031
0.000000	0.000000	354.000000	3.665711	2.187222
0.000000	0.000000	355.000000	4.270805	2.209698
0.000000	0.000000	356.000000	1.002033	1.569580
0.000000	0.000000	357.000000	1.000024	1.388272
0.000000	0.000000	358.000000	1.004589	1.674871
0.000000	0.000000	359.000000	3.683833	2.186941
0.000000	0.000000	360.000000	3.501111	2.180387
0.000000	0.000000	361.000000	2.877268	2.147901
0.000000	0.000000	362.000000	3.119469	2.160734
0.000000	0.000000	363.000000	1.435312	1.997675
0.000000	0.000000	364.000000	1.000006	1.383103
0.000000	0.000000	365.000000	2.305024	2.108079
0.000000	0.000000	366.000000	0.999997	1.315524
0.000000	0.000000	367.000000	3.353565	2.173107
0.000000	0.000000	368.000000	3.830851	2.192780
0.000000	0.000000	369.000000	1.092892	1.831578
0.000000	0.000000	370.000000	1.000193	1.485861
0.000000	0.000000	371.000000	1.000050	1.428415
0.000000	0.000000	372.000000	4.100621	2.202413
0.000000	0.000000	373.000000	1.116118	1.880318
0.000000	0.000000	374.000000	1.011393	1.705378
0.000000	0.000000	375.000000	2.546022	2.128050
0.000000	0.000000	376.000000	2.355919	2.109689
0.000000	0.000000	377.000000	0.999992	1.211150
0.000000	0.000000	378.000000	1.000144	1.490170
0.000000	0.000000	379.000000	0.999992	1.190764
0.000000	0.000000	380.000000	0.999992	1.209490
0.000000	0.000000	381.000000	0.999992	1.047546
0.000000	0.000000	382.000000	1.000000	1.347197
0.000000	0.000000	383.000000	4.510805	2.216139
0.000000	0.000000	384.000000	2.892083	2.149840
0.000000	0.000000	385.000000	2.238536	2.107874
0.000000	0.000000	386.000000	0.999993	1.289234
0.000000	0.000000	387.000000	1.012723	1.723374
0.000000	0.000000	388.000000	1.002484	1.584824
0.000000	0.000000	389.000000	0.999995	1.325585
0.000000	0.000000	390.000000	1.019561	1.752909
0.000000	0.000000	391.000000	0.999992	1.176003
0.000000	0.000000	392.000000	1.042994	1.786187
0.000000	0.000000	393.000000	1.310524	1.964464
0.000000	0.000000	394.000000	3.152368	2.163539
0.000000	0.000000	395.000000	1.001274	1.588359
0.000000	0.000000	396.000000	1.116514	1.881833
0.000000	0.000000	397.000000	4.393106	2.210567
0.000000	0.000000	398.000000	3.002239	2.149395
0.000000	0.000000	399.000000	1.740489	2.045162
0.000000	0.000000	400.000000	4.677546	2.222000
0.000000	0.000000	401.000000	1.030998	1.794241
0.000000	0.000000	402.000000	4.516592	2.217357
0.000000	0.000000	403.000000	1.043912	1.793826
0.000000	0.000000	404.000000	3.788869	2.191022
0.000000	0.000000	405.000000	1.418266	2.002757
0.000000	0.000000	406.000000	1.005793	1.674567
0.000000	0.000000	407.000000	1.001474	1.605759
0.000000	0.000000	408.000000	1.880986	2.066860
0.000000	0.000000	409.000000	1.405167	1.993975
0.000000	0.000000	410.000000	3.105212	2.156741
0.000000	0.000000	411.000000	1.412957	1.997976
0.000000	0.000000	412.000000	1.166165	1.917958
0.000000	0.000000	413.000000	4.541387	2.217867
0.000000	0.000000	414.000000	1.375749	1.971803
0.000000	0.000000	415.000000	0.999992	1.096452
0.000000	0.000000	416.000000	1.255264	1.952436
0.000000	0.000000	417.000000	3.513631	2.178552
0.000000	0.000000	418.000000	0.999992	1.111163
0.000000	0.000000	419.000000	1.943646	2.068579
0.000000	0.000000	420.000000	1.263119	1.972874
0.000000	0.000000	421.000000	4.617809	2.220307
0.000000	0.000000	422.000000	1.017521	1.723844
0.000000	0.000000	423.000000	1.146909	1.892105
0.000000	0.000000	424.000000	4.596051	2.219133
0.000000	0.000000	425.000000	1.462063	1.983108
0.000000	0.000000	426.000000	1.083897	1.828788
0.000000	0.000000	427.000000	1.982077	2.083684
0.000000	0.000000	428.000000	1.000014	1.357764
0.000000	0.000000	429.000000	1.000067	1.424836
0.000000	0.000000	430.000000	2.257726	2.100839
0.000000	0.000000	431.000000	1.013128	1.712590
0.000000	0.000000	432.000000	1.011699	1.707437
0.000000	0.000000	433.000000	0.999992	1.027718
0.000000	0.000000	434.000000	4.424533	2.213850
0.000000	0.000000	435.000000	1.029399	1.798412
0.000000	0.000000	436.000000	1.000385	1.514528
0.000000	0.000000	437.000000	1.022845	1.761945
0.000000	0.000000	438.000000	4.548816	2.217770
0.000000	0.000000	439.000000	1.623807	2.023014
0.000000	0.000000	440.000000	4.507253	2.216968
0.000000	0.000000	441.000000	2.506944	2.118227
0.000000	0.000000	442.000000	1.542777	2.019455
0.000000	0.000000	443.000000	1.002332	1.581386
0.000000	0.000000	444.000000	4.555039	2.218264
0.000000	0.000000	445.000000	0.999992	1.214962
0.000000	0.000000	446.000000	3.358499	2.170155
0.000000	0.000000	447.000000	3.778627	2.188840
0.000000	0.000000	448.000000	3.255065	2.163301
0.000000	0.000000	449.000000	0.999993	1.281624
0.000000	0.000000	450.000000	1.004632	1.649452
0.000000	0.000000	451.000000	0.999993	1.288339
0.000000	0.000000	452.000000	0.999993	1.241101
0.000000	0.000000	453.000000	0.999992	1.215948
0.000000	0.000000	454.000000	1.000055	1.443305
0.000000	0.000000	455.000000	0.999992	1.051462
0.000000	0.000000	456.000000	1.095269	1.845601
0.000000	0.000000	457.000000	1.068111	1.782771
0.000000	0.000000	458.000000	1.962286	2.073507
0.000000	0.000000	459.000000	4.654926	2.221349
0.000000	0.000000	460.000000	0.999992	1.049571
0.000000	0.000000	461.000000	1.026342	1.746671
0.000000	0.000000	462.000000	1.014634	1.725314
0.000000	0.000000	463.000000	1.201165	1.933919
0.000000	0.000000	464.000000	0.999992	1.078480
0.000000	0.000000	465.000000	3.286217	2.168326
0.000000	0.000000	466.000000	1.183617	1.930511
0.000000	0.000000	467.000000	1.014634	1.709940
0.000000	0.000000	468.000000	1.048011	1.795467
0.000000	0.000000	469.000000	1.064546	1.837097
0.000000	0.000000	470.000000	1.000311	1.525571
0.000000	0.000000	471.000000	4.555395	2.217797
0.000000	0.000000	472.000000	1.003817	1.634507
0.000000	0.000000	473.000000	1.000040	1.404257
0.000000	0.000000	474.000000	1.848403	2.069185
0.000000	0.000000	475.000000	1.371829	1.984781
0.000000	0.000000	476.000000	3.049793	2.152362
0.000000	0.000000	477.000000	3.837330	2.194819
0.000000	0.000000	478.000000	0.999993	1.280885
0.000000	0.000000	479.000000	1.495006	2.020160
0.000000	0.000000	480.000000	3.846794	2.190150
0.000000	0.000000	481.000000	0.999992	1.048089
0.000000	0.000000	482.000000	4.556204	2.218441
0.000000	0.000000	483.000000	1.038384	1.763665
0.000000	0.000000	484.000000	1.045138	1.806666
0.000000	0.000000	485.000000	1.647239	2.027677
0.000000	0.000000	486.000000	0.999992	1.142977
0.000000	0.000000	487.000000	2.269963	2.104399
0.000000	0.000000	488.000000	4.637623	2.221133
0.000000	0.000000	489.000000	1.000059	1.435639
0.000000	0.000000	490.000000	1.002544	1.621873
0.000000	0.000000	491.000000	1.000678	1.517480
0.000000	0.000000	492.000000	3.807188	2.192849
0.000000	0.000000	493.000000	4.638315	2.220783
0.000000	0.000000	494.000000	3.036145	2.160034
0.000000	0.000000	495.000000	4.013888	2.200495
0.000000	0.000000	496.000000	1.004504	1.666006
0.000000	0.000000	497.000000	1.164287	1.913950
0.000000	0.000000	498.000000	0.999992	1.160257
0.000000	0.000000	499.000000	1.006918	1.670581
0.000000	0.000000	500.000000	1.232363	1.931995
0.000000	0.000000	501.000000	1.001359	1.567507
0.000000	0.000000	502.000000	3.768067	2.187202
0.000000	0.000000	503.000000	1.000033	1.413317
0.000000	0.000000	504.000000	1.367941	1.976603
0.000000	0.000000	505.000000	1.900202	2.065155
0.000000	0.000000	506.000000	1.244128	1.944040
0.000000	0.000000	507.000000	1.027197	1.747215
0.000000	0.000000	508.000000	0.999992	1.118636
0.000000	0.000000	509.000000	4.623233	2.220099
0.000000	0.000000	510.000000	1.000488	1.505144
0.000000	0.000000	511.000000	1.434876	2.002355
0.000000	0.000000	512.000000	1.721108	2.055462
0.000000	0.000000	513.000000	1.920039	2.078340
0.000000	0.000000	514.000000	1.004858	1.638861
0.000000	0.000000	515.000000	1.671127	2.043330
0.000000	0.000000	516.000000	1.696074	2.044709
0.000000	0.000000	517.000000	0.999992	1.178792
0.000000	0.000000	518.000000	1.064396	1.834051
0.000000	0.000000	519.000000	4.037560	2.201511
0.000000	0.000000	520.000000	0.999992	1.150701
0.000000	0.000000	521.000000	1.042840	1.791399
0.000000	0.000000	522.000000	1.002201	1.632106
0.000000	0.000000	523.000000	2.348953	2.114400
0.000000	0.000000	524.000000	1.027971	1.763301
0.000000	0.000000	525.000000	4.761118	2.224443
0.000000	0.000000	526.000000	2.175461	2.097943
0.000000	0.000000	527.000000	4.585127	2.219402
0.000000	0.000000	528.000000	1.002615	1.608334
0.000000	0.000000	529.000000	1.000869	1.547559
0.000000	0.000000	530.000000	1.531192	1.995427
0.000000	0.000000	531.000000	1.811741	2.063548
0.000000	0.000000	532.000000	1.039205	1.818107
0.000000	0.000000	533.000000	2.042452	2.094235
0.000000	0.000000	534.000000	1.052700	1.803365
0.000000	0.000000	535.000000	1.267266	1.946649
0.000000	0.000000	536.000000	1.056753	1.817017
0.000000	0.000000	537.000000	1.972117	2.076589
0.000000	0.000000	538.000000	2.141126	2.095061
0.000000	0.000000	539.000000	1.000006	1.349236
0.000000	0.000000	540.000000	1.003047	1.602808
0.000000	0.000000	541.000000	0.999993	1.242239
0.000000	0.000000	542.000000	0.999992	1.157554
0.000000	0.000000	543.000000	1.097607	1.854943
0.000000	0.000000	544.000000	3.582708	2.181659
0.000000	0.000000	545.000000	1.001031	1.578164
0.000000	0.000000	546.000000	1.587233	2.027653
0.000000	0.000000	547.000000	2.286277	2.101455
0.000000	0.000000	548.000000	2.806735	2.141760
0.000000	0.000000	549.000000	3.276920	2.172218
0.000000	0.000000	550.000000	1.000016	1.390229
0.000000	0.000000	551.000000	1.001291	1.562650
0.000000	0.000000	552.000000	3.690271	2.183152
0.000000	0.000000	553.000000	2.680780	2.129431
0.000000	0.000000	554.000000	1.003335	1.664674
0.000000	0.000000	555.000000	2.736591	2.139113
0.000000	0.000000	556.000000	1.016453	1.721706
0.000000	0.000000	557.000000	1.524381	2.009924
0.000000	0.000000	558.000000	1.001819	1.622455
0.000000	0.000000	559.000000	3.279606	2.165328
0.000000	0.000000	560.000000	1.000013	1.412262
0.000000	0.000000	561.000000	2.999637	2.147035
0.000000	0.000000	562.000000	1.616402	2.041253
0.000000	0.000000	563.000000	4.500562	2.216563
0.000000	0.000000	564.000000	1.000048	1.422035
0.000000	0.000000	565.000000	0.999992	1.037541
0.000000	0.000000	566.000000	1.007201	1.634208
0.000000	0.000000	567.000000	3.535136	2.180413
0.000000	0.000000	568.000000	0.999993	1.265201
0.000000	0.000000	569.000000	4.617412	2.219870
0.000000	0.000000	570.000000	0.999992	1.242433
0.000000	0.000000	571.000000	1.006467	1.676869
0.000000	0.000000	572.000000	1.001705	1.505158
0.000000	0.000000	573.000000	2.049401	2.084871
0.000000	0.000000	574.000000	1.000039	1.422267
0.000000	0.000000	575.000000	1.001402	1.461913
0.000000	0.000000	576.000000	1.972490	2.078879
0.000000	0.000000	577.000000	1.047384	1.820935
0.000000	0.000000	578.000000	4.505713	2.217216
0.000000	0.000000	579.000000	0.999992	1.252979
0.000000	0.000000	580.000000	3.624098	2.185595
0.000000	0.000000	581.000000	0.999992	1.068952
0.000000	0.000000	582.000000	1.297846	1.964367
0.000000	0.000000	583.000000	1.000467	1.551980
0.000000	0.000000	584.000000	4.566685	2.218914
0.000000	0.000000	585.000000	2.191007	2.104545
0.000000	0.000000	586.000000	1.521372	2.020540
0.000000	0.000000	587.000000	1.249516	1.954213
0.000000	0.000000	588.000000	1.725118	2.047681
0.000000	0.000000	589.000000	4.590624	2.219356
0.000000	0.000000	590.000000	1.000270	1.494027
0.000000	0.000000	591.000000	1.006051	1.665456
0.000000	0.000000	592.000000	1.001681	1.595828
0.000000	0.000000	593.000000	1.001690	1.537828
0.000000	0.000000	594.000000	0.999992	1.144434
0.000000	0.000000	595.000000	1.001049	1.494386
0.000000	0.000000	596.000000	4.412313	2.213664
0.000000	0.000000	597.000000	4.634898	2.220885
0.000000	0.000000	598.000000	1.223507	1.948019
0.000000	0.000000	599.000000	4.335650	2.211053
0.000000	0.000000	600.000000	1.000150	1.461113
0.000000	0.000000	601.000000	1.035199	1.789372
0.000000	0.000000	602.000000	1.162611	1.908042
0.000000	0.000000	603.000000	3.571043	2.180863
0.000000	0.000000	604.000000	1.000017	1.395677
0.000000	0.000000	605.000000	1.005101	1.641681
0.000000	0.000000	606.000000	1.000053	1.409100
0.000000	0.000000	607.000000	1.026560	1.764245
0.000000	0.000000	608.000000	1.000001	1.363600
0.000000	0.000000	609.000000	0.999998	1.355982
0.000000	0.000000	610.000000	1.290623	1.969566
0.000000	0.000000	611.000000	1.293205	1.976648
0.000000	0.000000	612.000000	4.240093	2.207275
0.000000	0.000000	613.000000	1.158842	1.918507
0.000000	0.000000	614.000000	4.374955	2.212286
0.000000	0.000000	615.000000	1.981554	2.071308
0.000000	0.000000	616.000000	1.729513	2.042730
0.000000	0.000000	617.000000	4.269356	2.207148
0.000000	0.000000	618.000000	1.001708	1.604941
0.000000	0.000000	619.000000	1.256439	1.958006
0.000000	0.000000	620.000000	4.312012	2.210751
0.000000	0.000000	621.000000	4.273268	2.208402
0.000000	0.000000	622.000000	0.999992	1.048390
0.000000	0.000000	623.000000	0.999992	1.020005
0.000000	0.000000	624.000000	1.668996	2.049734
0.000000	0.000000	625.000000	2.267579	2.110796
0.000000	0.000000	626.000000	1.000125	1.439557
0.000000	0.000000	627.000000	0.999992	1.022448
0.000000	0.000000	628.000000	1.007150	1.661960
0.000000	0.000000	629.000000	4.710175	2.223044
0.000000	0.000000	630.000000	3.521522	2.179154
0.000000	0.000000	631.000000	0.999992	1.084586
0.000000	0.000000	632.000000	4.475489	2.216140
0.000000	0.000000	633.000000	1.055322	1.839158
0.000000	0.000000	634.000000	1.654137	2.036782
0.000000	0.000000	635.000000	2.122031	2.095666
0.000000	0.000000	636.000000	3.310921	2.172994
0.000000	0.000000	637.000000	1.002186	1.571037
0.000000	0.000000	638.000000	4.248996	2.208522
0.000000	0.000000	639.000000	0.999992	1.078989
0.000000	0.000000	640.000000	0.999993	1.250337
0.000000	0.000000	641.000000	1.269018	1.963026
0.000000	0.000000	642.000000	0.999992	1.057633
0.000000	0.000000	643.000000	1.021315	1.717544
0.000000	0.000000	644.000000	3.026032	2.157789
0.000000	0.000000	645.000000	3.016132	2.152760
0.000000	0.000000	646.000000	0.999992	1.047994
0.000000	0.000000	647.000000	1.016332	1.719676
0.000000	0.000000	648.000000	1.888599	2.072480
0.000000	0.000000	649.000000	0.999992	1.056719
0.000000	0.000000	650.000000	3.602739	2.184052
0.000000	0.000000	651.000000	3.875783	2.194784
0.000000	0.000000	652.000000	1.034926	1.781958
0.000000	0.000000	653.000000	1.019880	1.741138
0.000000	0.000000	654.000000	4.259384	2.209032
0.000000	0.000000	655.000000	1.000189	1.481150
0.000000	0.000000	656.000000	4.753994	2.224292
0.000000	0.000000	657.000000	2.416505	2.112802
0.000000	0.000000	658.000000	3.540663	2.179181
0.000000	0.000000	659.000000	1.000331	1.493568
0.000000	0.000000	660.000000	1.044326	1.816653
0.000000	0.000000	661.000000	3.590863	2.183491
0.000000	0.000000	662.000000	0.999997	1.338169
0.000000	0.000000	663.000000	1.258163	1.961632
0.000000	0.000000	664.000000	4.777134	2.224971
0.000000	0.000000	665.000000	3.589313	2.184480
0.000000	0.000000	666.000000	1.007346	1.690843
0.000000	0.000000	667.000000	4.581688	2.218992
0.000000	0.000000	668.000000	3.635213	2.185440
0.000000	0.000000	669.000000	4.109485	2.202064
0.000000	0.000000	670.000000	3.840481	2.194115
0.000000	0.000000	671.000000	0.999992	1.225863
0.000000	0.000000	672.000000	4.510156	2.217033
0.000000	0.000000	673.000000	1.666332	2.016798
0.000000	0.000000	674.000000	3.762774	2.188450
0.000000	0.000000	675.000000	2.606290	2.127909
0.000000	0.000000	676.000000	1.023540	1.756606
0.000000	0.000000	677.000000	1.000012	1.408394
0.000000	0.000000	678.000000	4.619977	2.220412
0.000000	0.000000	679.000000	0.999992	1.145306
0.000000	0.000000	680.000000	2.659677	2.136390
0.000000	0.000000	681.000000	2.864378	2.148426
0.000000	0.000000	682.000000	1.113662	1.876690
0.000000	0.000000	683.000000	1.008238	1.686195
0.000000	0.000000	684.000000	0.999992	1.259916
0.000000	0.000000	685.000000	1.098542	1.878856
0.000000	0.000000	686.000000	1.935344	2.077595
0.000000	0.000000	687.000000	1.245392	1.939953
0.000000	0.000000	688.000000	1.073516	1.836575
0.000000	0.000000	689.000000	1.039453	1.802248
0.000000	0.000000	690.000000	1.043022	1.813100
0.000000	0.000000	691.000000	0.999992	1.196297
0.000000	0.000000	692.000000	4.022697	2.200996
0.000000	0.000000	693.000000	3.575139	2.176932
0.000000	0.000000	694.000000	0.999992	1.077393
0.000000	0.000000	695.000000	1.000312	1.501075
0.000000	0.000000	696.000000	1.776242	2.063819
0.000000	0.000000	697.000000	1.902270	2.074844
0.000000	0.000000	698.000000	1.146188	1.917167
0.000000	0.000000	699.000000	1.022113	1.757963
0.000000	0.000000	700.000000	0.999993	1.298016
0.000000	0.000000	701.000000	0.999992	1.106719
0.000000	0.000000	702.000000	1.001602	1.601048
0.000000	0.000000	703.000000	0.999992	1.077906
0.000000	0.000000	704.000000	1.004167	1.628065
0.000000	0.000000	705.000000	3.787104	2.188172
0.000000	0.000000	706.000000	1.893940	2.075248
0.000000	0.000000	707.000000	3.153213	2.151690
0.000000	0.000000	708.000000	4.694340	2.222763
0.000000	0.000000	709.000000	1.689216	2.040043
0.000000	0.000000	710.000000	4.394875	2.212364
0.000000	0.000000	711.000000	4.235257	2.207055
0.000000	0.000000	712.000000	1.784899	2.047426
0.000000	0.000000	713.000000	2.300095	2.097931
0.000000	0.000000	714.000000	2.816192	2.141794
0.000000	0.000000	715.000000	3.730206	2.187260
0.000000	0.000000	716.000000	1.018497	1.729152
0.000000	0.000000	717.000000	1.001165	1.573909
0.000000	0.000000	718.000000	1.356753	1.979222
0.000000	0.000000	719.000000	1.408645	1.992500
0.000000	0.000000	720.000000	1.000005	1.370345
0.000000	0.000000	721.000000	3.955561	2.196887
0.000000	0.000000	722.000000	1.004225	1.645763
0.000000	0.000000	723.000000	4.684933	2.222358
0.000000	0.000000	724.000000	1.465280	1.999883
0.000000	0.000000	725.000000	1.226021	1.944637
0.000000	0.000000	726.000000	3.391760	2.171576
0.000000	0.000000	727.000000	1.089996	1.852089
0.000000	0.000000	728.000000	1.815890	2.057977
0.000000	0.000000	729.000000	1.012616	1.686615
0.000000	0.000000	730.000000	3.514908	2.173884
0.000000	0.000000	731.000000	1.022539	1.771160
0.000000	0.000000	732.000000	1.037848	1.753074
0.000000	0.000000	733.000000	1.034539	1.789714
0.000000	0.000000	734.000000	0.999993	1.290599
0.000000	0.000000	735.000000	0.999992	1.052446
0.000000	0.000000	736.000000	3.408393	2.170492
0.000000	0.000000	737.000000	4.475959	2.215805
0.000000	0.000000	738.000000	3.184601	2.165224
0.000000	0.000000	739.000000	4.278501	2.209233
0.000000	0.000000	740.000000	1.059234	1.841941
0.000000	0.000000	741.000000	3.137840	2.157843
0.000000	0.000000	742.000000	1.000000	1.356016
0.000000	0.000000	743.000000	1.238652	1.941653
0.000000	0.000000	744.000000	1.210886	1.911790
0.000000	0.000000	745.000000	1.189954	1.931393
0.000000	0.000000	746.000000	1.086817	1.868431
0.000000	0.000000	747.000000	1.078877	1.819619
0.000000	0.000000	748.000000	1.000862	1.573145
0.000000	0.000000	749.000000	2.084596	2.096123
0.000000	0.000000	750.000000	2.467143	2.124084
0.000000	0.000000	751.000000	1.094024	1.852781
0.000000	0.000000	752.000000	4.491594	2.216006
0.000000	0.000000	753.000000	3.976620	2.193887
0.000000	0.000000	754.000000	3.044489	2.150677
0.000000	0.000000	755.000000	2.054765	2.093722
0.000000	0.000000	756.000000	1.997820	2.086555
0.000000	0.000000	757.000000	0.999992	1.104400
0.000000	0.000000	758.000000	1.003781	1.632743
0.000000	0.000000	759.000000	0.999992	1.194418
0.000000	0.000000	760.000000	0.999994	1.339346
0.000000	0.000000	761.000000	1.563142	2.026226
0.000000	0.000000	762.000000	2.083310	2.089539
0.000000	0.000000	763.000000	1.001887	1.594658
0.000000	0.000000	764.000000	0.999992	1.188408
0.000000	0.000000	765.000000	1.942614	2.074268
0.000000	0.000000	766.000000	2.766305	2.139743
0.000000	0.000000	767.000000	1.429989	2.014239
0.000000	0.000000	768.000000	4.004666	2.198670
0.000000	0.000000	769.000000	4.135422	2.203808
0.000000	0.000000	770.000000	1.001341	1.555463
0.000000	0.000000	771.000000	0.999992	1.010541
0.000000	0.000000	772.000000	1.000001	1.321262
0.000000	0.000000	773.000000	4.409484	2.213869
0.000000	0.000000	774.000000	1.401493	1.983562
0.000000	0.000000	775.000000	1.790212	2.057015
0.000000	0.000000	776.000000	1.070502	1.840145
0.000000	0.000000	777.000000	1.001910	1.577271
0.000000	0.000000	778.000000	1.001459	1.579182
0.000000	0.000000	779.000000	1.052772	1.799991
0.000000	0.000000	780.000000	1.021522	1.763534
0.000000	0.000000	781.000000	3.421483	2.175662
0.000000	0.000000	782.000000	1.000339	1.514770
0.000000	0.000000	783.000000	1.009674	1.712442
0.000000	0.000000	784.000000	3.710735	2.185708
0.000000	0.000000	785.000000	4.446344	2.214469
0.000000	0.000000	786.000000	1.000023	1.403480
0.000000	0.000000	787.000000	1.097308	1.846704
0.000000	0.000000	788.000000	2.205917	2.095325
0.000000	0.000000	789.000000	0.999992	1.104576
0.000000	0.000000	790.000000	2.722721	2.140711
0.000000	0.000000	791.000000	1.133249	1.873944
0.000000	0.000000	792.000000	1.001202	1.588395
0.000000	0.000000	793.000000	1.266524	1.945147
0.000000	0.000000	794.000000	1.996834	2.074305
0.000000	0.000000	795.000000	2.015026	2.082920
0.000000	0.000000	796.000000	3.875564	2.194073
0.000000	0.000000	797.000000	2.166579	2.087384
0.000000	0.000000	798.000000	1.730686	2.050491
0.000000	0.000000	799.000000	1.171878	1.897617
0.000000	0.000000	800.000000	2.234117	2.100308
0.000000	0.000000	801.000000	4.239531	2.206339
0.000000	0.000000	802.000000	0.999992	1.175351
0.000000	0.000000	803.000000	4.690531	2.222235
0.000000	0.000000	804.000000	1.970573	2.082277
0.000000	0.000000	805.000000	0.999992	1.248919
0.000000	0.000000	806.000000	1.000469	1.512248
0.000000	0.000000	807.000000	1.019100	1.725531
0.000000	0.000000	808.000000	4.685616	2.221938
0.000000	0.000000	809.000000	1.195934	1.912499
0.000000	0.000000	810.000000	1.135301	1.900927
0.000000	0.000000	811.000000	1.308019	1.970327
0.000000	0.000000	812.000000	0.999997	1.347952
0.000000	0.000000	813.000000	1.520719	2.025879
0.000000	0.000000	814.000000	1.003104	1.630371
0.000000	0.000000	815.000000	1.000016	1.373118
0.000000	0.000000	816.000000	3.051594	2.155382
0.000000	0.000000	817.000000	1.000001	1.321451
0.000000	0.000000	818.000000	1.028687	1.739725
0.000000	0.000000	819.000000	1.959814	2.077711
0.000000	0.000000	820.000000	1.005363	1.665066
0.000000	0.000000	821.000000	1.427710	1.983245
0.000000	0.000000	822.000000	0.999992	1.099188
0.000000	0.000000	823.000000	4.457254	2.215137
0.000000	0.000000	824.000000	4.617794	2.219798
0.000000	0.000000	825.000000	1.853771	2.060959
0.000000	0.000000	826.000000	0.999992	1.201860
0.000000	0.000000	827.000000	1.000161	1.479086
0.000000	0.000000	828.000000	1.362446	1.991522
0.000000	0.000000	829.000000	1.005499	1.667986
0.000000	0.000000	830.000000	1.560083	2.024800
0.000000	0.000000	831.000000	1.072945	1.844264
0.000000	0.000000	832.000000	1.000015	1.368045
0.000000	0.000000	833.000000	3.623445	2.185403
0.000000	0.000000	834.000000	1.000041	1.366756
0.000000	0.000000	835.000000	1.021279	1.726784
0.000000	0.000000	836.000000	4.741642	2.223945
0.000000	0.000000	837.000000	2.418747	2.119132
0.000000	0.000000	838.000000	1.003463	1.574162
0.000000	0.000000	839.000000	1.000000	1.350298
0.000000	0.000000	840.000000	3.353188	2.175357
0.000000	0.000000	841.000000	1.058943	1.797396
0.000000	0.000000	842.000000	1.000064	1.407998
0.000000	0.000000	843.000000	1.001055	1.551372
0.000000	0.000000	844.000000	0.999999	1.342095
0.000000	0.000000	845.000000	1.296272	1.973826
0.000000	0.000000	846.000000	3.404772	2.172396
0.000000	0.000000	847.000000	1.002107	1.572835
0.000000	0.000000	848.000000	3.590123	2.183088
0.000000	0.000000	849.000000	1.606579	2.030799
0.000000	0.000000	850.000000	1.039459	1.796731
0.000000	0.000000	851.000000	2.140678	2.093655
0.000000	0.000000	852.000000	1.000048	1.371356
0.000000	0.000000	853.000000	0.999994	1.325978
0.000000	0.000000	854.000000	1.023005	1.768917
0.000000	0.000000	855.000000	1.089068	1.856590
0.000000	0.000000	856.000000	1.535637	2.007377
0.000000	0.000000	857.000000	1.000712	1.579917
0.000000	0.000000	858.000000	0.999994	1.243776
0.000000	0.000000	859.000000	2.301313	2.109532
0.000000	0.000000	860.000000	1.081464	1.815135
0.000000	0.000000	861.000000	1.000429	1.524680
0.000000	0.000000	862.000000	2.141214	2.096338
0.000000	0.000000	863.000000	1.000078	1.458724
0.000000	0.000000	864.000000	1.000434	1.417006
0.000000	0.000000	865.000000	1.002244	1.610927
0.000000	0.000000	866.000000	1.288795	1.977537
0.000000	0.000000	867.000000	1.113512	1.862348
0.000000	0.000000	868.000000	0.999992	1.227175
0.000000	0.000000	869.000000	1.147446	1.898212
0.000000	0.000000	870.000000	4.154504	2.203657
0.000000	0.000000	871.000000	4.472672	2.214893
0.000000	0.000000	872.000000	0.999992	1.139891
0.000000	0.000000	873.000000	1.929943	2.076618
0.000000	0.000000	874.000000	1.226265	1.937690
0.000000	0.000000	875.000000	0.999992	1.117552
0.000000	0.000000	876.000000	3.340928	2.170961
0.000000	0.000000	877.000000	1.051545	1.837490
0.000000	0.000000	878.000000	1.025563	1.767319
0.000000	0.000000	879.000000	1.002020	1.537721
0.000000	0.000000	880.000000	3.063810	2.155344
0.000000	0.000000	881.000000	1.066893	1.847219
0.000000	0.000000	882.000000	1.000030	1.434174
0.000000	0.000000	883.000000	1.002026	1.601566
0.000000	0.000000	884.000000	1.016386	1.725080
0.000000	0.000000	885.000000	1.545018	2.011579
0.000000	0.000000	886.000000	4.725387	2.223344
0.000000	0.000000	887.000000	0.999992	1.153570
0.000000	0.000000	888.000000	1.196499	1.920188
0.000000	0.000000	889.000000	2.245939	2.104941
0.000000	0.000000	890.000000	1.000054	1.420347
0.000000	0.000000	891.000000	0.999992	1.151443
0.000000	0.000000	892.000000	4.673897	2.222284
0.000000	0.000000	893.000000	1.012294	1.734894
0.000000	0.000000	894.000000	1.709905	2.054557
0.000000	0.000000	895.000000	0.999992	1.089982
0.000000	0.000000	896.000000	1.348928	1.997895
0.000000	0.000000	897.000000	4.431352	2.214070
0.000000	0.000000	898.000000	4.031624	2.200955
0.000000	0.000000	899.000000	1.000291	1.501207
0.000000	0.000000	900.000000	0.999992	1.085869
0.000000	0.000000	901.000000	0.999992	1.035799
0.000000	0.000000	902.000000	1.000877	1.571878
0.000000	0.000000	903.000000	1.000472	1.530167
0.000000	0.000000	904.000000	2.955444	2.149410
0.000000	0.000000	905.000000	0.999992	1.175447
0.000000	0.000000	906.000000	1.007622	1.689874
0.000000	0.000000	907.000000	0.999992	1.199892
0.000000	0.000000	908.000000	4.350822	2.210409
0.000000	0.000000	909.000000	3.299244	2.168952
0.000000	0.000000	910.000000	2.693962	2.139502
0.000000	0.000000	911.000000	3.608361	2.183428
0.000000	0.000000	912.000000	2.721518	2.138023
0.000000	0.000000	913.000000	1.000880	1.565073
0.000000	0.000000	914.000000	1.268188	1.927997
0.000000	0.000000	915.000000	4.745686	2.223960
0.000000	0.000000	916.000000	1.000968	1.540284
0.000000	0.000000	917.000000	1.005113	1.654641
0.000000	0.000000	918.000000	3.204227	2.165539
0.000000	0.000000	919.000000	1.000092	1.457044
0.000000	0.000000	920.000000	1.026228	1.774826
0.000000	0.000000	921.000000	1.000009	1.310141
0.000000	0.000000	922.000000	2.111774	2.083389
0.000000	0.000000	923.000000	2.866352	2.146744
0.000000	0.000000	924.000000	1.000641	1.530593
0.000000	0.000000	925.000000	1.010476	1.720502
0.000000	0.000000	926.000000	1.000201	1.466078
0.000000	0.000000	927.000000	3.137123	2.163773
0.000000	0.000000	928.000000	0.999992	1.190423
0.000000	0.000000	929.000000	4.577067	2.218904
0.000000	0.000000	930.000000	1.000047	1.449948
0.000000	0.000000	931.000000	1.755966	2.041476
0.000000	0.000000	932.000000	1.013967	1.708745
0.000000	0.000000	933.000000	3.432698	2.172116
0.000000	0.000000	934.000000	1.000051	1.437325
0.000000	0.000000	935.000000	3.336987	2.170909
0.000000	0.000000	936.000000	1.127812	1.867577
0.000000	0.000000	937.000000	3.771227	2.191151
0.000000	0.000000	938.000000	1.000038	1.386821
0.000000	0.000000	939.000000	1.052684	1.812586
0.000000	0.000000	940.000000	1.000093	1.478229
0.000000	0.000000	941.000000	1.031436	1.794753
0.000000	0.000000	942.000000	1.973562	2.086491
0.000000	0.000000	943.000000	2.291498	2.101682
0.000000	0.000000	944.000000	4.694754	2.222512
0.000000	0.000000	945.000000	1.001886	1.583645
0.000000	0.000000	946.000000	2.974372	2.154807
0.000000	0.000000	947.000000	3.452740	2.178837
0.000000	0.000000	948.000000	0.999993	1.273332
0.000000	0.000000	949.000000	1.006999	1.680372
0.000000	0.000000	950.000000	0.999993	1.279593
0.000000	0.000000	951.000000	1.293134	1.972540
0.000000	0.000000	952.000000	1.022035	1.745418
0.000000	0.000000	953.000000	0.999992	1.057212
0.000000	0.000000	954.000000	1.827058	2.070222
0.000000	0.000000	955.000000	1.001715	1.596396
0.000000	0.000000	956.000000	0.999992	1.247209
0.000000	0.000000	957.000000	1.696113	2.038507
0.000000	0.000000	958.000000	1.000314	1.509871
0.000000	0.000000	959.000000	1.010572	1.721873
0.000000	0.000000	960.000000	1.132036	1.895775
0.000000	0.000000	961.000000	1.000020	1.402237
0.000000	0.000000	962.000000	1.000049	1.412701
0.000000	0.000000	963.000000	1.004101	1.642366
0.000000	0.000000	964.000000	1.000005	1.376709
0.000000	0.000000	965.000000	1.015674	1.745154
0.000000	0.000000	966.000000	0.999992	1.021530
0.000000	0.000000	967.000000	1.148559	1.913946
0.000000	0.000000	968.000000	1.382522	1.976796
0.000000	0.000000	969.000000	1.005047	1.626009
0.000000	0.000000	970.000000	1.005147	1.658895
0.000000	0.000000	971.000000	2.669760	2.138684
0.000000	0.000000	972.000000	4.719766	2.223080
0.000000	0.000000	973.000000	4.581541	2.219207
0.000000	0.000000	974.000000	1.002435	1.601379
0.000000	0.000000	975.000000	1.018641	1.743887
0.000000	0.000000	976.000000	1.004087	1.603062
0.000000	0.000000	977.000000	1.259386	1.910484
0.000000	0.000000	978.000000	1.491873	2.019343
0.000000	0.000000	979.000000	1.075846	1.836437
0.000000	0.000000	980.000000	1.072415	1.849896
0.000000	0.000000	981.000000	4.161644	2.205114
0.000000	0.000000	982.000000	0.999992	1.007188
0.000000	0.000000	983.000000	1.000886	1.523580
0.000000	0.000000	984.000000	0.999992	1.019825
0.000000	0.000000	985.000000	3.617322	2.183740
0.000000	0.000000	986.000000	0.999993	1.292284
0.000000	0.000000	987.000000	1.001574	1.585533
0.000000	0.000000	988.000000	1.000581	1.531937
0.000000	0.000000	989.000000	1.361021	1.982710
0.000000	0.000000	990.000000	2.068421	2.084537
0.000000	0.000000	991.000000	1.003945	1.600376
0.000000	0.000000	992.000000	1.184986	1.912678
0.000000	0.000000	993.000000	1.035052	1.779815
0.000000	0.000000	994.000000	0.999992	1.042355
0.000000	0.000000	995.000000	2.672850	2.134577
0.000000	0.000000	996.000000	3.856537	2.190920
0.000000	0.000000	997.000000	1.000187	1.457833
0.000000	0.000000	998.000000	1.015969	1.747557
0.000000	0.000000	999.000000	4.806785	2.225905
0.000000	0.000000	1000.000000	1.018043	1.742882
