Nr	Nb	time	environment	abf_r	abf_b
250.000000	250.000000	0.000000	0.000000	0.000000	0.000000
212.062278	236.194062	0.250000	72.757776	-0.618524	-0.200711
183.312546	225.970255	0.500000	72.757776	-0.552499	-0.157025
160.775934	218.261145	0.750000	72.757776	-0.501017	-0.123409
142.635141	212.384554	1.000000	72.757776	-0.459859	-0.097020
127.816161	200.147348	1.250000	76.935864	-0.420453	-0.220500
115.566175	190.172259	1.500000	76.935864	-0.387853	-0.190635
105.269522	181.924207	1.750000	76.935864	-0.360568	-0.165814
96.492683	175.024321	2.000000	76.935864	-0.337421	-0.144923
92.327985	194.420958	2.250000	62.587596	-0.179956	0.403321
88.181541	214.045354	2.500000	62.587596	-0.187361	0.367392
84.065468	233.546386	2.750000	62.587596	-0.194733	0.331671
79.996416	252.584042	3.000000	62.587596	-0.201832	0.296827
195.520941	284.989060	3.250000	49.750773	3.438205	0.402879
435.868173	306.352871	3.500000	49.750773	2.946229	0.169667
826.942572	307.215445	3.750000	49.750773	2.168044	-0.143865
1268.240082	284.293269	4.000000	49.750773	1.302050	-0.452461
1031.487753	257.263447	4.250000	56.720756	-0.618215	-0.296885
915.475191	243.083163	4.500000	56.720756	-0.371748	-0.174191
850.597031	234.995595	4.750000	56.720756	-0.234045	-0.105375
811.593047	230.210536	5.000000	56.720756	-0.151410	-0.064199
614.519149	226.092791	5.250000	39.669351	-0.941022	-0.001410
501.382049	228.812891	5.500000	39.669351	-0.714648	0.084735
427.758583	235.269468	5.750000	39.669351	-0.571383	0.131290
375.823143	243.979319	6.000000	39.669351	-0.473788	0.155755
355.882522	255.502964	6.250000	59.323108	-0.203935	0.180953
339.293954	267.001922	6.500000	59.323108	-0.179843	0.171267
325.216209	278.280926	6.750000	59.323108	-0.160628	0.159994
313.070610	289.185727	7.000000	59.323108	-0.144999	0.147911
516.622505	302.362277	7.250000	53.780479	1.795107	0.085886
760.104658	301.185669	7.500000	53.780479	1.309527	-0.106857
992.302214	286.965198	7.750000	53.780479	0.854874	-0.265196
1171.869712	264.742185	8.000000	53.780479	0.510958	-0.365600
772.864794	244.185591	8.250000	60.600036	-1.329089	-0.175398
585.632007	239.244635	8.500000	60.600036	-0.945783	-0.013444
476.687502	241.318162	8.750000	60.600036	-0.727403	0.070594
405.171689	247.227561	9.000000	60.600036	-0.587967	0.116539
374.160200	257.008330	9.250000	59.518203	-0.293681	0.157152
349.615251	267.304689	9.500000	59.518203	-0.252607	0.156295
329.629469	277.796621	9.750000	59.518203	-0.220873	0.151365
312.976050	288.240177	10.000000	59.518203	-0.195808	0.143841
256.773614	278.127780	10.250000	67.884604	-0.737102	-0.113467
216.103628	272.028864	10.500000	67.884604	-0.650344	-0.068409
185.296277	268.582466	10.750000	67.884604	-0.585617	-0.036655
161.142423	266.961120	11.000000	67.884604	-0.535766	-0.013940
198.542782	290.037604	11.250000	57.278897	0.789761	0.295396
238.883448	309.356177	11.500000	57.278897	0.693648	0.224360
280.596470	324.449244	11.750000	57.278897	0.598100	0.160639
321.960701	335.276398	12.000000	57.278897	0.506596	0.105708
435.390611	342.923821	12.250000	44.506152	1.094114	0.039881
554.822891	342.032869	12.500000	44.506152	0.855818	-0.054210
667.445906	334.021464	12.750000	44.506152	0.636386	-0.128729
763.515967	321.129379	13.000000	44.506152	0.453721	-0.180261
525.921585	251.311561	13.250000	84.047019	-1.264375	-0.838660
399.372748	209.199652	13.500000	84.047019	-0.974532	-0.651349
320.974759	180.747512	13.750000	84.047019	-0.793468	-0.530785
267.730137	160.123074	14.000000	84.047019	-0.669627	-0.446395
229.945549	168.720210	14.250000	65.831600	-0.577117	0.214714
200.453668	178.162195	14.500000	65.831600	-0.525402	0.219562
176.724955	188.209352	14.750000	65.831600	-0.485779	0.218548
157.168977	198.659178	15.000000	65.831600	-0.454878	0.213363
140.107294	200.752972	15.250000	69.963220	-0.444574	0.046219
125.818318	203.267799	15.500000	69.963220	-0.417905	0.052674
113.672500	206.081477	15.750000	69.963220	-0.395784	0.056804
103.219044	209.099669	16.000000	69.963220	-0.377229	0.059161
94.310485	219.225826	16.250000	66.778254	-0.356521	0.182836
86.361271	229.081434	16.500000	66.778254	-0.348477	0.169486
79.226822	238.582828	16.750000	66.778254	-0.341785	0.156187
72.792964	247.661553	17.000000	66.778254	-0.336162	0.143169
72.901507	270.122723	17.250000	60.964020	-0.002664	0.325809
72.692894	291.414133	17.500000	60.964020	-0.019314	0.283334
72.200227	311.190754	17.750000	60.964020	-0.034187	0.244104
71.462188	329.221713	18.000000	60.964020	-0.047174	0.208556
68.931383	343.677848	18.250000	61.602901	-0.147249	0.159230
66.393220	356.510930	18.500000	61.602901	-0.152465	0.135530
63.875369	367.788205	18.750000	61.602901	-0.156474	0.114930
61.400213	377.616060	19.000000	61.602901	-0.159406	0.097200
58.291348	384.872713	19.250000	62.008310	-0.207606	0.070505
55.348657	391.179456	19.500000	62.008310	-0.206773	0.060212
52.567913	396.649436	19.750000	62.008310	-0.205594	0.051468
49.943443	401.389204	20.000000	62.008310	-0.204142	0.044064
121.669182	425.414635	20.250000	49.928755	3.475481	0.179842
279.483234	437.021485	20.500000	49.928755	3.154862	0.031567
573.941976	428.840310	20.750000	49.928755	2.578039	-0.186208
988.039851	395.557546	21.000000	49.928755	1.778830	-0.450804
1111.456080	349.723399	21.250000	45.820624	0.375629	-0.494340
1197.211811	309.437221	21.500000	45.820624	0.235089	-0.482677
1254.216415	275.041388	21.750000	45.820624	0.147732	-0.459642
1291.817975	246.061531	22.000000	45.820624	0.095174	-0.431809
756.716523	207.592101	22.250000	70.181439	-1.696061	-0.476054
530.198269	190.214500	22.500000	70.181439	-1.222569	-0.257045
405.112559	181.394187	22.750000	70.181439	-0.962664	-0.138065
325.760117	177.027769	23.000000	70.181439	-0.799115	-0.065197
273.446733	185.070311	23.250000	64.815128	-0.655620	0.188882
234.371426	194.385918	23.500000	64.815128	-0.584482	0.201722
203.971123	204.579121	23.750000	64.815128	-0.531539	0.205799
179.569670	215.348571	24.000000	64.815128	-0.491142	0.203880
158.005201	213.067843	24.250000	70.891439	-0.490922	-0.032571
140.438813	211.817656	24.500000	70.891439	-0.454638	-0.015927
125.849811	211.339462	24.750000	70.891439	-0.424963	-0.003231
113.538483	211.446502	25.000000	70.891439	-0.400337	0.006457
109.883325	231.918976	25.250000	61.568579	-0.135211	0.351453
106.111872	251.991635	25.500000	61.568579	-0.143740	0.314300
102.261204	271.321035	25.750000	61.568579	-0.151519	0.278685
98.370095	289.619192	26.000000	61.568579	-0.158394	0.245155
93.125545	305.433615	26.250000	62.067786	-0.220155	0.199656
88.118601	320.001011	26.500000	62.067786	-0.221806	0.174480
83.352500	333.263809	26.750000	62.067786	-0.222896	0.151718
78.828519	345.216095	27.000000	62.067786	-0.223421	0.131385
104.182271	367.982263	27.250000	43.111369	1.081839	0.224190
135.210481	386.074969	27.500000	43.111369	1.005462	0.163080
171.990780	399.189733	27.750000	43.111369	0.921554	0.107315
214.044506	407.335351	28.000000	43.111369	0.831046	0.057263
220.000282	407.712333	28.250000	41.217298	0.104024	0.001164
225.471568	407.599267	28.500000	41.217298	0.093146	-0.003012
230.488174	407.121342	28.750000	41.217298	0.083473	-0.006089
235.080406	406.379092	29.000000	41.217298	0.074862	-0.008293
499.553206	408.716215	29.250000	50.191083	2.739492	-0.086500
899.022887	386.205391	29.500000	50.191083	1.962064	-0.360527
1318.594159	341.174711	29.750000	50.191083	1.156306	-0.607750
1624.171558	287.130779	30.000000	50.191083	0.582630	-0.746482
1137.891040	249.249648	30.250000	57.159181	-1.020130	-0.378618
937.187740	233.267326	30.500000	57.159181	-0.599765	-0.183191
832.111834	226.017645	30.750000	57.159181	-0.381278	-0.083418
770.118558	223.112566	31.000000	57.159181	-0.253702	-0.027400
608.919729	221.671761	31.250000	59.757446	-0.798424	0.030741
512.298345	225.631828	31.500000	59.757446	-0.606534	0.100978
447.846256	232.659931	31.750000	59.757446	-0.482268	0.138957
401.677982	241.564679	32.000000	59.757446	-0.396465	0.158367
727.264650	252.378333	32.250000	47.793872	2.043744	0.036220
1100.081134	245.187990	32.500000	47.793872	1.303060	-0.248562
1403.669138	223.924821	32.750000	47.793872	0.708383	-0.451045
1591.842053	197.120573	33.000000	47.793872	0.349104	-0.549786
1756.345672	170.018756	33.250000	51.376535	0.262462	-0.622186
1836.509593	145.116904	33.500000	51.376535	0.119720	-0.637335
1875.226074	123.886157	33.750000	51.376535	0.058235	-0.626136
1895.333455	106.193742	34.000000	51.376535	0.031741	-0.606900
968.350918	94.456984	34.250000	64.452820	-1.979037	-0.178629
649.390527	93.871943	34.500000	64.452820	-1.330023	0.082164
487.647567	97.535689	34.750000	64.452820	-1.005686	0.205847
389.589383	103.667600	35.000000	64.452820	-0.812705	0.272806
339.316059	114.331834	35.250000	38.361100	-0.510839	0.399592
301.362782	126.474837	35.500000	38.361100	-0.444230	0.405883
271.498193	139.952006	35.750000	38.361100	-0.394996	0.402977
247.209702	154.608806	36.000000	38.361100	-0.357940	0.393213
499.327916	174.999436	36.250000	52.255461	2.543687	0.372636
860.514009	184.682704	36.500000	52.255461	1.816258	0.064949
1228.337456	180.547215	36.750000	52.255461	1.081387	-0.222489
1495.050151	166.279878	37.000000	52.255461	0.554313	-0.409582
834.979404	143.733776	37.250000	68.906161	-1.802075	-0.356597
575.015945	135.891385	37.500000	68.906161	-1.267983	-0.129504
435.877002	133.764759	37.750000	68.906161	-0.984942	-0.012581
349.096362	134.629641	38.000000	68.906161	-0.810572	0.055790
327.658063	148.802642	38.250000	60.041784	-0.239027	0.394610
309.660125	163.909108	38.500000	60.041784	-0.214986	0.378877
294.187649	179.754338	38.750000	60.041784	-0.196619	0.359624
280.612840	196.115713	39.000000	60.041784	-0.182486	0.337804
306.785462	214.906180	39.250000	58.071581	0.324808	0.338239
330.074642	232.223974	39.500000	58.071581	0.264225	0.284857
350.145465	247.802536	39.750000	58.071581	0.211460	0.237518
366.952070	261.529612	40.000000	58.071581	0.166707	0.196493
295.908720	236.582800	40.250000	74.858169	-0.787734	-0.352823
246.808408	218.849922	40.500000	74.858169	-0.674590	-0.277583
210.868130	205.719339	40.750000	74.858169	-0.591728	-0.222253
183.432937	195.714455	41.000000	74.858169	-0.528534	-0.180079
161.952144	179.093754	41.250000	81.047425	-0.472171	-0.331654
144.796657	165.744889	41.500000	81.047425	-0.426990	-0.291062
130.781836	154.800241	41.750000	81.047425	-0.390063	-0.257834
119.118905	145.674645	42.000000	81.047425	-0.359329	-0.230156
109.194090	144.204243	42.250000	75.342208	-0.338129	-0.035504
100.585597	143.104301	42.500000	75.342208	-0.319979	-0.026385
93.047264	142.308806	42.750000	75.342208	-0.304223	-0.018737
86.390785	141.765533	43.000000	75.342208	-0.290439	-0.012303
80.533941	133.506440	43.250000	83.427137	-0.272205	-0.230149
75.396186	126.351268	43.500000	83.427137	-0.256163	-0.211678
70.851681	120.096257	43.750000	83.427137	-0.242035	-0.195491
66.802458	114.584791	44.000000	83.427137	-0.229499	-0.181195
169.116877	139.355238	44.250000	50.460093	3.594953	0.714594
393.750740	162.234400	44.500000	50.460093	3.133500	0.491408
783.187222	175.931747	44.750000	50.460093	2.349463	0.154339
1247.771191	174.127011	45.000000	50.460093	1.420817	-0.214629
861.575249	166.323634	45.250000	59.346487	-1.159771	-0.050195
679.559571	167.731522	45.500000	59.346487	-0.792168	0.094683
574.019198	173.572239	45.750000	59.346487	-0.583677	0.168379
505.238231	182.041731	46.000000	59.346487	-0.451791	0.206975
819.179794	191.711960	46.250000	47.006128	1.621521	0.076112
1130.561022	189.022076	46.500000	47.006128	0.998750	-0.168867
1361.807026	177.072201	46.750000	47.006128	0.541831	-0.331784
1500.742045	161.049687	47.000000	47.006128	0.273501	-0.412261
1131.343797	149.524385	47.250000	56.922909	-0.823494	-0.166662
966.666544	146.366550	47.500000	56.922909	-0.486937	-0.026558
877.891532	146.881315	47.750000	56.922909	-0.307760	0.044335
824.946441	149.325025	48.000000	56.922909	-0.202776	0.082271
569.516157	139.880088	48.250000	69.681488	-1.261141	-0.166425
432.267266	136.443320	48.500000	69.681488	-0.980885	-0.048409
346.499701	136.127608	48.750000	69.681488	-0.807617	0.021508
287.742842	137.705972	49.000000	69.681488	-0.690530	0.065743
245.473002	145.000139	49.250000	66.660014	-0.599575	0.214821
212.995662	153.219005	49.500000	66.660014	-0.540863	0.224526
187.187474	162.145840	49.750000	66.660014	-0.496155	0.227432
166.128567	171.602826	50.000000	66.660014	-0.461433	0.225449
278.236376	196.577757	50.250000	54.651413	1.939295	0.474312
433.773230	216.733638	50.500000	54.651413	1.613586	0.309947
618.454208	228.983787	50.750000	54.651413	1.234916	0.137599
801.875871	232.156447	51.000000	54.651413	0.864695	-0.016114
552.108182	184.879589	51.250000	88.054637	-1.263667	-0.784279
419.459554	155.551127	51.500000	88.054637	-0.971811	-0.617854
337.388331	135.272676	51.750000	88.054637	-0.789926	-0.510806
281.686720	120.282793	52.000000	88.054637	-0.665674	-0.435782
458.862631	137.679350	52.250000	45.636909	1.767459	0.452961
674.591749	150.291067	52.500000	45.636909	1.326650	0.255248
887.560561	156.316917	52.750000	45.636909	0.894783	0.072150
1058.963908	156.162090	53.000000	45.636909	0.549910	-0.065719
762.463612	153.842748	53.250000	59.794466	-1.063359	0.041099
610.305491	158.027332	53.500000	59.794466	-0.758846	0.156027
517.740391	165.718925	53.750000	59.794466	-0.578189	0.215460
455.402149	175.661973	54.000000	59.794466	-0.460542	0.245877
872.663728	186.451610	54.250000	50.147541	2.177705	0.062144
1331.888932	180.497264	54.500000	50.147541	1.261580	-0.294846
1664.300298	162.171481	54.750000	50.147541	0.604616	-0.527113
1841.638822	140.012898	55.000000	50.147541	0.262480	-0.626759
1630.231599	122.456000	55.250000	46.203057	-0.310265	-0.451908
1548.318337	110.815972	55.500000	46.203057	-0.134106	-0.361761
1514.183334	101.895642	55.750000	46.203057	-0.057471	-0.316055
1500.141644	94.501704	56.000000	46.203057	-0.022931	-0.289777
845.011440	83.718893	56.250000	69.484218	-1.774807	-0.269144
585.467254	80.777859	56.500000	69.484218	-1.245587	-0.052362
446.180913	81.006970	56.750000	69.484218	-0.964171	0.059895
359.181706	82.995653	57.000000	69.484218	-0.790277	0.126159
721.438256	94.563815	57.250000	51.333703	2.414801	0.363333
1173.033002	98.674249	57.500000	51.333703	1.508454	-0.006405
1543.182602	94.603720	57.750000	51.333703	0.765477	-0.296987
1757.040171	85.851768	58.000000	51.333703	0.338919	-0.452997
1337.416352	79.429482	58.250000	55.985607	-0.751414	-0.170718
1166.248820	77.714152	58.500000	55.985607	-0.402330	-0.028108
1081.039524	77.936857	58.750000	55.985607	-0.229872	0.040545
1034.316419	79.131929	59.000000	55.985607	-0.136301	0.075990
1474.954429	78.233196	59.250000	50.734324	1.014641	-0.206059
1754.252959	72.045251	59.500000	50.734324	0.454007	-0.420035
1889.161482	63.960276	59.750000	50.734324	0.186245	-0.513578
1946.788927	55.981912	60.000000	50.734324	0.075351	-0.544512
1253.813158	51.893905	60.250000	57.453468	-1.218781	-0.084499
997.648814	52.380570	60.500000	57.453468	-0.698514	0.122881
869.208135	54.790093	60.750000	57.453468	-0.440407	0.222124
794.882607	58.357304	61.000000	57.453468	-0.293101	0.275085
887.360727	62.491956	61.250000	55.614314	0.354251	0.236207
951.909071	65.759740	61.500000	55.614314	0.221498	0.177590
993.985231	68.372073	61.750000	55.614314	0.134480	0.138376
1020.146403	70.528468	62.000000	55.614314	0.079907	0.112912
676.665711	70.610671	62.250000	35.852014	-1.354946	0.118858
506.289989	74.120716	62.500000	35.852014	-1.012922	0.249855
404.243774	79.699636	62.750000	35.852014	-0.811416	0.321144
336.074525	86.861201	63.000000	35.852014	-0.679788	0.361812
291.750340	96.461468	63.250000	62.921936	-0.528823	0.426183
257.706418	107.404518	63.500000	62.921936	-0.469135	0.431718
230.583112	119.622575	63.750000	62.921936	-0.424412	0.429122
208.328197	133.030860	64.000000	62.921936	-0.390446	0.420221
194.780234	148.979720	64.250000	61.752623	-0.262394	0.442554
182.680086	165.898020	64.500000	61.752623	-0.251663	0.418453
171.724500	183.567180	64.750000	61.752623	-0.243836	0.391921
161.692755	201.726935	65.000000	61.752623	-0.238261	0.363654
237.617529	227.386604	65.250000	44.244859	1.454247	0.424368
332.926141	248.964006	65.500000	44.244859	1.246979	0.305038
441.466763	264.562057	65.750000	44.244859	1.017653	0.186881
552.500163	273.305713	66.000000	44.244859	0.788345	0.080238
785.968539	274.157391	66.250000	46.017259	1.185392	-0.076418
999.086234	263.480208	66.500000	46.017259	0.765891	-0.226605
1159.390591	245.664352	66.750000	46.017259	0.457124	-0.320340
1264.451028	225.267500	67.000000	46.017259	0.261326	-0.364420
1608.466292	200.689798	67.250000	49.470256	0.665464	-0.559966
1801.025421	171.870667	67.500000	49.470256	0.298116	-0.658494
1893.406314	145.224250	67.750000	49.470256	0.131884	-0.680098
1936.748094	122.635529	68.000000	49.470256	0.062055	-0.669941
1343.287935	109.768014	68.250000	43.582670	-0.993081	-0.246776
1120.407052	106.103450	68.500000	43.582670	-0.537013	-0.058018
1011.222477	105.924779	68.750000	43.582670	-0.315651	0.030905
950.673156	107.451322	69.000000	43.582670	-0.194416	0.076876
643.874363	107.048269	69.250000	63.759363	-1.300082	0.087913
486.474240	111.312294	69.500000	63.759363	-0.985060	0.206872
390.401136	118.288215	69.750000	63.759363	-0.796777	0.270541
325.401977	127.193972	70.000000	63.759363	-0.672956	0.305165
334.984461	142.686651	70.250000	41.264777	0.101258	0.441264
342.319882	158.547183	70.500000	41.264777	0.073816	0.403651
347.606352	174.551426	70.750000	41.264777	0.050363	0.367384
351.081769	190.475448	71.000000	41.264777	0.030602	0.332721
288.212876	185.274395	71.250000	70.929897	-0.730479	-0.083399
243.170944	182.499130	71.500000	70.929897	-0.637589	-0.041515
209.294442	181.348557	71.750000	70.929897	-0.568533	-0.011914
182.872161	181.336474	72.000000	70.929897	-0.515416	0.009385
270.428663	205.597612	72.250000	44.372264	1.468240	0.444371
378.974591	225.997727	72.500000	44.372264	1.235457	0.316820
499.509316	240.616027	72.750000	44.372264	0.982817	0.190990
618.361474	248.647277	73.000000	44.372264	0.738241	0.079448
879.331792	248.786007	73.250000	53.679290	1.159202	-0.095920
1105.841182	237.569059	73.500000	53.679290	0.712715	-0.255979
1265.825100	219.851302	73.750000	53.679290	0.404112	-0.349789
1364.391630	200.209768	74.000000	53.679290	0.220598	-0.390206
1642.687289	178.036823	74.250000	51.281570	0.506485	-0.545284
1790.042157	153.658647	74.500000	51.281570	0.227073	-0.616072
1860.144514	131.413998	74.750000	51.281570	0.102576	-0.628398
1893.651778	112.438987	75.000000	51.281570	0.049839	-0.617504
1296.919402	101.810720	75.250000	43.258468	-1.040836	-0.201083
1069.884581	99.547285	75.500000	43.258468	-0.577588	-0.011820
956.755637	100.544767	75.750000	43.258468	-0.349266	0.077908
892.673448	103.207660	76.000000	43.258468	-0.221856	0.124440
633.860892	105.245512	76.250000	62.078199	-1.149850	0.163797
494.474707	111.241775	76.500000	62.078199	-0.872855	0.264624
407.022741	119.763638	76.750000	62.078199	-0.703281	0.318209
346.754845	130.202127	77.000000	62.078199	-0.590253	0.345942
337.398359	144.791190	77.250000	40.571392	-0.106209	0.414236
328.784103	160.101612	77.500000	40.571392	-0.101193	0.390542
320.724099	175.948594	77.750000	40.571392	-0.097725	0.365322
313.085285	192.121681	78.000000	40.571392	-0.095367	0.339101
261.308682	177.698418	78.250000	76.855281	-0.670717	-0.280127
223.529998	166.858772	78.500000	76.855281	-0.585998	-0.227930
194.762500	158.471065	78.750000	76.855281	-0.521426	-0.187941
172.132808	151.840549	79.000000	76.855281	-0.470632	-0.156433
153.787699	158.790313	79.250000	68.572502	-0.436343	0.179140
138.361442	166.027114	79.500000	68.572502	-0.411174	0.177057
125.188999	173.451678	79.750000	68.572502	-0.390687	0.172784
113.796094	180.974550	80.000000	68.572502	-0.373855	0.166880
103.976026	168.205615	80.250000	81.594560	-0.347053	-0.277102
95.656742	157.537233	80.500000	81.594560	-0.321797	-0.249015
88.516544	148.500421	80.750000	81.594560	-0.300222	-0.225154
82.319817	140.755924	81.000000	81.594560	-0.281581	-0.204648
102.389463	165.101527	81.250000	57.881143	0.843546	0.606668
125.361658	190.438484	81.500000	57.881143	0.777452	0.537683
150.865974	215.835637	81.750000	57.881143	0.706209	0.466504
178.273558	240.301644	82.000000	57.881143	0.631860	0.395614
156.376903	226.339313	82.250000	74.824226	-0.498789	-0.218448
138.863200	215.355266	82.500000	74.824226	-0.454785	-0.182308
124.536169	206.567545	82.750000	74.824226	-0.418960	-0.153151
112.598202	199.445416	83.000000	74.824226	-0.389280	-0.129264
104.184327	215.554615	83.250000	63.962150	-0.308873	0.298426
96.478142	231.477084	83.500000	63.962150	-0.306177	0.272745
89.390918	246.992338	83.750000	63.962150	-0.304400	0.247373
82.853954	261.904713	84.000000	63.962150	-0.303246	0.222758
76.619218	275.418668	84.250000	64.211616	-0.312160	0.190754
70.880006	288.083960	84.500000	64.211616	-0.310809	0.169987
65.591249	299.828026	84.750000	64.211616	-0.309625	0.150699
60.714513	310.613348	85.000000	64.211616	-0.308499	0.132997
55.496761	288.702710	85.250000	75.029977	-0.346446	-0.270388
51.049140	271.237403	85.500000	75.029977	-0.323491	-0.231737
47.203553	257.055228	85.750000	75.029977	-0.304387	-0.200173
43.839015	245.365147	86.000000	75.029977	-0.288254	-0.174007
110.503165	280.889394	86.250000	50.140121	3.612271	0.478283
262.623227	309.780191	86.500000	50.140121	3.289355	0.300232
556.824906	323.382921	86.750000	50.140121	2.696062	0.039385
982.451753	313.369936	87.000000	50.140121	1.855604	-0.280822
675.637771	289.130640	87.250000	60.959276	-1.231459	-0.199008
519.844075	280.801303	87.500000	60.959276	-0.909451	-0.055862
425.334247	279.990661	87.750000	60.959276	-0.718023	0.022254
361.658561	283.339356	88.000000	60.959276	-0.592389	0.066988
442.895611	294.514167	88.250000	56.304772	0.728696	0.113708
520.297360	300.033995	88.500000	56.304772	0.569126	0.040428
588.869839	300.752646	88.750000	56.304772	0.430917	-0.016205
645.980022	297.877207	89.000000	56.304772	0.318471	-0.056453
466.479502	278.525718	89.250000	65.669265	-1.139678	-0.189854
361.737027	269.496514	89.500000	65.669265	-0.920866	-0.086914
293.017285	266.018120	89.750000	65.669265	-0.779529	-0.024394
244.393630	265.861492	90.000000	65.669265	-0.681496	0.015171
487.047492	285.074268	90.250000	47.810863	2.500925	0.162444
834.075574	286.395408	90.500000	47.810863	1.808371	-0.117470
1193.145859	268.698601	90.750000	47.810863	1.102210	-0.370756
1461.939791	239.387799	91.000000	47.810863	0.583382	-0.529271
1463.241427	210.370203	91.250000	53.679132	0.011927	-0.490981
1469.191638	187.132778	91.500000	53.679132	0.018794	-0.449034
1476.403171	167.998728	91.750000	53.679132	0.019749	-0.416388
1483.496653	151.929508	92.000000	53.679132	0.018443	-0.389824
932.410509	142.385738	92.250000	59.850176	-1.412377	-0.075894
700.943544	143.547950	92.500000	59.850176	-0.943721	0.109837
573.700556	149.487738	92.750000	59.850176	-0.691284	0.200952
493.188623	158.264584	93.000000	59.850176	-0.535924	0.248429
384.725048	143.141950	93.250000	78.010235	-0.891584	-0.349521
314.312924	132.582194	93.500000	78.010235	-0.741155	-0.271491
264.949407	124.821991	93.750000	78.010235	-0.635538	-0.216132
228.439202	118.920073	94.000000	78.010235	-0.557360	-0.174894
200.216342	123.804657	94.250000	69.620586	-0.503269	0.166689
177.530982	129.210189	94.500000	69.620586	-0.462028	0.174120
158.865034	135.027833	94.750000	69.620586	-0.429206	0.177487
143.210207	141.167471	95.000000	69.620586	-0.402699	0.177785
133.615882	157.416620	95.250000	63.126532	-0.274586	0.423704
124.821953	174.402071	95.500000	63.126532	-0.270548	0.396805
116.697079	191.884420	95.750000	63.126532	-0.268253	0.368365
109.143852	209.595511	96.000000	63.126532	-0.267293	0.338998
99.291207	206.302126	96.250000	72.920068	-0.367987	-0.056614
90.795145	203.729592	96.500000	72.920068	-0.348878	-0.044627
83.393801	201.737522	96.750000	72.920068	-0.332434	-0.034685
76.888870	200.217278	97.000000	72.920068	-0.318168	-0.026411
79.672432	224.419813	97.250000	60.360137	0.130336	0.432168
82.053038	248.401503	97.500000	60.360137	0.106365	0.382273
84.015005	271.598033	97.750000	60.360137	0.083850	0.334262
85.560967	293.521564	98.000000	60.360137	0.063179	0.289113
77.803091	299.547554	98.250000	65.749675	-0.375181	0.078472
70.924296	305.247758	98.500000	65.749675	-0.365957	0.072574
64.792324	310.601100	98.750000	65.749675	-0.357954	0.066769
59.301107	315.597662	99.000000	65.749675	-0.350950	0.061165
82.986336	343.158963	99.250000	56.516892	1.310108	0.299509
113.977915	366.400778	99.500000	56.516892	1.229768	0.228166
153.188090	384.480832	99.750000	56.516892	1.137135	0.160555
200.847248	396.917321	100.000000	56.516892	1.032106	0.097456
191.654683	397.049764	100.250000	60.103117	-0.178861	0.004555
183.652303	397.775245	100.500000	60.103117	-0.163386	0.009543
176.612305	398.912267	100.750000	60.103117	-0.150176	0.012928
170.362545	400.326236	101.000000	60.103117	-0.138775	0.015120
178.371286	404.957060	101.250000	58.831877	0.174449	0.038738
185.887407	408.205805	101.500000	58.831877	0.156779	0.026170
192.914275	410.334846	101.750000	58.831877	0.140986	0.016242
199.462129	411.572593	102.000000	58.831877	0.126869	0.008489
170.095798	395.509505	102.250000	64.420561	-0.604242	-0.133942
147.332084	384.596235	102.500000	64.420561	-0.549698	-0.093648
129.152739	377.210466	102.750000	64.420561	-0.507229	-0.064154
114.289551	372.313330	103.000000	64.420561	-0.473437	-0.042339
236.811651	392.527776	103.250000	52.577008	2.778148	0.142284
450.380678	397.688529	103.500000	52.577008	2.350572	-0.038014
752.540477	383.291519	103.750000	52.577008	1.760084	-0.250703
1076.282931	350.644245	104.000000	52.577008	1.137484	-0.445399
665.113959	267.885559	104.250000	79.402684	-1.559835	-0.871445
477.924608	223.004079	104.500000	79.402684	-1.144272	-0.629038
371.211605	194.412017	104.750000	79.402684	-0.905682	-0.485181
302.389319	174.485222	105.000000	79.402684	-0.750899	-0.389570
551.489800	193.073268	105.250000	53.020647	2.143760	0.287082
868.421443	200.334745	105.500000	53.020647	1.505120	0.018993
1167.533490	195.062766	105.750000	53.020647	0.908491	-0.211179
1381.514634	181.232953	106.000000	53.020647	0.487661	-0.356472
797.709629	162.118982	106.250000	66.126629	-1.724361	-0.244355
556.668444	157.146545	106.500000	66.126629	-1.231265	-0.038483
424.805285	157.989125	106.750000	66.126629	-0.965393	0.066588
341.443660	161.993334	107.000000	66.126629	-0.800465	0.125915
609.366260	178.703801	107.250000	46.980146	2.040399	0.269698
932.850177	184.509014	107.500000	46.980146	1.389115	-0.000974
1221.037477	178.940561	107.750000	46.980146	0.814045	-0.221978
1417.446364	166.074813	108.000000	46.980146	0.427596	-0.355104
1099.593893	155.403789	108.250000	43.110908	-0.748872	-0.151779
952.219108	152.362652	108.500000	43.110908	-0.447655	-0.026019
871.306573	152.781440	108.750000	43.110908	-0.284347	0.038683
822.584717	155.036100	109.000000	43.110908	-0.187755	0.073577
779.242485	158.380919	109.250000	57.063901	-0.179099	0.097505
750.741323	162.630964	109.500000	57.063901	-0.125030	0.112016
731.223961	167.406722	109.750000	57.063901	-0.089527	0.118207
717.393814	172.465212	110.000000	57.063901	-0.065728	0.119235
1172.014681	173.348303	110.250000	49.097878	1.525714	-0.153385
1547.692752	160.452520	110.500000	49.097878	0.778732	-0.430868
1767.282261	141.117413	110.750000	49.097878	0.349152	-0.570311
1872.853754	121.468534	111.000000	49.097878	0.150430	-0.616743
1775.414949	105.429585	111.250000	47.285884	-0.129061	-0.520321
1740.120224	93.279555	111.500000	47.285884	-0.047250	-0.467090
1728.062114	83.346869	111.750000	47.285884	-0.014594	-0.437281
1725.095000	74.915041	112.000000	47.285884	-0.001673	-0.417904
1437.976713	69.321923	112.250000	55.061272	-0.492030	-0.211994
1318.027340	66.737150	112.500000	55.061272	-0.246227	-0.109268
1260.560145	65.402451	112.750000	55.061272	-0.128597	-0.059946
1231.234417	64.663388	113.000000	55.061272	-0.068576	-0.034682
776.276486	63.940615	113.250000	62.802786	-1.472765	0.103817
570.140846	67.164135	113.500000	62.802786	-1.057627	0.264549
452.267252	72.622669	113.750000	62.802786	-0.823914	0.348928
375.728741	79.777138	114.000000	62.802786	-0.675347	0.396388
727.751662	90.755032	114.250000	51.841548	2.282337	0.362661
1152.277943	94.934252	114.500000	51.841548	1.429681	0.014313
1496.894739	91.735322	114.750000	51.841548	0.737524	-0.257385
1698.612209	84.177200	115.000000	51.841548	0.334791	-0.405869
907.429626	67.509249	115.250000	78.081141	-1.890178	-0.624142
617.079187	59.910424	115.500000	78.081141	-1.294152	-0.372801
466.407916	55.596457	115.750000	78.081141	-0.985935	-0.242192
374.180981	52.914108	116.000000	78.081141	-0.797702	-0.162352
320.268881	59.268497	116.250000	63.195834	-0.575629	0.467040
280.179979	66.774138	116.500000	63.195834	-0.500997	0.484323
249.070219	75.457365	116.750000	63.195834	-0.445411	0.492009
224.103582	85.348964	117.000000	63.195834	-0.403166	0.492331
198.151486	91.759651	117.250000	68.212100	-0.470729	0.293080
177.029185	98.782244	117.500000	68.212100	-0.433928	0.296022
159.455815	106.363471	117.750000	68.212100	-0.404715	0.294988
144.566205	114.448170	118.000000	68.212100	-0.381302	0.290787
137.982495	130.372558	118.250000	62.226125	-0.186359	0.508132
131.686919	147.479964	118.500000	62.226125	-0.187426	0.479002
125.623781	165.573279	118.750000	62.226125	-0.189752	0.447704
119.754212	184.396312	119.000000	62.226125	-0.193055	0.414780
110.887497	200.715336	119.250000	63.857794	-0.305585	0.326868
102.776762	217.066996	119.500000	63.857794	-0.302419	0.300661
95.319757	233.211524	119.750000	63.857794	-0.300401	0.274335
88.438504	248.923433	120.000000	63.857794	-0.299195	0.248403
80.936861	258.937316	120.250000	65.900584	-0.351287	0.151055
74.190602	268.425060	120.500000	65.900584	-0.345365	0.137465
68.099539	277.338258	120.750000	65.900584	-0.340299	0.124498
62.582138	285.647140	121.000000	65.900584	-0.335899	0.112278
125.053837	317.826225	121.250000	46.511538	2.691283	0.370561
238.005173	342.626858	121.500000	46.511538	2.447828	0.231189
419.420904	355.298135	121.750000	46.511538	2.077496	0.061285
663.210029	352.080888	122.000000	46.511538	1.594071	-0.127239
470.228586	315.160393	122.250000	67.507194	-1.195949	-0.344399
360.551962	294.505847	122.500000	67.507194	-0.957719	-0.214027
289.827435	282.345248	122.750000	67.507194	-0.805320	-0.132422
240.418221	275.203232	123.000000	67.507194	-0.700073	-0.078192
448.770046	294.291539	123.250000	47.003327	2.276249	0.166376
737.077712	297.557802	123.500000	47.003327	1.699031	-0.070587
1041.330111	283.911656	123.750000	47.003327	1.100144	-0.287725
1284.951724	258.783920	124.000000	47.003327	0.629541	-0.434007
777.914579	233.519599	124.250000	62.519917	-1.589189	-0.227005
557.995775	226.878541	124.500000	62.519917	-1.137847	-0.034935
434.761764	228.058640	124.750000	62.519917	-0.889754	0.062505
355.633876	233.411123	125.000000	62.519917	-0.734473	0.115732
453.085012	248.752676	125.250000	56.041961	0.869173	0.203133
548.484362	258.379581	125.500000	56.041961	0.670322	0.107228
633.618225	262.642616	125.750000	56.041961	0.496034	0.030185
703.739712	262.588529	126.000000	56.041961	0.355134	-0.026208
835.705968	258.669127	126.250000	55.073559	0.566690	-0.104519
937.227237	249.738257	126.500000	55.073559	0.369466	-0.168530
1008.841625	238.230444	126.750000	55.073559	0.234326	-0.203306
1056.805205	225.932840	127.000000	55.073559	0.147433	-0.217409
840.453510	216.255691	127.250000	41.991131	-0.728263	-0.093474
724.389195	214.244910	127.500000	41.991131	-0.491891	0.004630
653.381278	216.134272	127.750000	41.991131	-0.350068	0.058282
606.276380	220.239826	128.000000	41.991131	-0.258396	0.088110
478.323601	222.423048	128.250000	38.667993	-0.836116	0.081853
396.784139	228.752242	128.500000	38.667993	-0.676736	0.135077
340.006572	237.570097	128.750000	38.667993	-0.569456	0.163242
297.977392	247.948588	129.000000	38.667993	-0.493214	0.176344
276.590887	261.110579	129.250000	60.306279	-0.283019	0.202222
258.587549	274.240626	129.500000	60.306279	-0.257402	0.190405
243.145121	287.117387	129.750000	60.306279	-0.236734	0.177028
229.694761	299.561831	130.000000	60.306279	-0.219726	0.162907
196.358247	299.810518	130.250000	64.961046	-0.596748	0.015073
170.313407	301.665745	130.500000	64.961046	-0.545879	0.032347
149.385119	304.583660	130.750000	64.961046	-0.506170	0.043358
132.190204	308.191528	131.000000	64.961046	-0.474528	0.049972
116.858689	294.804387	131.250000	70.801325	-0.473926	-0.159609
104.270948	284.455255	131.500000	70.801325	-0.440334	-0.128699
93.747769	276.365636	131.750000	70.801325	-0.412713	-0.103994
84.818031	269.996295	132.000000	70.801325	-0.389677	-0.084028
92.376583	294.281154	132.250000	40.792062	0.325000	0.318558
99.766639	316.558057	132.500000	40.792062	0.292354	0.268000
106.904624	336.456372	132.750000	40.792062	0.262108	0.222388
113.729434	353.795835	133.000000	40.792062	0.234532	0.182141
120.922568	368.760188	133.250000	40.879442	0.232863	0.148981
127.769750	381.200166	133.500000	40.879442	0.209163	0.118520
134.252693	391.324988	133.750000	40.879442	0.188048	0.092991
140.366051	399.396620	134.000000	40.879442	0.169318	0.071874
318.949151	413.079539	134.250000	49.695839	3.089184	0.048191
639.785544	405.789049	134.500000	49.695839	2.458775	-0.192551
1064.637707	373.050724	134.750000	49.695839	1.636555	-0.467247
1449.993076	322.296177	135.000000	49.695839	0.901972	-0.676176
814.828670	275.246869	135.250000	63.857523	-1.788005	-0.392758
562.443406	258.360258	135.500000	63.857523	-1.261980	-0.153407
426.734790	252.960895	135.750000	63.857523	-0.983215	-0.032568
341.773265	253.330640	136.000000	63.857523	-0.812099	0.035401
672.766791	266.506367	136.250000	48.634909	2.366524	0.057445
1091.737113	259.181246	136.500000	48.634909	1.534939	-0.263585
1453.732324	234.526830	136.750000	48.634909	0.825764	-0.506257
1679.867017	202.973114	137.000000	48.634909	0.393358	-0.626277
887.998835	157.483937	137.250000	76.439488	-1.923518	-0.733138
599.491600	136.501170	137.500000	76.439488	-1.320338	-0.456170
450.368107	124.313914	137.750000	76.439488	-1.008875	-0.310912
359.336634	116.453210	138.000000	76.439488	-0.818871	-0.221597
315.296901	128.145837	138.250000	61.746612	-0.487114	0.387452
281.352709	141.227951	138.500000	61.746612	-0.429342	0.388626
254.202534	155.523536	138.750000	61.746612	-0.386234	0.381891
231.829809	170.840950	139.000000	61.746612	-0.353566	0.369256
224.266118	188.875995	139.250000	39.632361	-0.132415	0.386936
216.964498	207.229118	139.500000	39.632361	-0.132482	0.356082
209.883036	225.608623	139.750000	39.632361	-0.133016	0.324986
202.999492	243.724638	140.000000	39.632361	-0.133741	0.294248
175.866440	238.617389	140.250000	70.233467	-0.547010	-0.070083
154.341582	235.241862	140.500000	70.233467	-0.501048	-0.045978
136.846047	233.131719	140.750000	70.233467	-0.464213	-0.027662
122.343475	231.965064	141.000000	70.233467	-0.434157	-0.013652
110.123193	232.390894	141.250000	69.858430	-0.409687	0.011426
99.672033	233.267113	141.500000	69.858430	-0.389417	0.018075
90.633137	234.478831	141.750000	69.858430	-0.372253	0.022915
82.740538	235.937038	142.000000	69.858430	-0.357589	0.026338
100.017446	263.507800	142.250000	57.984347	0.731147	0.409035
119.164890	289.329588	142.500000	57.984347	0.672229	0.342013
139.878584	312.550642	142.750000	57.984347	0.612233	0.278904
161.748780	332.576581	143.000000	57.984347	0.552455	0.221236
140.486522	318.264656	143.250000	69.153815	-0.538825	-0.154983
123.489712	307.625780	143.500000	69.153815	-0.496127	-0.119926
109.589138	299.639750	143.750000	69.153815	-0.461794	-0.092700
98.008431	293.621877	144.000000	69.153815	-0.433710	-0.071299
234.190773	322.985071	144.250000	49.666766	3.327566	0.296094
504.316841	337.562695	144.500000	49.666766	2.781516	0.052527
913.606689	328.757278	144.750000	49.666766	1.973538	-0.256730
1339.335689	296.793716	145.000000	49.666766	1.144682	-0.535197
955.146279	265.866531	145.250000	58.076609	-1.025863	-0.288299
779.055341	253.446712	145.500000	58.076609	-0.658907	-0.120267
679.969062	249.071656	145.750000	58.076609	-0.455111	-0.031208
617.577049	248.914641	146.000000	58.076609	-0.329091	0.019569
998.052142	247.318198	146.250000	52.061266	1.551687	-0.169442
1341.628554	229.271360	146.500000	52.061266	0.875051	-0.410214
1569.031572	202.971806	146.750000	52.061266	0.436372	-0.541634
1692.733996	175.974344	147.000000	52.061266	0.207283	-0.587858
1838.107372	150.656724	147.250000	50.765178	0.215538	-0.646682
1905.905084	127.915349	147.500000	50.765178	0.096080	-0.656146
1937.953019	108.714564	147.750000	50.765178	0.046479	-0.643611
1954.586703	92.776432	148.000000	50.765178	0.025613	-0.625081
989.023057	82.868495	148.250000	63.975699	-1.992703	-0.153129
662.518800	82.944450	148.500000	63.975699	-1.328763	0.112502
498.053793	86.859500	148.750000	63.975699	-0.999093	0.237888
398.704846	93.074219	149.000000	63.975699	-0.803564	0.305724
331.276029	100.809354	149.250000	64.189374	-0.682997	0.336139
282.753691	109.976393	149.500000	64.189374	-0.592678	0.356911
246.002909	120.402213	149.750000	64.189374	-0.527119	0.365659
217.067498	131.950915	150.000000	64.189374	-0.478211	0.365856
389.170837	152.422213	150.250000	53.819109	2.151573	0.487332
626.939245	167.418681	150.500000	53.819109	1.665978	0.267653
887.488558	173.828328	150.750000	53.819109	1.139273	0.045894
1110.432047	171.646467	151.000000	53.819109	0.692610	-0.129359
695.746812	139.122352	151.250000	80.778146	-1.517717	-0.675917
504.281190	120.755050	151.500000	80.778146	-1.115013	-0.483679
394.191748	108.704812	151.750000	80.778146	-0.882979	-0.370469
322.761263	100.115773	152.000000	80.778146	-0.732086	-0.295593
383.013311	114.563480	152.250000	42.863345	0.621429	0.502291
440.051562	128.636489	152.500000	42.863345	0.495887	0.428411
490.749677	141.908869	152.750000	42.863345	0.383558	0.361150
533.292521	154.109165	153.000000	42.863345	0.288351	0.302532
684.250496	164.821221	153.250000	55.269829	0.849627	0.201820
816.075900	170.609435	153.500000	55.269829	0.580198	0.084166
917.343217	172.206996	153.750000	55.269829	0.375040	-0.000702
987.971494	170.867431	154.000000	55.269829	0.233693	-0.055068
951.092258	168.545875	154.250000	43.850280	-0.118883	-0.039717
929.138827	167.355344	154.500000	43.850280	-0.073565	-0.019561
915.731079	166.818801	154.750000	43.850280	-0.046052	-0.007638
907.398070	166.666075	155.000000	43.850280	-0.029102	-0.000591
745.795340	167.284043	155.250000	58.424973	-0.644497	0.069653
651.647346	171.862138	155.500000	58.424973	-0.457998	0.136660
590.696798	178.742398	155.750000	58.424973	-0.340602	0.172121
548.385619	187.079106	156.000000	58.424973	-0.262056	0.189572
445.452767	193.608895	156.250000	61.302464	-0.742312	0.167228
376.762373	202.945355	156.500000	61.302464	-0.611362	0.203998
327.397145	214.115469	156.750000	61.302464	-0.520946	0.221449
289.988869	226.506187	157.000000	61.302464	-0.455643	0.226787
244.727634	232.291984	157.250000	64.955621	-0.639636	0.111692
210.370266	239.336871	157.500000	64.955621	-0.576188	0.125270
183.338106	247.177199	157.750000	64.955621	-0.528142	0.131337
161.471694	255.482130	158.000000	64.955621	-0.490872	0.132304
142.210101	248.315788	158.250000	71.115549	-0.487587	-0.100080
126.497721	242.946520	158.500000	71.115549	-0.451720	-0.076660
113.435937	238.931591	158.750000	71.115549	-0.422273	-0.058097
102.406288	235.957116	159.000000	71.115549	-0.397748	-0.043259
95.594115	252.846857	159.250000	63.134598	-0.275330	0.262992
89.233080	269.063933	159.500000	63.134598	-0.275577	0.235622
83.288267	284.417830	159.750000	63.134598	-0.275969	0.209639
77.731895	298.765544	160.000000	63.134598	-0.276337	0.185353
145.357607	328.713381	160.250000	53.973249	2.422155	0.326071
258.601514	350.635376	160.500000	53.973249	2.180072	0.192074
427.397628	360.684544	160.750000	53.973249	1.836422	0.037278
640.926106	356.423196	161.000000	53.973249	1.413747	-0.125120
466.330876	331.261337	161.250000	63.571577	-1.111662	-0.210645
364.038456	319.060945	161.500000	63.571577	-0.895244	-0.103273
296.719735	313.769950	161.750000	63.571577	-0.755272	-0.038220
248.956449	312.566376	162.000000	63.571577	-0.658129	0.002767
208.905610	294.729728	162.250000	70.112943	-0.658489	-0.204181
178.903160	281.969113	162.500000	70.112943	-0.587885	-0.154362
155.588580	272.676867	162.750000	70.112943	-0.533554	-0.116921
136.948822	265.852749	163.000000	70.112943	-0.490624	-0.088213
147.758699	287.905861	163.250000	58.979317	0.285242	0.293753
157.921283	307.878195	163.500000	58.979317	0.248875	0.245577
167.327598	325.514679	163.750000	58.979317	0.215883	0.202671
175.919062	340.732189	164.000000	58.979317	0.186454	0.165253
152.265193	335.011486	164.250000	65.778828	-0.553674	-0.053874
133.315119	331.535137	164.500000	65.778828	-0.512803	-0.031622
117.790803	329.656075	164.750000	65.778828	-0.480112	-0.015343
104.841391	328.927743	165.000000	65.778828	-0.453524	-0.003452
133.416746	351.058982	165.250000	57.142875	0.927750	0.228597
166.516003	368.684226	165.500000	57.142875	0.847549	0.166749
203.584187	381.560362	165.750000	57.142875	0.763178	0.111209
243.626000	389.787394	166.000000	57.142875	0.676535	0.062579
357.840436	395.152139	166.250000	55.055094	1.422775	0.005567
493.502145	390.559807	166.500000	55.055094	1.155579	-0.093923
635.630665	377.064111	166.750000	55.055094	0.881896	-0.180988
766.724205	357.143743	167.000000	55.055094	0.634832	-0.246513
531.080394	325.309406	167.250000	63.943206	-1.256565	-0.265895
403.021788	310.234153	167.500000	63.943206	-0.985503	-0.131763
322.446551	303.513310	167.750000	63.943206	-0.817541	-0.053080
266.968936	301.557168	168.000000	63.943206	-0.704206	-0.004335
327.020556	316.211690	168.250000	56.731117	0.748232	0.153312
387.680926	325.617812	168.500000	56.731117	0.619259	0.085748
445.501920	330.189883	168.750000	56.731117	0.499714	0.030098
497.757746	330.737907	169.000000	56.731117	0.394445	-0.013049
376.467549	296.682531	169.250000	70.535243	-0.997982	-0.361604
300.374723	275.016357	169.500000	70.535243	-0.827043	-0.256522
248.213996	260.474017	169.750000	70.535243	-0.710277	-0.185198
210.236470	250.421738	170.000000	70.535243	-0.625775	-0.134387
337.184007	273.033836	170.250000	54.666389	1.753371	0.274016
500.811547	286.477164	170.500000	54.666389	1.416370	0.116283
680.736770	289.127748	170.750000	54.666389	1.054311	-0.033354
847.832216	282.058355	171.000000	54.666389	0.724614	-0.153638
569.490959	237.084839	171.250000	74.503535	-1.340803	-0.561622
425.671190	210.998462	171.500000	74.503535	-1.028836	-0.392588
337.967801	194.078034	171.750000	74.503535	-0.838238	-0.287697
278.947924	182.382140	172.000000	74.503535	-0.709924	-0.216585
236.479961	176.467895	172.250000	73.012021	-0.619633	-0.110965
204.411778	172.433714	172.500000	73.012021	-0.551906	-0.077045
179.334783	169.732575	172.750000	73.012021	-0.499341	-0.051442
159.182223	168.010275	173.000000	73.012021	-0.457477	-0.031775
150.834965	186.355730	173.250000	61.839312	-0.214596	0.400007
142.972956	205.124701	173.500000	61.839312	-0.213865	0.368776
135.528043	224.008124	173.750000	61.839312	-0.214067	0.336970
128.453637	242.691995	174.000000	61.839312	-0.214857	0.305254
133.015916	264.949742	174.250000	59.746077	0.126847	0.328072
136.857698	285.896303	174.500000	59.746077	0.102353	0.283034
139.999809	305.194065	174.750000	59.746077	0.080575	0.241843
142.488181	322.632599	175.000000	59.746077	0.061592	0.204889
163.758268	341.445354	175.250000	58.017952	0.528977	0.200931
185.550409	356.743546	175.500000	58.017952	0.473110	0.152765
207.394235	368.593907	175.750000	58.017952	0.419881	0.111452
228.841626	377.255795	176.000000	58.017952	0.369985	0.076840
191.715871	338.972164	176.250000	72.489363	-0.660317	-0.379744
164.259739	311.536898	176.500000	72.489363	-0.583010	-0.302441
143.117534	291.132426	176.750000	72.489363	-0.524102	-0.244404
126.327116	275.540513	177.000000	72.489363	-0.477837	-0.199568
294.273715	303.297599	177.250000	50.711551	3.193445	0.287239
606.299973	315.114213	177.500000	50.711551	2.565711	0.015601
1033.913543	303.485512	177.750000	50.711551	1.721624	-0.303312
1431.241257	271.461985	178.000000	50.711551	0.948161	-0.559398
804.100981	198.316780	178.250000	86.381913	-1.785998	-0.996248
555.891828	160.888805	178.500000	86.381913	-1.251907	-0.719046
423.284104	137.364967	178.750000	86.381913	-0.964844	-0.564381
340.934910	120.938971	179.000000	86.381913	-0.785514	-0.464874
337.788259	135.413721	179.250000	59.209055	-0.039612	0.439415
334.238112	150.600632	179.500000	59.209055	-0.044666	0.411901
330.320188	166.324414	179.750000	59.209055	-0.049416	0.383600
326.076411	182.383434	180.000000	59.209055	-0.053784	0.354881
363.961637	199.846851	180.250000	42.390054	0.397202	0.334879
397.695962	215.614207	180.500000	42.390054	0.316906	0.276209
426.537894	229.466147	180.750000	42.390054	0.247907	0.225273
450.332012	241.367765	181.000000	42.390054	0.190568	0.182278
352.003681	228.083805	181.250000	69.966647	-0.892956	-0.179616
286.963505	220.144783	181.500000	69.966647	-0.755483	-0.111151
240.739838	215.489230	181.750000	69.966647	-0.658686	-0.064523
206.182466	212.997642	182.000000	69.966647	-0.587175	-0.031672
239.425089	235.040384	182.250000	57.765862	0.557597	0.360221
272.306676	254.954195	182.500000	57.765862	0.475825	0.293976
303.625747	272.233101	182.750000	57.765862	0.399236	0.234218
332.429432	286.654968	183.000000	57.765862	0.329930	0.182170
472.384701	299.232226	183.250000	44.929467	1.263830	0.106142
622.778462	302.149192	183.500000	44.929467	0.960570	-0.020380
763.111649	296.484866	183.750000	44.929467	0.683554	-0.121922
878.388241	284.804953	184.000000	44.929467	0.461112	-0.191430
1316.755819	263.671506	184.250000	50.355288	1.215966	-0.450245
1636.070796	229.212687	184.500000	50.355288	0.598636	-0.639518
1811.861743	193.193704	184.750000	50.355288	0.271072	-0.709951
1897.165442	161.520561	185.000000	50.355288	0.123342	-0.715650
952.483879	127.496408	185.250000	73.996466	-2.030609	-0.633117
631.887851	113.542286	185.500000	73.996466	-1.367385	-0.344036
470.599754	106.353415	185.750000	73.996466	-1.035218	-0.198942
373.508374	102.419798	186.000000	73.996466	-0.836100	-0.112606
422.051121	115.862193	186.250000	42.612683	0.437688	0.462039
464.860836	129.011092	186.500000	42.612683	0.341282	0.401372
500.732786	141.609073	186.750000	42.612683	0.259162	0.347338
529.440169	153.494056	187.000000	42.612683	0.191946	0.300459
544.997679	164.561822	187.250000	57.521390	0.097421	0.262278
556.107907	175.016166	187.500000	57.521390	0.066668	0.232392
563.676652	184.850047	187.750000	57.521390	0.043528	0.206595
568.512803	194.070291	188.000000	57.521390	0.026375	0.184223
540.914756	202.472909	188.250000	58.187414	-0.177015	0.171503
519.980100	211.340658	188.500000	58.187414	-0.142016	0.170616
503.599365	220.422072	188.750000	58.187414	-0.116366	0.165623
490.434779	229.522533	189.000000	58.187414	-0.097209	0.157995
391.996379	232.713052	189.250000	62.546433	-0.809575	0.086756
325.881919	239.188399	189.500000	62.546433	-0.681534	0.127180
278.206518	247.680392	189.750000	62.546433	-0.592378	0.148629
242.041897	257.428622	190.000000	62.546433	-0.527460	0.158252
208.268573	263.707903	190.250000	64.350458	-0.572455	0.102669
181.667920	270.849116	190.500000	64.350458	-0.524717	0.109789
160.134537	278.484015	190.750000	64.350458	-0.487580	0.111829
142.321196	286.343679	191.000000	64.350458	-0.458110	0.110416
147.740749	305.862056	191.250000	59.458479	0.137017	0.243274
152.414540	323.372013	191.500000	59.458479	0.113599	0.204420
156.381408	338.788752	191.750000	59.458479	0.093271	0.170319
159.700075	352.141641	192.000000	59.458479	0.075894	0.140867
339.212913	370.382990	192.250000	51.878425	2.818554	0.111276
638.209964	369.668886	192.500000	51.878425	2.225383	-0.125530
1013.061310	346.450400	192.750000	51.878425	1.494849	-0.379451
1348.620599	306.762182	193.000000	51.878425	0.851683	-0.570404
770.803672	256.660147	193.250000	67.895720	-1.760083	-0.487835
533.546856	235.096858	193.500000	67.895720	-1.261216	-0.251509
404.328076	224.725389	193.750000	67.895720	-0.991638	-0.125997
322.985002	220.056104	194.000000	67.895720	-0.823799	-0.050873
651.655068	236.256164	194.250000	51.206311	2.464614	0.135794
1080.939066	233.825088	194.500000	51.206311	1.608993	-0.203038
1459.209214	214.157709	194.750000	51.206311	0.863226	-0.468746
1695.983834	186.650317	195.000000	51.206311	0.405977	-0.605538
1039.189952	168.458466	195.250000	59.042520	-1.436423	-0.189649
782.974572	165.772257	195.500000	59.042520	-0.913943	0.024156
647.452557	169.259786	195.750000	59.042520	-0.642629	0.126968
564.032290	176.069653	196.000000	59.042520	-0.479743	0.180768
1008.687482	182.354369	196.250000	49.420531	1.883964	-0.039235
1438.590054	172.658295	196.500000	49.420531	1.027513	-0.365995
1719.071797	153.289782	196.750000	49.420531	0.475413	-0.554477
1860.728337	131.963485	197.000000	49.420531	0.204852	-0.626853
1080.116898	119.847659	197.250000	40.647785	-1.568183	-0.135102
794.433969	119.898346	197.500000	40.647785	-0.987670	0.097251
647.084054	124.802078	197.750000	40.647785	-0.693483	0.206805
557.516215	132.501314	198.000000	40.647785	-0.518878	0.263789
470.465215	141.355598	198.250000	60.443217	-0.604416	0.281179
410.756267	152.234112	198.500000	60.443217	-0.492855	0.307587
367.040204	164.667599	198.750000	60.443217	-0.414846	0.317948
333.445212	178.317271	199.000000	60.443217	-0.358231	0.317699
682.854932	194.787382	199.250000	49.219068	2.502360	0.195764
1135.783903	195.071730	199.500000	49.219068	1.597034	-0.167439
1523.111055	179.833113	199.750000	49.219068	0.828919	-0.449486
1755.560785	157.334303	200.000000	49.219068	0.376004	-0.592958
915.010872	122.048217	200.250000	77.746229	-1.949848	-0.729008
615.448933	105.894203	200.500000	77.746229	-1.327968	-0.452774
461.929681	96.495556	200.750000	77.746229	-1.009830	-0.309578
368.639473	90.402742	201.000000	77.746229	-0.816682	-0.222001
314.777279	99.567775	201.250000	63.040166	-0.586243	0.396912
274.566424	110.141514	201.500000	63.040166	-0.513824	0.408161
243.231349	122.018430	201.750000	63.040166	-0.460344	0.409642
217.977797	135.092353	202.000000	63.040166	-0.420074	0.403824
199.683782	150.115478	202.250000	62.362124	-0.339327	0.414064
183.912890	166.083493	202.500000	62.362124	-0.320458	0.394814
170.084878	182.792157	202.750000	62.362124	-0.306090	0.372512
157.788204	200.001614	203.000000	62.362124	-0.295203	0.347967
222.506680	225.603693	203.250000	43.858134	1.300762	0.431843
301.228994	247.845465	203.500000	43.858134	1.125951	0.324409
389.480532	265.098860	203.750000	43.858134	0.935809	0.219180
480.031130	276.498927	204.000000	43.858134	0.745426	0.123674
417.805875	279.585683	204.250000	59.930128	-0.500273	0.063563
373.040224	285.079519	204.500000	59.930128	-0.414564	0.088680
339.188592	292.033335	204.750000	59.930128	-0.352054	0.102039
312.603734	299.841656	205.000000	59.930128	-0.304880	0.107812
273.953028	305.224514	205.250000	61.357046	-0.494524	0.079988
243.908754	311.879540	205.500000	61.357046	-0.439461	0.090866
219.790409	319.270419	205.750000	61.357046	-0.396929	0.095480
199.931364	327.024882	206.000000	61.357046	-0.363265	0.095925
214.007026	340.878368	206.250000	58.521317	0.253622	0.147711
226.960045	352.143674	206.500000	58.521317	0.218617	0.114700
238.732356	361.060596	206.750000	58.521317	0.187856	0.087341
249.323010	367.926691	207.000000	58.521317	0.161105	0.065042
393.402653	376.309281	207.250000	54.422194	1.677288	0.026025
571.967248	372.151510	207.500000	54.422194	1.324254	-0.108625
759.413426	356.429783	207.750000	54.422194	0.961506	-0.227653
925.671724	332.692224	208.000000	54.422194	0.646579	-0.313939
1115.477443	304.194530	208.250000	53.800875	0.583269	-0.399708
1247.697428	273.402910	208.500000	53.800875	0.341230	-0.444793
1331.183360	244.207091	208.750000	53.800875	0.196021	-0.453736
1381.895220	218.271568	209.000000	53.800875	0.114381	-0.442701
1682.196280	191.564319	209.250000	50.402766	0.532952	-0.601201
1840.182092	163.012631	209.500000	50.402766	0.235253	-0.672265
1914.422294	137.521692	209.750000	50.402766	0.104931	-0.681435
1949.596285	116.167858	210.000000	50.402766	0.050721	-0.667108
971.864651	89.321997	210.250000	78.523612	-2.039259	-0.734824
644.538941	77.560997	210.500000	78.523612	-1.364046	-0.444720
480.748125	70.853019	210.750000	78.523612	-1.027191	-0.298597
382.471261	66.566890	211.000000	78.523612	-0.825399	-0.210620
689.728164	76.295157	211.250000	47.188806	2.045375	0.412900
1047.186028	81.369205	211.500000	47.188806	1.326094	0.116478
1343.949572	81.059705	211.750000	47.188806	0.728678	-0.122130
1529.388424	77.035338	212.000000	47.188806	0.356678	-0.264257
1765.379799	70.525126	212.250000	48.867660	0.373530	-0.427779
1876.452402	62.663742	212.500000	48.867660	0.154000	-0.502394
1923.983000	55.062864	212.750000	48.867660	0.063376	-0.525853
1944.290931	48.250034	213.000000	48.867660	0.027547	-0.528710
978.762741	40.448877	213.250000	72.224054	-2.013565	-0.407610
652.364356	38.010397	213.500000	72.224054	-1.347857	-0.137136
488.258004	37.435995	213.750000	72.224054	-1.015328	-0.003117
389.454900	37.822065	214.000000	72.224054	-0.816240	0.075894
560.790927	44.151463	214.250000	44.921340	1.288305	0.545859
738.246201	49.600283	214.500000	44.921340	0.928650	0.392804
892.686163	53.750620	214.750000	44.921340	0.615071	0.260354
1008.036103	56.592586	215.000000	44.921340	0.380433	0.161683
664.113887	54.927977	215.250000	68.065409	-1.381051	-0.003294
493.787539	55.958700	215.500000	68.065409	-1.037142	0.132601
391.980116	58.476111	215.750000	68.065409	-0.833668	0.209802
324.161204	62.035476	216.000000	68.065409	-0.699864	0.257375
298.602355	70.989602	216.250000	61.040912	-0.308304	0.540017
277.719431	81.221825	216.500000	61.040912	-0.274546	0.536374
260.209188	92.778090	216.750000	61.040912	-0.248633	0.527369
245.186183	105.674630	217.000000	61.040912	-0.228797	0.513682
430.624461	122.895700	217.250000	46.104994	2.057751	0.512264
676.129278	135.780684	217.500000	46.104994	1.558000	0.290520
932.221641	141.844851	217.750000	46.104994	1.040016	0.072894
1141.458862	141.156595	218.000000	46.104994	0.619392	-0.094397
1478.107292	133.811955	218.250000	51.870084	0.733272	-0.326980
1677.745664	120.873634	218.500000	51.870084	0.339198	-0.462975
1776.365044	106.805821	218.750000	51.870084	0.150223	-0.514923
1822.069741	93.722221	219.000000	51.870084	0.067885	-0.525829
941.303535	70.328941	219.250000	87.161438	-1.961567	-0.860336
632.699390	59.031194	219.500000	87.161438	-1.325136	-0.586567
475.587084	52.008407	219.750000	87.161438	-1.001627	-0.445269
380.465508	47.092978	220.000000	87.161438	-0.805728	-0.358599
332.040351	53.344401	220.250000	62.112851	-0.502721	0.510137
295.530078	60.728546	220.500000	62.112851	-0.435206	0.524777
266.893432	69.306234	220.750000	62.112851	-0.384515	0.530683
243.706630	79.139047	221.000000	62.112851	-0.345804	0.529692
249.042665	91.966338	221.250000	40.429995	0.076685	0.586381
253.209096	106.054952	221.500000	40.429995	0.057054	0.554901
256.229743	121.319912	221.750000	40.429995	0.038774	0.521982
258.150027	137.622252	222.000000	40.429995	0.021864	0.487862
235.830562	152.437228	222.250000	61.744852	-0.346633	0.402910
216.993176	168.246025	222.500000	61.744852	-0.321472	0.386446
200.760331	184.839307	222.750000	61.744852	-0.302179	0.366309
186.527034	201.974560	223.000000	61.744852	-0.287343	0.343470
235.540934	225.611076	223.250000	57.021470	0.876439	0.401150
288.610851	246.660995	223.500000	57.021470	0.753519	0.316514
342.898831	264.211884	223.750000	57.021470	0.630830	0.237825
395.384450	277.817624	224.000000	57.021470	0.514783	0.168414
665.500288	286.396482	224.250000	46.904827	1.810807	0.007972
967.650851	278.422384	224.500000	46.904827	1.212316	-0.218558
1223.903650	257.601461	224.750000	46.904827	0.713340	-0.383486
1396.844416	231.082012	225.000000	46.904827	0.385313	-0.470226
1507.939346	204.336275	225.250000	53.004738	0.219177	-0.505394
1569.078895	179.978858	225.500000	53.004738	0.114943	-0.506064
1602.857730	158.870274	225.750000	53.004738	0.063545	-0.491051
1622.570763	140.879447	226.000000	53.004738	0.038162	-0.470881
953.640151	130.353507	226.250000	60.554389	-1.595859	-0.092502
691.321902	131.378383	226.500000	60.554389	-1.064077	0.118719
551.145460	137.327657	226.750000	60.554389	-0.785400	0.220317
463.693265	146.208535	227.000000	60.554389	-0.616092	0.273202
436.152819	158.359283	227.250000	59.098424	-0.224206	0.317709
414.270439	171.284881	227.500000	59.098424	-0.190583	0.309465
396.349019	184.774347	227.750000	59.098424	-0.165390	0.296896
381.283809	198.618177	228.000000	59.098424	-0.146233	0.281309
689.150081	212.964963	228.250000	47.501691	2.052595	0.143001
1048.242331	212.487380	228.500000	47.501691	1.334393	-0.143990
1348.680124	198.902483	228.750000	47.501691	0.740254	-0.359164
1539.655068	178.793988	229.000000	47.501691	0.370090	-0.473558
871.537759	162.064954	229.250000	62.789045	-1.744613	-0.169970
608.960723	160.337399	229.500000	62.789045	-1.210103	0.047029
468.228277	164.703334	229.750000	62.789045	-0.929042	0.152265
380.145882	172.460290	230.000000	62.789045	-0.757570	0.207912
561.147596	188.238291	230.250000	45.332206	1.374282	0.264880
751.897695	196.645718	230.500000	45.332206	0.985633	0.095035
919.262662	197.651032	230.750000	45.332206	0.648552	-0.041712
1044.629901	193.094670	231.000000	45.332206	0.399617	-0.133779
1470.768633	180.727127	231.250000	50.093340	0.982262	-0.407522
1742.268955	159.045576	231.500000	50.093340	0.449988	-0.584167
1877.638621	136.067132	231.750000	50.093340	0.193485	-0.648123
1939.205508	115.502033	232.000000	50.093340	0.084885	-0.656910
1015.761506	104.004891	232.250000	61.709621	-1.881990	-0.130972
697.654799	104.560320	232.500000	61.709621	-1.235623	0.126866
536.260714	109.814085	232.750000	61.709621	-0.913262	0.247100
438.337800	117.868608	233.000000	61.709621	-0.722091	0.310115
390.445137	129.141926	233.250000	39.607470	-0.423402	0.371851
354.246409	141.822883	233.500000	39.607470	-0.360754	0.375650
325.736639	155.713161	233.750000	39.607470	-0.314575	0.370823
302.522786	170.611278	234.000000	39.607470	-0.279874	0.359705
255.953988	178.621886	234.250000	34.620320	-0.629131	0.192716
220.610699	187.723866	234.500000	34.620320	-0.565348	0.202968
192.784999	197.589076	234.750000	34.620320	-0.517329	0.205623
170.245690	207.959967	235.000000	34.620320	-0.480361	0.203001
150.658781	204.191511	235.250000	72.162980	-0.469329	-0.062438
134.598826	201.525139	235.500000	72.162980	-0.434939	-0.044171
121.190348	199.700437	235.750000	72.162980	-0.406557	-0.029728
109.825772	198.528753	236.000000	72.162980	-0.382809	-0.018241
106.623199	219.233387	236.250000	38.395297	-0.123228	0.378171
103.256918	239.767868	236.500000	38.395297	-0.132935	0.339778
99.763029	259.756970	236.750000	38.395297	-0.141954	0.302564
96.180883	278.868981	237.000000	38.395297	-0.150098	0.267164
86.896362	279.379743	237.250000	68.132704	-0.397568	0.010248
78.837152	280.276103	237.500000	68.132704	-0.382117	0.014934
71.780623	281.452782	237.750000	68.132704	-0.368905	0.018249
65.555851	282.827975	238.000000	68.132704	-0.357522	0.020498
77.778321	309.392617	238.250000	58.197629	0.661852	0.329151
91.225948	333.338877	238.500000	58.197629	0.615800	0.270402
105.776549	354.143432	238.750000	58.197629	0.570044	0.217036
121.264940	371.548567	239.000000	58.197629	0.525121	0.169711
106.524257	350.362668	239.250000	69.567484	-0.496974	-0.209942
94.547437	334.334861	239.500000	69.567484	-0.460035	-0.168094
84.614104	321.996706	239.750000	69.567484	-0.430176	-0.135317
76.236737	312.379795	240.000000	69.567484	-0.405635	-0.109265
79.722958	332.856724	240.250000	40.207193	0.167822	0.233318
82.908422	351.029250	240.500000	40.207193	0.146863	0.194325
85.798303	366.839481	240.750000	40.207193	0.128386	0.160294
88.407541	380.354321	241.000000	40.207193	0.112309	0.131084
122.942517	398.958532	241.250000	56.317266	1.277715	0.160155
167.113074	411.927016	241.500000	56.317266	1.179305	0.098809
221.193517	419.045724	241.750000	56.317266	1.065740	0.041227
284.075381	420.427691	242.000000	56.317266	0.939091	-0.011941
405.651968	416.939203	242.250000	55.061108	1.306842	-0.076620
543.455381	404.431606	242.500000	55.061108	1.041464	-0.162041
681.314979	384.651975	242.750000	55.061108	0.781136	-0.233144
803.519368	360.363893	243.000000	55.061108	0.555253	-0.282795
541.237055	311.281548	243.250000	68.905022	-1.341199	-0.454435
403.796490	284.426115	243.500000	68.905022	-1.041542	-0.288959
319.268913	268.341269	243.750000	68.905022	-0.858026	-0.188265
262.037063	258.357244	244.000000	68.905022	-0.734685	-0.121996
250.508672	272.902472	244.250000	60.001268	-0.174642	0.209551
240.115708	286.846042	244.500000	60.001268	-0.164980	0.189968
230.669123	300.054821	244.750000	60.001268	-0.156632	0.171090
222.028221	312.433434	245.000000	60.001268	-0.149237	0.153223
260.394151	328.138936	245.250000	57.377625	0.594841	0.166946
298.754937	339.672107	245.500000	57.377625	0.508798	0.113016
335.713216	347.302776	245.750000	57.377625	0.428638	0.068009
370.121634	351.538126	246.000000	57.377625	0.356263	0.031839
436.340675	353.483087	246.250000	56.520204	0.594717	-0.004337
498.167913	350.963278	246.500000	56.520204	0.472777	-0.049011
552.852535	345.148851	246.750000	56.520204	0.367695	-0.081367
599.075624	337.193408	247.000000	56.520204	0.281240	-0.102638
435.670183	296.082257	247.250000	70.972121	-1.117260	-0.426985
339.509834	270.915148	247.500000	70.972121	-0.902821	-0.298547
276.225341	254.374471	247.750000	70.972121	-0.761953	-0.214191
231.434413	243.063134	248.000000	70.972121	-0.662684	-0.155340
198.423752	245.468181	248.250000	66.716917	-0.586140	0.049049
172.523408	248.977782	248.500000	66.716917	-0.536896	0.062881
151.639832	253.220375	248.750000	66.716917	-0.498343	0.071194
134.432470	257.932952	249.000000	66.716917	-0.467565	0.075600
305.952964	285.714414	249.250000	51.274011	3.097187	0.311096
615.434884	298.579853	249.500000	51.274011	2.473315	0.039284
1028.607867	289.474471	249.750000	51.274011	1.655684	-0.273235
1407.126244	261.163220	250.000000	51.274011	0.916981	-0.521631
