Nr	Nb	time	environment	abf_r	abf_b
250.000000	250.000000	0.000000	0.000000	0.000000	0.000000
481.313922	269.863484	0.250000	52.622931	2.375389	0.193470
803.388955	273.723765	0.500000	52.622931	1.730312	-0.071649
1134.969099	260.268939	0.750000	52.622931	1.075997	-0.311286
1387.609845	235.522928	1.000000	52.622931	0.586357	-0.465808
1050.114576	214.848311	1.250000	57.194468	-0.828825	-0.238868
894.121140	206.618928	1.500000	57.194468	-0.505963	-0.095635
807.799174	203.913492	1.750000	57.194468	-0.329235	-0.020268
755.107891	204.100894	2.000000	57.194468	-0.222995	0.021985
1095.197416	202.148756	2.250000	47.279361	1.166578	-0.163460
1362.691087	188.942875	2.500000	47.279361	0.637974	-0.352997
1527.378037	170.537928	2.750000	47.279361	0.319503	-0.449548
1615.627693	151.602109	3.000000	47.279361	0.155823	-0.483178
1064.081039	140.095910	3.250000	58.302159	-1.225797	-0.130773
837.335223	139.320574	3.500000	58.302159	-0.764959	0.055081
715.768360	143.107776	3.750000	58.302159	-0.522141	0.145956
641.083100	149.443289	4.000000	58.302159	-0.376486	0.193641
757.955522	157.187854	4.250000	55.573664	0.558188	0.151653
849.470712	161.431483	4.500000	55.573664	0.370636	0.069397
914.975914	162.984122	4.750000	55.573664	0.237376	0.013410
959.026732	162.727372	5.000000	55.573664	0.148715	-0.021671
1092.742189	160.355797	5.250000	54.518742	0.402360	-0.104199
1179.690255	154.909175	5.500000	54.518742	0.231128	-0.163614
1232.175934	148.071812	5.750000	54.518742	0.130503	-0.192403
1262.875931	140.887085	6.000000	54.518742	0.074183	-0.202861
1416.920426	132.496709	6.250000	53.322949	0.328203	-0.291315
1502.126370	122.298635	6.500000	53.322949	0.163765	-0.339982
1546.481632	112.054925	6.750000	53.322949	0.082075	-0.355433
1569.586581	102.511352	7.000000	53.322949	0.042923	-0.355032
1809.956568	92.011204	7.250000	50.030210	0.367875	-0.504236
1921.521697	80.282955	7.500000	50.030210	0.150398	-0.571519
1969.107408	69.397485	7.750000	50.030210	0.062309	-0.588424
1989.777606	59.908569	8.000000	50.030210	0.027918	-0.586191
1940.819840	52.091327	8.250000	51.555167	-0.057479	-0.536343
1924.335212	45.726767	8.500000	51.555167	-0.018651	-0.510081
1919.503470	40.335558	8.750000	51.555167	-0.004389	-0.495291
1918.877170	35.686078	9.000000	51.555167	0.000690	-0.485426
1893.072468	31.720454	9.250000	51.890122	-0.031804	-0.459145
1884.044665	28.337944	9.500000	51.890122	-0.010637	-0.444979
1881.300604	25.383461	9.750000	51.890122	-0.002630	-0.436800
1880.900909	22.774876	10.000000	51.890122	0.000316	-0.431228
1964.006125	20.297726	10.250000	50.308688	0.105244	-0.485672
1996.825996	17.916520	10.500000	50.308688	0.040262	-0.507658
2009.648953	15.765477	10.750000	50.308688	0.015861	-0.513796
2014.876716	13.863391	11.000000	50.308688	0.006750	-0.514237
1931.845628	12.295260	11.250000	48.090003	-0.100712	-0.451891
1901.611169	11.026353	11.500000	48.090003	-0.038013	-0.424673
1890.355892	9.932292	11.750000	48.090003	-0.014174	-0.413294
1886.251078	8.964133	12.000000	48.090003	-0.005017	-0.408001
1903.077959	8.084055	12.250000	48.310987	0.021987	-0.418065
1909.827654	7.277404	12.500000	48.310987	0.008888	-0.421947
1912.620174	6.547907	12.750000	48.310987	0.003791	-0.422757
1913.863829	5.891339	13.000000	48.310987	0.001793	-0.422451
1982.448416	5.266604	13.250000	49.809128	0.084707	-0.470337
2008.770240	4.668041	13.500000	49.809128	0.031507	-0.490610
2018.655845	4.124815	13.750000	49.809128	0.011780	-0.497586
2022.402141	3.641138	14.000000	49.809128	0.004531	-0.499671
1819.994056	3.277686	14.250000	53.023290	-0.259105	-0.355281
1745.140041	3.026740	14.500000	53.023290	-0.106360	-0.293759
1714.936689	2.822844	14.750000	53.023290	-0.044709	-0.268755
1702.342851	2.643539	15.000000	53.023290	-0.018937	-0.258144
1590.970804	2.503615	15.250000	46.105354	-0.178326	-0.180499
1543.375937	2.406846	15.500000	46.105354	-0.081491	-0.141602
1521.922546	2.329105	15.750000	46.105354	-0.037845	-0.124012
1512.026119	2.260693	16.000000	46.105354	-0.017691	-0.115836
1797.452476	2.142088	16.250000	49.485403	0.445351	-0.313981
1930.475763	1.949066	16.500000	49.485403	0.174876	-0.421848
1984.108272	1.742650	16.750000	49.485403	0.065725	-0.465161
2004.479165	1.547551	17.000000	49.485403	0.024331	-0.481390
1378.857408	1.451689	17.250000	56.480722	-1.007078	-0.059954
1148.297183	1.469990	17.500000	56.480722	-0.538301	0.127528
1036.763977	1.537387	17.750000	56.480722	-0.312358	0.217793
975.778054	1.634763	18.000000	56.480722	-0.189076	0.266943
1260.557124	1.719621	18.250000	46.707215	0.763500	0.098047
1446.741250	1.725239	18.500000	46.707215	0.387135	-0.052510
1547.540625	1.682825	18.750000	46.707215	0.182821	-0.134166
1596.607154	1.617933	19.000000	46.707215	0.083252	-0.173885
1664.139740	1.538842	19.250000	52.902315	0.108634	-0.223242
1694.526116	1.450072	19.500000	52.902315	0.046928	-0.247775
1707.757899	1.360847	19.750000	52.902315	0.020088	-0.258362
1713.446450	1.274887	20.000000	52.902315	0.008585	-0.262818
1409.285466	1.225533	20.250000	44.627313	-0.533361	-0.058562
1281.088923	1.226205	20.500000	44.627313	-0.272971	0.045594
1218.595990	1.249334	20.750000	44.627313	-0.146299	0.096225
1185.976456	1.284586	21.000000	44.627313	-0.080262	0.122581
1425.745785	1.301985	21.250000	46.927073	0.522912	-0.031633
1561.823916	1.271452	21.500000	46.927073	0.247215	-0.141861
1628.830211	1.217485	21.750000	46.927073	0.111213	-0.196172
1659.526181	1.155005	22.000000	46.927073	0.048879	-0.221001
1819.063523	1.076738	22.250000	51.554551	0.232391	-0.334514
1888.129653	0.982156	22.500000	51.554551	0.091866	-0.390565
1915.821373	0.887818	22.750000	51.554551	0.035514	-0.412947
1926.591415	0.799703	23.000000	51.554551	0.013631	-0.421552
1988.166798	0.715369	23.250000	49.768333	0.075370	-0.465890
2011.543795	0.634909	23.500000	49.768333	0.027750	-0.484803
2020.192460	0.561852	23.750000	49.768333	0.010162	-0.491715
2023.378125	0.000000	24.000000	49.768333	0.004120	-0.493186
1948.619075	0.000000	24.250000	48.213632	-0.090169	-0.439767
1921.226736	0.000000	24.500000	48.213632	-0.034297	-0.417418
1910.861121	0.000000	24.750000	48.213632	-0.013162	-0.408964
1906.890979	0.000000	25.000000	48.213632	-0.005068	-0.405726
1216.112965	0.000000	25.250000	57.858350	-1.259794	0.039040
958.180342	0.000000	25.500000	57.858350	-0.735682	0.248685
827.724238	0.000000	25.750000	57.858350	-0.471634	0.354304
751.675197	0.000000	26.000000	57.858350	-0.318027	0.415747
814.958822	0.000000	26.250000	43.794835	0.265481	0.406478
860.064985	0.000000	26.500000	43.794835	0.174610	0.370129
890.777323	0.000000	26.750000	43.794835	0.112690	0.345361
911.043137	0.000000	27.000000	43.794835	0.071810	0.329009
995.880308	0.000000	27.250000	44.575982	0.279558	0.277744
1051.408563	0.000000	27.500000	44.575982	0.167484	0.232915
1085.742939	0.000000	27.750000	44.575982	0.098124	0.205170
1106.230898	0.000000	28.000000	44.575982	0.056712	0.188606
1091.601805	0.000000	28.250000	55.681429	-0.040424	0.194906
1083.218970	0.000000	28.500000	55.681429	-0.023473	0.201687
1078.372800	0.000000	28.750000	55.681429	-0.013674	0.205607
1075.556890	0.000000	29.000000	55.681429	-0.007981	0.207884
1457.477137	0.000000	29.250000	48.071969	0.867201	-0.042096
1691.543850	0.000000	29.500000	48.071969	0.393135	-0.231722
1804.472817	0.000000	29.750000	48.071969	0.163614	-0.323531
1852.671778	0.000000	30.000000	48.071969	0.065493	-0.362779
1638.849383	0.000000	30.250000	46.014618	-0.316594	-0.215992
1553.442496	0.000000	30.500000	46.014618	-0.142833	-0.146488
1515.811808	0.000000	30.750000	46.014618	-0.066368	-0.115902
1498.519524	0.000000	31.000000	46.014618	-0.031249	-0.101854
1512.856107	0.000000	31.250000	46.198295	0.025900	-0.110444
1519.636277	0.000000	31.500000	46.198295	0.012133	-0.115950
1522.819074	0.000000	31.750000	46.198295	0.005671	-0.118535
1524.307954	0.000000	32.000000	46.198295	0.002647	-0.119745
1776.730089	0.000000	32.250000	48.800753	0.395710	-0.295615
1893.778082	0.000000	32.500000	48.800753	0.157608	-0.390856
1941.516019	0.000000	32.750000	48.800753	0.060336	-0.429765
1959.956025	0.000000	33.000000	48.800753	0.022738	-0.444804
2002.393427	0.000000	33.250000	50.058371	0.051015	-0.475936
2018.250913	0.000000	33.500000	50.058371	0.018662	-0.488877
2024.067478	0.000000	33.750000	50.058371	0.006792	-0.493625
2026.186461	0.000000	34.000000	50.058371	0.002467	-0.495355
1529.654838	0.000000	34.250000	44.717346	-0.732670	-0.152197
1345.818041	0.000000	34.500000	44.717346	-0.358653	-0.002590
1261.320687	0.000000	34.750000	44.717346	-0.187207	0.065988
1218.670432	0.000000	35.000000	44.717346	-0.100780	0.100559
1577.254385	0.000000	35.250000	48.390992	0.710726	-0.136453
1776.719202	0.000000	35.500000	48.390992	0.306080	-0.298312
1866.794128	0.000000	35.750000	48.390992	0.122815	-0.371618
1903.616133	0.000000	36.000000	48.390992	0.047801	-0.401623
1730.850473	0.000000	36.250000	46.588833	-0.240242	-0.281633
1663.448280	0.000000	36.500000	46.588833	-0.103012	-0.226741
1635.021696	0.000000	36.750000	46.588833	-0.045192	-0.203613
1622.641581	0.000000	37.000000	46.588833	-0.020022	-0.193545
1372.960470	0.000000	37.250000	44.619594	-0.462347	-0.026730
1263.300399	0.000000	37.500000	44.619594	-0.239726	0.062318
1208.833125	0.000000	37.750000	44.619594	-0.129335	0.106475
1180.129453	0.000000	38.000000	44.619594	-0.071209	0.129725
1271.172308	0.000000	38.250000	45.574012	0.217110	0.074749
1322.383792	0.000000	38.500000	45.574012	0.113436	0.033280
1349.679041	0.000000	38.750000	45.574012	0.058135	0.011159
1363.810178	0.000000	39.000000	45.574012	0.029493	-0.000298
1713.099210	0.000000	39.250000	49.340647	0.604675	-0.241582
1890.283349	0.000000	39.500000	49.340647	0.244630	-0.385600
1964.652884	0.000000	39.750000	49.340647	0.093124	-0.446202
1993.355390	0.000000	40.000000	49.340647	0.034590	-0.469616
1383.594036	0.000000	40.250000	56.409985	-0.982644	-0.059156
1157.681496	0.000000	40.500000	56.409985	-0.523315	0.124575
1048.471049	0.000000	40.750000	56.409985	-0.302016	0.213095
988.955826	0.000000	41.000000	56.409985	-0.181621	0.261253
1433.275261	0.000000	41.250000	48.706382	1.072718	-0.017971
1723.618729	0.000000	41.500000	48.706382	0.485085	-0.253024
1865.289811	0.000000	41.750000	48.706382	0.197104	-0.368216
1924.600510	0.000000	42.000000	48.706382	0.076296	-0.416539
1953.986818	0.000000	42.250000	48.809408	0.036543	-0.439885
1965.181544	0.000000	42.500000	48.809408	0.013713	-0.449017
1969.391040	0.000000	42.750000	48.809408	0.005127	-0.452452
1970.966157	0.000000	43.000000	48.809408	0.001914	-0.453737
1791.202559	0.000000	43.250000	46.881170	-0.237374	-0.326545
1723.170911	0.000000	43.500000	46.881170	-0.098782	-0.271109
1695.298627	0.000000	43.750000	46.881170	-0.042057	-0.248418
1683.511166	0.000000	44.000000	46.881170	-0.018076	-0.238826
1566.672405	0.000000	44.250000	45.970307	-0.190795	-0.158007
1516.282267	0.000000	44.500000	45.970307	-0.088378	-0.117040
1493.283520	0.000000	44.750000	45.970307	-0.041668	-0.098356
1482.515941	0.000000	45.000000	45.970307	-0.019806	-0.089612
1596.122130	0.000000	45.250000	53.026006	0.197979	-0.166522
1650.350974	0.000000	45.500000	53.026006	0.087825	-0.210583
1674.749610	0.000000	45.750000	53.026006	0.038225	-0.230423
1685.434066	0.000000	46.000000	53.026006	0.016497	-0.239114
1520.852167	0.000000	46.250000	54.396581	-0.274959	-0.127294
1450.025087	0.000000	46.500000	54.396581	-0.131039	-0.069726
1417.015473	0.000000	46.750000	54.396581	-0.064034	-0.042924
1401.061253	0.000000	47.000000	54.396581	-0.031665	-0.029976
1676.763000	0.000000	47.250000	48.269323	0.477904	-0.218058
1814.006147	0.000000	47.500000	48.269323	0.199057	-0.329597
1872.946660	0.000000	47.750000	48.269323	0.079067	-0.377593
1896.640182	0.000000	48.000000	48.269323	0.030791	-0.396903
1893.271570	0.000000	48.250000	48.116672	-0.004349	-0.395466
1891.966228	0.000000	48.500000	48.116672	-0.001688	-0.394402
1891.459643	0.000000	48.750000	48.116672	-0.000656	-0.393989
1891.262928	0.000000	49.000000	48.116672	-0.000255	-0.393828
1499.050682	0.000000	49.250000	44.827892	-0.615236	-0.124903
1345.598520	0.000000	49.500000	44.827892	-0.303219	-0.000097
1273.889041	0.000000	49.750000	44.827892	-0.157742	0.058094
1237.619953	0.000000	50.000000	44.827892	-0.084243	0.087494
1575.108725	0.000000	50.250000	48.193416	0.663513	-0.136252
1760.629945	0.000000	50.500000	48.193416	0.287126	-0.286807
1844.582641	0.000000	50.750000	48.193416	0.116338	-0.355122
1879.208050	0.000000	51.000000	48.193416	0.045815	-0.383331
1917.709597	0.000000	51.250000	48.517835	0.049444	-0.412176
1932.705662	0.000000	51.500000	48.517835	0.018874	-0.424404
1938.446251	0.000000	51.750000	48.517835	0.007170	-0.429086
1940.629190	0.000000	52.000000	48.517835	0.002718	-0.430867
1662.176620	0.000000	52.250000	45.948924	-0.395398	-0.236140
1555.063849	0.000000	52.500000	45.948924	-0.177386	-0.148935
1508.401625	0.000000	52.750000	45.948924	-0.082560	-0.111004
1486.982223	0.000000	53.000000	45.948924	-0.039061	-0.093605
1260.195827	0.000000	53.250000	55.867276	-0.472725	0.054110
1154.793665	0.000000	53.500000	55.867276	-0.258969	0.139613
1099.746136	0.000000	53.750000	55.867276	-0.147513	0.184195
1069.243051	0.000000	54.000000	55.867276	-0.085805	0.208878
1504.217037	0.000000	54.250000	51.094496	0.966812	-0.074196
1772.017602	0.000000	54.500000	51.094496	0.424255	-0.291219
1897.517504	0.000000	54.750000	51.094496	0.168986	-0.393327
1948.791521	0.000000	55.000000	51.094496	0.064508	-0.435118
1219.605262	0.000000	55.250000	57.968037	-1.308285	0.033085
952.144595	0.000000	55.500000	57.968037	-0.764714	0.250513
817.547004	0.000000	55.750000	57.968037	-0.492272	0.359490
739.108957	0.000000	56.000000	57.968037	-0.333843	0.422862
1236.178276	0.000000	56.250000	49.448159	1.577858	0.143812
1638.415928	0.000000	56.500000	49.448159	0.766506	-0.180729
1859.263497	0.000000	56.750000	49.448159	0.318235	-0.360037
1955.485205	0.000000	57.000000	49.448159	0.122302	-0.438410
1999.823839	0.000000	57.250000	50.195176	0.053442	-0.473924
2016.426064	0.000000	57.500000	50.195176	0.019571	-0.487473
2022.523177	0.000000	57.750000	50.195176	0.007129	-0.492449
2024.746327	0.000000	58.000000	50.195176	0.002591	-0.494264
1800.946593	0.000000	58.250000	46.805987	-0.288980	-0.335566
1718.098668	0.000000	58.500000	46.805987	-0.120170	-0.268042
1684.296547	0.000000	58.750000	46.805987	-0.051376	-0.240525
1669.963210	0.000000	59.000000	46.805987	-0.022219	-0.228862
1600.397170	0.000000	59.250000	46.284118	-0.112251	-0.180199
1570.189680	0.000000	59.500000	46.284118	-0.050846	-0.155637
1556.620867	0.000000	59.750000	46.284118	-0.023275	-0.144609
1550.433370	0.000000	60.000000	46.284118	-0.010706	-0.139581
1672.042381	0.000000	60.250000	47.368514	0.198436	-0.223201
1727.990663	0.000000	60.500000	47.368514	0.084702	-0.268695
1752.192820	0.000000	60.750000	47.368514	0.035463	-0.288390
1762.382147	0.000000	61.000000	47.368514	0.014725	-0.296685
1870.389561	0.000000	61.250000	51.473717	0.147788	-0.373556
1914.809763	0.000000	61.500000	51.473717	0.057297	-0.409752
1932.179665	0.000000	61.750000	51.473717	0.021889	-0.423915
1938.837217	0.000000	62.000000	51.473717	0.008315	-0.429345
1961.888383	0.000000	62.250000	51.147323	0.028424	-0.446086
1970.612227	0.000000	62.500000	51.147323	0.010632	-0.453203
1973.880435	0.000000	62.750000	51.147323	0.003966	-0.455870
1975.100134	0.000000	63.000000	51.147323	0.001478	-0.456865
1882.367290	0.000000	63.250000	52.315465	-0.117162	-0.390846
1847.535972	0.000000	63.500000	52.315465	-0.046159	-0.362444
1833.909733	0.000000	63.750000	52.315465	-0.018396	-0.351339
1828.494597	0.000000	64.000000	52.315465	-0.007364	-0.346927
1675.059680	0.000000	64.250000	53.630529	-0.225061	-0.239597
1613.144270	0.000000	64.500000	53.630529	-0.099076	-0.189203
1586.324471	0.000000	64.750000	53.630529	-0.044552	-0.167393
1574.352127	0.000000	65.000000	53.630529	-0.020222	-0.157661
1708.656744	0.000000	65.250000	52.383434	0.213204	-0.250132
1769.622099	0.000000	65.500000	52.383434	0.089228	-0.299723
1795.493844	0.000000	65.750000	52.383434	0.036571	-0.320786
1806.157703	0.000000	66.000000	52.383434	0.014858	-0.329471
1941.090532	0.000000	66.250000	50.066290	0.175911	-0.425947
1995.179560	0.000000	66.500000	50.066290	0.065650	-0.470052
2015.560511	0.000000	66.750000	50.066290	0.024071	-0.486683
2023.059736	0.000000	67.000000	50.066290	0.008768	-0.492805
1699.471918	0.000000	67.250000	46.017039	-0.438964	-0.265358
1579.180275	0.000000	67.500000	46.017039	-0.194017	-0.167379
1527.684061	0.000000	67.750000	46.017039	-0.089338	-0.125508
1504.322342	0.000000	68.000000	46.017039	-0.041885	-0.106527
1780.649593	0.000000	68.250000	49.089007	0.435946	-0.297364
1910.059899	0.000000	68.500000	49.089007	0.172706	-0.402660
1962.670947	0.000000	68.750000	49.089007	0.065490	-0.445546
1982.815205	0.000000	69.000000	49.089007	0.024408	-0.461979
1604.013540	0.000000	69.250000	54.603187	-0.545932	-0.198921
1460.872482	0.000000	69.500000	54.603187	-0.254647	-0.082407
1396.935121	0.000000	69.750000	54.603187	-0.124809	-0.030472
1366.266096	0.000000	70.000000	54.603187	-0.062588	-0.005583
1561.592937	0.000000	70.250000	47.215071	0.364268	-0.135390
1661.035513	0.000000	70.500000	47.215071	0.162418	-0.216130
1706.543616	0.000000	70.750000	47.215071	0.069910	-0.253133
1726.350013	0.000000	71.000000	47.215071	0.029621	-0.269248
1805.182333	0.000000	71.250000	47.907776	0.112699	-0.325649
1838.294131	0.000000	71.500000	47.907776	0.045285	-0.352615
1851.691597	0.000000	71.750000	47.907776	0.017995	-0.363531
1857.030093	0.000000	72.000000	47.907776	0.007119	-0.367881
1554.523916	0.000000	72.250000	54.646666	-0.466642	-0.159441
1434.073376	0.000000	72.500000	54.646666	-0.221693	-0.061461
1378.980976	0.000000	72.750000	54.646666	-0.109855	-0.016726
1352.196558	0.000000	73.000000	54.646666	-0.055527	0.005005
1675.576106	0.000000	73.250000	48.660797	0.573166	-0.214314
1841.034927	0.000000	73.500000	48.660797	0.237060	-0.348756
1911.987135	0.000000	73.750000	48.660797	0.092586	-0.406545
1940.085426	0.000000	74.000000	48.660797	0.035315	-0.429454
1994.332102	0.000000	74.250000	49.849160	0.065889	-0.469406
2014.782616	0.000000	74.500000	49.849160	0.024169	-0.486094
2022.310595	0.000000	74.750000	49.849160	0.008807	-0.492238
2025.057295	0.000000	75.000000	49.849160	0.003202	-0.494480
1934.866077	0.000000	75.250000	51.953146	-0.109408	-0.430030
1901.799296	0.000000	75.500000	51.953146	-0.041968	-0.403054
1889.195014	0.000000	75.750000	51.953146	-0.016273	-0.392776
1884.319636	0.000000	76.000000	51.953146	-0.006336	-0.388801
1941.721378	0.000000	76.250000	48.870653	0.072781	-0.429540
1963.981019	0.000000	76.500000	48.870653	0.027395	-0.447694
1972.393715	0.000000	76.750000	48.870653	0.010237	-0.454557
1975.542149	0.000000	77.000000	48.870653	0.003815	-0.457126
1475.947623	0.000000	77.250000	44.419769	-0.770860	-0.114938
1287.705629	0.000000	77.500000	44.419769	-0.388030	0.038194
1199.288239	0.000000	77.750000	44.419769	-0.208715	0.109919
1153.504735	0.000000	78.000000	44.419769	-0.115989	0.147010
1586.653444	0.000000	78.250000	50.403820	0.882666	-0.138491
1837.881941	0.000000	78.500000	50.403820	0.373134	-0.342304
1950.296102	0.000000	78.750000	50.403820	0.144302	-0.433836
1994.709784	0.000000	79.000000	50.403820	0.053750	-0.470057
1651.005509	0.000000	79.250000	45.722212	-0.481966	-0.231096
1521.706348	0.000000	79.500000	45.722212	-0.218772	-0.125818
1465.123970	0.000000	79.750000	45.722212	-0.103812	-0.079834
1438.742854	0.000000	80.000000	45.722212	-0.050257	-0.058412
1592.452146	0.000000	80.250000	52.857215	0.273384	-0.161337
1667.578614	0.000000	80.500000	52.857215	0.120813	-0.222365
1701.426336	0.000000	80.750000	52.857215	0.051997	-0.249892
1716.114896	0.000000	81.000000	52.857215	0.022119	-0.261843
1868.193871	0.000000	81.250000	48.812387	0.211890	-0.369953
1932.062984	0.000000	81.500000	48.812387	0.081797	-0.421990
1957.021067	0.000000	81.750000	48.812387	0.030915	-0.442343
1966.497177	0.000000	82.000000	48.812387	0.011589	-0.450074
1938.638279	0.000000	82.250000	51.651973	-0.034397	-0.430518
1928.188358	0.000000	82.500000	51.651973	-0.013086	-0.421994
1924.220429	0.000000	82.750000	51.651973	-0.004996	-0.418758
1922.706797	0.000000	83.000000	51.651973	-0.001910	-0.417523
1741.216186	0.000000	83.250000	46.615803	-0.249482	-0.289673
1671.000106	0.000000	83.500000	46.615803	-0.106506	-0.232482
1641.531999	0.000000	83.750000	46.615803	-0.046563	-0.208505
1628.745607	0.000000	84.000000	46.615803	-0.020564	-0.198105
1729.664743	0.000000	84.250000	47.572717	0.155223	-0.267697
1774.227644	0.000000	84.500000	47.572717	0.064572	-0.303958
1792.952748	0.000000	84.750000	47.572717	0.026456	-0.319204
1800.656274	0.000000	85.000000	47.572717	0.010771	-0.325478
1896.651307	0.000000	85.250000	48.680704	0.127978	-0.393921
1935.385883	0.000000	85.500000	48.680704	0.049046	-0.425494
1950.339103	0.000000	85.750000	48.680704	0.018558	-0.437689
1956.012617	0.000000	86.000000	48.680704	0.006987	-0.442317
1082.339096	0.000000	86.250000	39.714784	-1.699111	0.072971
775.446301	0.000000	86.500000	39.714784	-1.075286	0.322501
619.744547	0.000000	86.750000	39.714784	-0.760260	0.448511
526.139343	0.000000	87.000000	39.714784	-0.571346	0.524077
532.508533	0.000000	87.250000	41.922960	0.042254	0.586293
537.441617	0.000000	87.500000	41.922960	0.032337	0.582326
541.243411	0.000000	87.750000	41.922960	0.024694	0.579268
544.162110	0.000000	88.000000	41.922960	0.018825	0.576921
940.326603	0.000000	88.250000	47.717612	1.796778	0.370631
1327.276085	0.000000	88.500000	47.717612	1.019546	0.059738
1589.145631	0.000000	88.750000	47.717612	0.490115	-0.152034
1725.471156	0.000000	89.000000	47.717612	0.213395	-0.262722
981.288982	0.000000	89.250000	38.662725	-1.677386	0.118979
700.938451	0.000000	89.500000	38.662725	-1.107998	0.346734
554.125989	0.000000	89.750000	38.662725	-0.811104	0.465492
463.999841	0.000000	90.000000	38.662725	-0.629278	0.538222
706.746827	0.000000	90.250000	45.765633	1.445336	0.532182
950.761031	0.000000	90.500000	45.765633	0.956192	0.336525
1144.638484	0.000000	90.750000	45.765633	0.565841	0.180385
1271.873800	0.000000	91.000000	45.765633	0.308840	0.077584
1383.062859	0.000000	91.250000	46.089059	0.238032	-0.006953
1442.622669	0.000000	91.500000	46.089059	0.117324	-0.055236
1472.570825	0.000000	91.750000	46.089059	0.056575	-0.079536
1487.150736	0.000000	92.000000	46.089059	0.026987	-0.091371
1317.663391	0.000000	92.250000	44.636028	-0.341874	0.018549
1238.215256	0.000000	92.500000	44.636028	-0.180724	0.083009
1197.563161	0.000000	92.750000	44.636028	-0.098366	0.115952
1175.829328	0.000000	93.000000	44.636028	-0.054363	0.133554
1060.476337	0.000000	93.250000	43.617346	-0.313586	0.204029
998.201720	0.000000	93.500000	43.617346	-0.187590	0.254427
962.267032	0.000000	93.750000	43.617346	-0.114958	0.283480
940.730829	0.000000	94.000000	43.617346	-0.071453	0.300882
1375.927366	0.000000	94.250000	48.382830	1.115486	0.026200
1671.022168	0.000000	94.500000	48.382830	0.518679	-0.212522
1820.028056	0.000000	94.750000	48.382830	0.215976	-0.333603
1884.163651	0.000000	95.000000	48.382830	0.085406	-0.385832
1342.251997	0.000000	95.250000	43.528535	-0.927034	-0.026985
1132.914466	0.000000	95.500000	43.528535	-0.501629	0.143177
1029.738166	0.000000	95.750000	43.528535	-0.292618	0.226781
972.819440	0.000000	96.000000	43.528535	-0.177500	0.272828
1179.819790	0.000000	96.250000	45.950588	0.583455	0.155113
1314.015554	0.000000	96.500000	45.950588	0.312304	0.046652
1389.891384	0.000000	96.750000	45.950588	0.158668	-0.014802
1429.509091	0.000000	97.000000	45.950588	0.078355	-0.046927
1750.978862	0.000000	97.250000	49.370555	0.530906	-0.272237
1907.885823	0.000000	97.500000	49.370555	0.211891	-0.399843
1972.528788	0.000000	97.750000	49.370555	0.080168	-0.452532
1997.276998	0.000000	98.000000	49.370555	0.029694	-0.472722
1942.951010	0.000000	98.250000	48.259438	-0.066261	-0.434755
1922.829555	0.000000	98.500000	48.259438	-0.025223	-0.418340
1915.198920	0.000000	98.750000	48.259438	-0.009665	-0.412117
1912.279340	0.000000	99.000000	48.259438	-0.003712	-0.409736
1159.042532	0.000000	99.250000	41.363207	-1.418451	0.062885
882.560354	0.000000	99.500000	41.363207	-0.856626	0.287615
741.822671	0.000000	99.750000	41.363207	-0.571840	0.401530
658.329352	0.000000	100.000000	41.363207	-0.403270	0.468958
985.739713	0.000000	100.250000	46.666859	1.300456	0.322130
1264.065486	0.000000	100.500000	46.666859	0.740372	0.098096
1444.653781	0.000000	100.750000	46.666859	0.375290	-0.047937
1542.196387	0.000000	101.000000	46.666859	0.177543	-0.127035
1801.544100	0.000000	101.250000	49.126925	0.398887	-0.314185
1920.510121	0.000000	101.500000	49.126925	0.156822	-0.411011
1968.389971	0.000000	101.750000	49.126925	0.059234	-0.450046
1986.633868	0.000000	102.000000	49.126925	0.022025	-0.464930
1587.354664	0.000000	102.250000	45.260512	-0.579563	-0.188012
1436.767325	0.000000	102.500000	45.260512	-0.273147	-0.065446
1369.038535	0.000000	102.750000	45.260512	-0.135635	-0.010441
1336.191310	0.000000	103.000000	45.260512	-0.069012	0.016208
1706.757717	0.000000	103.250000	49.887377	0.651546	-0.235445
1897.778072	0.000000	103.500000	49.887377	0.263446	-0.390685
1978.130602	0.000000	103.750000	49.887377	0.099745	-0.456165
2009.003084	0.000000	104.000000	49.887377	0.036778	-0.481352
1990.935372	0.000000	104.250000	51.094676	-0.021479	-0.469501
1984.305715	0.000000	104.500000	51.094676	-0.007952	-0.464090
1981.854025	0.000000	104.750000	51.094676	-0.002951	-0.462090
1980.944762	0.000000	105.000000	51.094676	-0.001096	-0.461348
1990.121545	0.000000	105.250000	50.900550	0.011015	-0.467895
1993.526555	0.000000	105.500000	50.900550	0.004068	-0.470673
1994.784938	0.000000	105.750000	50.900550	0.001501	-0.471700
1995.249310	0.000000	106.000000	50.900550	0.000554	-0.472079
1942.772437	0.000000	106.250000	48.266367	-0.064053	-0.434552
1923.319941	0.000000	106.500000	48.266367	-0.024380	-0.418683
1915.942785	0.000000	106.750000	48.266367	-0.009339	-0.412666
1913.120942	0.000000	107.000000	48.266367	-0.003586	-0.410365
1466.436662	0.000000	107.250000	44.508841	-0.707437	-0.105213
1293.712810	0.000000	107.500000	44.508841	-0.356256	0.035260
1212.077933	0.000000	107.750000	44.508841	-0.190701	0.101482
1169.866475	0.000000	108.000000	44.508841	-0.105204	0.135681
785.153041	0.000000	108.250000	38.681218	-1.276021	0.279109
601.759040	0.000000	108.500000	38.681218	-0.904661	0.427652
494.677540	0.000000	108.750000	38.681218	-0.688462	0.514132
424.647850	0.000000	109.000000	38.681218	-0.547322	0.570588
664.187916	0.000000	109.250000	45.812555	1.552891	0.566968
916.360472	0.000000	109.500000	45.812555	1.047839	0.364947
1124.672979	0.000000	109.750000	45.812555	0.628701	0.197292
1264.956562	0.000000	110.000000	45.812555	0.345452	0.083992
1663.256177	0.000000	110.250000	50.126615	0.739449	-0.200183
1877.874370	0.000000	110.500000	50.126615	0.303683	-0.374489
1970.146743	0.000000	110.750000	50.126615	0.115750	-0.449662
2005.922182	0.000000	111.000000	50.126615	0.042792	-0.478846
1646.227811	0.000000	111.250000	45.657604	-0.503718	-0.228391
1511.530464	0.000000	111.500000	45.657604	-0.229534	-0.118717
1452.469738	0.000000	111.750000	45.657604	-0.109547	-0.070723
1424.802918	0.000000	112.000000	45.657604	-0.053389	-0.048259
1711.504548	0.000000	112.250000	48.583179	0.483586	-0.243968
1852.136879	0.000000	112.500000	48.583179	0.197752	-0.358301
1911.401537	0.000000	112.750000	48.583179	0.077054	-0.406581
1934.762301	0.000000	113.000000	48.583179	0.029438	-0.425627
1128.064193	0.000000	113.250000	40.766301	-1.536100	0.069823
837.613151	0.000000	113.500000	40.766301	-0.945810	0.305939
689.885394	0.000000	113.750000	40.766301	-0.646901	0.425502
601.638351	0.000000	114.000000	40.766301	-0.468767	0.496756
1009.511334	0.000000	114.250000	47.756968	1.671225	0.315593
1384.045366	0.000000	114.500000	47.756968	0.918029	0.014315
1624.641836	0.000000	114.750000	47.756968	0.431188	-0.180422
1745.779696	0.000000	115.000000	47.756968	0.185174	-0.278827
1799.130450	0.000000	115.250000	52.245132	0.075943	-0.322264
1821.351797	0.000000	115.500000	52.245132	0.030700	-0.340361
1830.377349	0.000000	115.750000	52.245132	0.012318	-0.347714
1834.005673	0.000000	116.000000	52.245132	0.004928	-0.350670
1830.752529	0.000000	116.250000	47.706910	-0.004419	-0.348527
1829.451905	0.000000	116.500000	47.706910	-0.001770	-0.347467
1828.931133	0.000000	116.750000	47.706910	-0.000709	-0.347043
1828.722491	0.000000	117.000000	47.706910	-0.000284	-0.346873
1615.635804	0.000000	117.250000	45.904462	-0.321888	-0.199004
1529.625455	0.000000	117.500000	45.904462	-0.146935	-0.129023
1491.313588	0.000000	117.750000	45.904462	-0.069103	-0.097890
1473.503889	0.000000	118.000000	45.904462	-0.032943	-0.083426
1592.544773	0.000000	118.250000	53.017781	0.208612	-0.163507
1649.643462	0.000000	118.500000	53.017781	0.092636	-0.209897
1675.379329	0.000000	118.750000	53.017781	0.040319	-0.230824
1686.653008	0.000000	119.000000	53.017781	0.017392	-0.239995
1405.892736	0.000000	119.250000	44.682120	-0.498238	-0.052169
1286.047552	0.000000	119.500000	44.682120	-0.254842	0.045190
1227.469777	0.000000	119.750000	44.682120	-0.136089	0.092691
1196.948346	0.000000	120.000000	44.682120	-0.074269	0.117419
1604.145467	0.000000	120.250000	49.166905	0.804701	-0.153877
1833.611971	0.000000	120.500000	49.166905	0.339144	-0.340100
1935.457449	0.000000	120.750000	49.166905	0.131822	-0.423028
1975.828127	0.000000	121.000000	49.166905	0.049524	-0.455948
1852.786648	0.000000	121.250000	52.599521	-0.157571	-0.369969
1806.484303	0.000000	121.500000	52.599521	-0.063205	-0.332223
1788.092095	0.000000	121.750000	52.599521	-0.025745	-0.317239
1780.630360	0.000000	122.000000	52.599521	-0.010551	-0.311161
1694.784931	0.000000	122.250000	53.320009	-0.126864	-0.250890
1659.415886	0.000000	122.500000	53.320009	-0.054897	-0.222103
1644.245380	0.000000	122.750000	53.320009	-0.024045	-0.209762
1637.626502	0.000000	123.000000	53.320009	-0.010587	-0.204379
1676.485857	0.000000	123.250000	47.038833	0.061128	-0.230966
1693.606593	0.000000	123.500000	47.038833	0.026312	-0.244892
1701.007038	0.000000	123.750000	47.038833	0.011259	-0.250913
1704.179452	0.000000	124.000000	47.038833	0.004806	-0.253494
1882.253683	0.000000	124.250000	49.224504	0.247598	-0.379463
1957.354989	0.000000	124.500000	49.224504	0.094615	-0.440656
1986.458199	0.000000	124.750000	49.224504	0.035269	-0.464395
1997.363068	0.000000	125.000000	49.224504	0.013023	-0.473293
1987.759836	0.000000	125.250000	51.074204	-0.011477	-0.466801
1984.218763	0.000000	125.500000	51.074204	-0.004252	-0.463912
1982.907594	0.000000	125.750000	51.074204	-0.001577	-0.462842
1982.421355	0.000000	126.000000	51.074204	-0.000585	-0.462445
1982.385664	0.000000	126.250000	51.071447	-0.000043	-0.462401
1982.372418	0.000000	126.500000	51.071447	-0.000016	-0.462391
1982.367502	0.000000	126.750000	51.071447	-0.000006	-0.462387
1982.365678	0.000000	127.000000	51.071447	-0.000002	-0.462385
1321.588310	0.000000	127.250000	43.039350	-1.105919	-0.022566
1077.841035	0.000000	127.500000	43.039350	-0.610419	0.175634
957.971252	0.000000	127.750000	43.039350	-0.367634	0.272748
890.761814	0.000000	128.000000	43.039350	-0.231764	0.327096
1068.470638	0.000000	128.250000	54.551343	0.565060	0.236228
1189.408889	0.000000	128.500000	54.551343	0.320978	0.138595
1262.224197	0.000000	128.750000	54.551343	0.173734	0.079698
1302.875989	0.000000	129.000000	54.551343	0.091435	0.046778
1646.295980	0.000000	129.250000	51.343518	0.631623	-0.190596
1827.344370	0.000000	129.500000	51.343518	0.264006	-0.337642
1906.138332	0.000000	129.750000	51.343518	0.103597	-0.401806
1937.541638	0.000000	130.000000	51.343518	0.039594	-0.427407
1687.917872	0.000000	130.250000	53.845025	-0.350370	-0.253585
1591.800789	0.000000	130.500000	53.845025	-0.154711	-0.175321
1550.422148	0.000000	130.750000	53.845025	-0.070596	-0.141675
1531.760273	0.000000	131.000000	53.845025	-0.032682	-0.126510
1480.641016	0.000000	131.250000	45.810400	-0.092642	-0.090867
1456.915184	0.000000	131.500000	45.810400	-0.044471	-0.071599
1445.611584	0.000000	131.750000	45.810400	-0.021530	-0.062423
1440.159200	0.000000	132.000000	45.810400	-0.010466	-0.057997
1743.325746	0.000000	132.250000	49.012805	0.500233	-0.267386
1890.530375	0.000000	132.500000	49.012805	0.200950	-0.387099
1951.480439	0.000000	132.750000	49.012805	0.076772	-0.436770
1975.032658	0.000000	133.000000	49.012805	0.028746	-0.455981
1863.913351	0.000000	133.250000	47.506561	-0.141604	-0.377791
1822.117004	0.000000	133.500000	47.506561	-0.056414	-0.343715
1805.609430	0.000000	133.750000	47.506561	-0.022788	-0.330264
1798.964713	0.000000	134.000000	47.506561	-0.009256	-0.324852
1509.116300	0.000000	134.250000	54.834014	-0.467227	-0.126159
1390.891403	0.000000	134.500000	54.834014	-0.226907	-0.030031
1335.688873	0.000000	134.750000	54.834014	-0.114891	0.014776
1308.295899	0.000000	135.000000	54.834014	-0.059352	0.036991
1173.694054	0.000000	135.250000	55.913272	-0.319567	0.123251
1105.265315	0.000000	135.500000	55.913272	-0.180968	0.178690
1067.802407	0.000000	135.750000	55.913272	-0.105169	0.209010
1046.458019	0.000000	136.000000	55.913272	-0.062009	0.226274
1507.890665	0.000000	136.250000	50.479858	1.036474	-0.074959
1796.670454	0.000000	136.500000	50.479858	0.451472	-0.308960
1931.506155	0.000000	136.750000	50.479858	0.177158	-0.418685
1985.829987	0.000000	137.000000	50.479858	0.066429	-0.462977
1980.041246	0.000000	137.250000	48.861708	-0.006969	-0.460847
1977.895262	0.000000	137.500000	48.861708	-0.002591	-0.459096
1977.097705	0.000000	137.750000	48.861708	-0.000964	-0.458445
1976.801015	0.000000	138.000000	48.861708	-0.000359	-0.458203
1184.347678	0.000000	138.250000	58.539435	-1.438047	0.045169
899.743709	0.000000	138.500000	58.539435	-0.859564	0.276562
756.331724	0.000000	138.750000	58.539435	-0.569320	0.392659
671.834866	0.000000	139.000000	58.539435	-0.398703	0.460906
1054.576604	0.000000	139.250000	47.339886	1.434541	0.275183
1379.951039	0.000000	139.500000	47.339886	0.779458	0.013150
1581.963533	0.000000	139.750000	47.339886	0.370582	-0.150400
1683.994420	0.000000	140.000000	47.339886	0.163437	-0.233258
1803.685372	0.000000	140.250000	51.897724	0.173971	-0.322619
1854.952262	0.000000	140.500000	51.897724	0.069608	-0.364364
1875.683214	0.000000	140.750000	51.897724	0.027375	-0.381257
1883.870144	0.000000	141.000000	51.897724	0.010692	-0.387930
1972.335800	0.000000	141.250000	50.155184	0.110635	-0.451467
2006.542193	0.000000	141.500000	50.155184	0.040874	-0.479372
2019.255335	0.000000	141.750000	50.155184	0.014934	-0.489747
2023.910458	0.000000	142.000000	50.155184	0.005434	-0.493547
1199.406079	0.000000	142.250000	58.513041	-1.459956	0.033675
908.123288	0.000000	142.500000	58.513041	-0.867783	0.270544
762.351865	0.000000	142.750000	58.513041	-0.572735	0.388564
676.812802	0.000000	143.000000	58.513041	-0.400002	0.457657
698.348074	0.000000	143.250000	57.077606	0.105612	0.479348
713.955150	0.000000	143.500000	57.077606	0.074190	0.466780
725.088072	0.000000	143.750000	57.077606	0.051771	0.457812
732.939984	0.000000	144.000000	57.077606	0.035955	0.451486
1123.957973	0.000000	144.250000	52.547913	1.336475	0.220683
1438.319933	0.000000	144.500000	52.547913	0.702883	-0.032754
1624.457696	0.000000	144.750000	52.547913	0.325833	-0.183574
1715.405442	0.000000	145.000000	52.547913	0.141091	-0.257471
1805.568777	0.000000	145.250000	47.964538	0.129400	-0.325418
1843.628372	0.000000	145.500000	47.964538	0.051914	-0.356412
1859.019186	0.000000	145.750000	47.964538	0.020563	-0.368952
1865.134602	0.000000	146.000000	47.964538	0.008104	-0.373936
1026.986781	0.000000	146.250000	61.149462	-1.742371	0.088380
726.378763	0.000000	146.500000	61.149462	-1.131488	0.332734
572.147982	0.000000	146.750000	61.149462	-0.819499	0.457529
478.568793	0.000000	147.000000	61.149462	-0.630672	0.533060
509.955456	0.000000	147.250000	57.711852	0.224811	0.614363
535.701082	0.000000	147.500000	57.711852	0.173101	0.593679
556.281098	0.000000	147.750000	57.711852	0.131747	0.577138
572.394941	0.000000	148.000000	57.711852	0.099356	0.564181
530.862564	0.000000	148.250000	59.015932	-0.263591	0.560432
501.091125	0.000000	148.500000	59.015932	-0.203671	0.584401
479.090869	0.000000	148.750000	59.015932	-0.159414	0.602103
462.465087	0.000000	149.000000	59.015932	-0.125981	0.615476
442.830247	0.000000	149.250000	59.256981	-0.155472	0.623952
427.703776	0.000000	149.500000	59.256981	-0.125066	0.636115
415.870510	0.000000	149.750000	59.256981	-0.101285	0.645627
406.502002	0.000000	150.000000	59.256981	-0.082463	0.653156
820.958605	0.000000	150.250000	50.742503	2.388932	0.475585
1311.451808	0.000000	150.500000	50.742503	1.406794	0.082730
1679.555723	0.000000	150.750000	50.742503	0.663351	-0.214648
1872.337768	0.000000	151.000000	50.742503	0.271795	-0.371270
1706.731183	0.000000	151.250000	53.511011	-0.235528	-0.263514
1641.209566	0.000000	151.500000	53.511011	-0.102160	-0.210167
1613.255194	0.000000	151.750000	53.511011	-0.045313	-0.187428
1600.947127	0.000000	152.000000	53.511011	-0.020294	-0.177421
1800.079761	0.000000	152.250000	51.436067	0.299375	-0.316071
1888.826056	0.000000	152.500000	51.436067	0.118768	-0.388314
1924.669309	0.000000	152.750000	51.436067	0.045731	-0.417528
1938.565273	0.000000	153.000000	51.436067	0.017402	-0.428860
1228.531166	0.000000	153.250000	57.823319	-1.271705	0.029906
966.377551	0.000000	153.500000	57.823319	-0.738941	0.243012
834.490723	0.000000	153.750000	57.823319	-0.471974	0.349798
757.883891	0.000000	154.000000	57.823319	-0.317231	0.411696
1243.390704	0.000000	154.250000	49.037251	1.513829	0.136649
1629.033709	0.000000	154.500000	49.037251	0.735773	-0.174573
1839.915157	0.000000	154.750000	49.037251	0.307749	-0.345783
1932.354722	0.000000	155.000000	49.037251	0.119551	-0.421062
1240.602803	0.000000	155.250000	57.660394	-1.232905	0.024620
983.808131	0.000000	155.500000	57.660394	-0.711042	0.233365
854.796706	0.000000	155.750000	57.660394	-0.449879	0.337830
780.197469	0.000000	156.000000	57.660394	-0.299174	0.398112
635.407498	0.000000	156.250000	59.843536	-0.694113	0.450294
547.534994	0.000000	156.500000	59.843536	-0.516789	0.521223
489.047995	0.000000	156.750000	59.843536	-0.398938	0.568364
447.692393	0.000000	157.000000	59.843536	-0.315690	0.601663
888.631435	0.000000	157.250000	50.177045	2.295499	0.422696
1383.297953	0.000000	157.500000	50.177045	1.303827	0.026028
1733.696056	0.000000	157.750000	50.177045	0.595395	-0.257345
1909.292814	0.000000	158.000000	50.177045	0.238491	-0.400107
1924.894871	0.000000	158.250000	51.546134	0.019764	-0.418499
1930.892462	0.000000	158.500000	51.546134	0.007536	-0.423390
1933.182022	0.000000	158.750000	51.546134	0.002868	-0.425257
1934.053731	0.000000	159.000000	51.546134	0.001091	-0.425968
1788.710993	0.000000	159.250000	53.027906	-0.194550	-0.323247
1732.860985	0.000000	159.500000	53.027906	-0.080788	-0.277742
1709.962624	0.000000	159.750000	53.027906	-0.034182	-0.259100
1700.326382	0.000000	160.000000	53.027906	-0.014576	-0.251257
1477.747883	0.000000	160.250000	45.216732	-0.378181	-0.099625
1382.842179	0.000000	160.500000	45.216732	-0.185364	-0.022498
1337.796735	0.000000	160.750000	45.216732	-0.093976	0.014057
1315.332960	0.000000	161.000000	45.216732	-0.048432	0.032275
1304.649823	0.000000	161.250000	45.223521	-0.023413	0.041067
1299.122420	0.000000	161.500000	45.223521	-0.012212	0.045548
1296.245536	0.000000	161.750000	45.223521	-0.006383	0.047879
1294.743557	0.000000	162.000000	45.223521	-0.003340	0.049096
1313.349501	0.000000	162.250000	45.389289	0.040966	0.037181
1323.110268	0.000000	162.500000	45.389289	0.021189	0.029270
1328.177605	0.000000	162.750000	45.389289	0.010920	0.025163
1330.794067	0.000000	163.000000	45.389289	0.005617	0.023042
1289.809791	0.000000	163.250000	54.970950	-0.089941	0.049270
1268.845674	0.000000	163.500000	54.970950	-0.047458	0.066263
1257.877092	0.000000	163.750000	54.970950	-0.025238	0.075151
1252.070360	0.000000	164.000000	54.970950	-0.013477	0.079856
798.548726	0.000000	164.250000	37.639421	-1.427784	0.230352
593.179591	0.000000	164.500000	37.639421	-1.011648	0.396807
476.136684	0.000000	164.750000	37.639421	-0.775253	0.491365
400.586590	0.000000	165.000000	37.639421	-0.622958	0.552283
662.478692	0.000000	165.250000	46.228177	1.751441	0.574710
951.633275	0.000000	165.500000	46.228177	1.172692	0.343211
1193.806814	0.000000	165.750000	46.228177	0.685390	0.148290
1353.944018	0.000000	166.000000	46.228177	0.361858	0.018877
1713.372502	0.000000	166.250000	49.579932	0.624901	-0.241196
1896.714820	0.000000	166.500000	49.579932	0.252356	-0.390214
1973.614061	0.000000	166.750000	49.579932	0.095688	-0.452881
2003.186719	0.000000	167.000000	49.579932	0.035375	-0.477007
1788.344902	0.000000	167.250000	46.764346	-0.281059	-0.325892
1708.076449	0.000000	167.500000	46.764346	-0.117528	-0.260480
1675.131954	0.000000	167.750000	46.764346	-0.050487	-0.233663
1661.093803	0.000000	168.000000	46.764346	-0.021933	-0.222242
1502.597905	0.000000	168.250000	45.538224	-0.269802	-0.113659
1433.632251	0.000000	168.500000	45.538224	-0.129691	-0.057615
1401.208441	0.000000	168.750000	45.538224	-0.063886	-0.031293
1385.411381	0.000000	169.000000	45.538224	-0.031841	-0.018475
1716.720927	0.000000	169.250000	49.098311	0.567077	-0.245409
1882.732972	0.000000	169.500000	49.098311	0.229696	-0.380362
1952.346305	0.000000	169.750000	49.098311	0.087887	-0.437085
1979.331018	0.000000	170.000000	49.098311	0.032862	-0.459095
1294.155757	0.000000	170.250000	42.770727	-1.165741	-0.007290
1042.282071	0.000000	170.500000	42.770727	-0.653751	0.197506
917.610125	0.000000	170.750000	42.770727	-0.401287	0.298492
846.892744	0.000000	171.000000	42.770727	-0.258363	0.355661
1113.077560	0.000000	171.250000	46.223786	0.846070	0.213305
1303.602664	0.000000	171.500000	46.223786	0.461646	0.059535
1416.333974	0.000000	171.750000	46.223786	0.233493	-0.031726
1475.673162	0.000000	172.000000	46.223786	0.113191	-0.079847
1396.978674	0.000000	172.250000	45.340643	-0.152653	-0.031577
1359.538346	0.000000	172.500000	45.340643	-0.076690	-0.001192
1340.978865	0.000000	172.750000	45.340643	-0.039055	0.013862
1331.591592	0.000000	173.000000	45.340643	-0.020026	0.021474
1227.876093	0.000000	173.250000	44.482260	-0.235845	0.088101
1175.358254	0.000000	173.500000	44.482260	-0.129442	0.130662
1147.209511	0.000000	173.750000	44.482260	-0.072459	0.153455
1131.661697	0.000000	174.000000	44.482260	-0.040998	0.166040
1511.978215	0.000000	174.250000	48.280002	0.814503	-0.084460
1736.152237	0.000000	174.500000	48.280002	0.360151	-0.266201
1841.026443	0.000000	174.750000	48.280002	0.146887	-0.351506
1884.769387	0.000000	175.000000	48.280002	0.057802	-0.387140
1672.262167	0.000000	175.250000	46.181564	-0.306050	-0.240382
1588.572310	0.000000	175.500000	46.181564	-0.135731	-0.172255
1552.273934	0.000000	175.750000	46.181564	-0.061949	-0.142742
1535.876090	0.000000	176.000000	46.181564	-0.028635	-0.129416
1727.471614	0.000000	176.250000	48.024044	0.306096	-0.261341
1816.060366	0.000000	176.500000	48.024044	0.125946	-0.333401
1853.223697	0.000000	176.750000	48.024044	0.050276	-0.363669
1868.172987	0.000000	177.000000	48.024044	0.019822	-0.375851
1874.065891	0.000000	177.250000	48.023834	0.007752	-0.380656
1876.380401	0.000000	177.500000	48.023834	0.003035	-0.382542
1877.287032	0.000000	177.750000	48.023834	0.001187	-0.383281
1877.641803	0.000000	178.000000	48.023834	0.000464	-0.383571
1770.983671	0.000000	178.250000	47.000481	-0.146792	-0.308410
1728.982113	0.000000	178.500000	47.000481	-0.061262	-0.274198
1711.622007	0.000000	178.750000	47.000481	-0.025931	-0.260066
1704.303836	0.000000	179.000000	47.000481	-0.011041	-0.254110
1268.742064	0.000000	179.250000	43.417267	-0.828735	0.030097
1087.853422	0.000000	179.500000	43.417267	-0.461487	0.176996
995.506924	0.000000	179.750000	43.417267	-0.274516	0.251784
943.401289	0.000000	180.000000	43.417267	-0.169173	0.293922
1359.979885	0.000000	180.250000	48.112274	1.075574	0.036966
1641.664646	0.000000	180.500000	48.112274	0.505942	-0.190886
1785.357250	0.000000	180.750000	48.112274	0.214116	-0.307617
1848.218304	0.000000	181.000000	48.112274	0.086185	-0.358789
1841.188711	0.000000	181.250000	47.755624	-0.009455	-0.356515
1838.397355	0.000000	181.500000	47.755624	-0.003769	-0.354241
1837.285387	0.000000	181.750000	47.755624	-0.001504	-0.353335
1836.841857	0.000000	182.000000	47.755624	-0.000600	-0.352973
1536.138606	0.000000	182.250000	45.267865	-0.471593	-0.146140
1415.412235	0.000000	182.500000	45.267865	-0.226123	-0.047952
1359.734852	0.000000	182.750000	45.267865	-0.113116	-0.002749
1332.426717	0.000000	183.000000	45.267865	-0.057736	0.019403
896.945722	0.000000	183.250000	40.146958	-1.225995	0.238132
699.210837	0.000000	183.500000	40.146958	-0.825307	0.398407
587.201645	0.000000	183.750000	40.146958	-0.599039	0.488915
515.717944	0.000000	184.000000	40.146958	-0.454902	0.546570
975.538981	0.000000	184.250000	49.339416	2.089594	0.352434
1448.096891	0.000000	184.500000	49.339416	1.140649	-0.027144
1760.160827	0.000000	184.750000	49.339416	0.509039	-0.279788
1910.876871	0.000000	185.000000	49.339416	0.202569	-0.402376
1894.513869	0.000000	185.250000	48.067697	-0.021009	-0.396921
1888.211112	0.000000	185.500000	48.067697	-0.008162	-0.391782
1885.765598	0.000000	185.750000	48.067697	-0.003177	-0.389788
1884.814034	0.000000	186.000000	48.067697	-0.001238	-0.389013
1946.543044	0.000000	186.250000	48.958544	0.078083	-0.433011
1970.464559	0.000000	186.500000	48.958544	0.029306	-0.452521
1979.481835	0.000000	186.750000	48.958544	0.010914	-0.459878
1982.845362	0.000000	187.000000	48.958544	0.004053	-0.462623
1863.260986	0.000000	187.250000	52.526087	-0.152042	-0.377640
1818.419441	0.000000	187.500000	52.526087	-0.060644	-0.341080
1800.700035	0.000000	187.750000	52.526087	-0.024550	-0.326643
1793.553913	0.000000	188.000000	52.526087	-0.009998	-0.320822
1935.614128	0.000000	188.250000	49.893757	0.186509	-0.421501
1992.902822	0.000000	188.500000	49.893757	0.069734	-0.468211
2014.542527	0.000000	188.750000	49.893757	0.025589	-0.485869
2022.512949	0.000000	189.000000	49.893757	0.009325	-0.492375
2022.522711	0.000000	189.250000	50.354840	0.000011	-0.492665
2022.526262	0.000000	189.500000	50.354840	0.000004	-0.492668
2022.527554	0.000000	189.750000	50.354840	0.000002	-0.492669
2022.528024	0.000000	190.000000	50.354840	0.000001	-0.492669
1200.854327	0.000000	190.250000	41.512474	-1.454362	0.033253
910.293142	0.000000	190.500000	41.512474	-0.863660	0.269534
764.883263	0.000000	190.750000	41.512474	-0.569341	0.387261
679.590631	0.000000	191.000000	41.512474	-0.397104	0.456156
786.330397	0.000000	191.250000	44.132317	0.484528	0.437081
867.915612	0.000000	191.500000	44.132317	0.320333	0.371403
925.377576	0.000000	191.750000	44.132317	0.204526	0.325080
963.557559	0.000000	192.000000	44.132317	0.127506	0.294272
974.818905	0.000000	192.250000	56.009301	0.036455	0.282003
981.803453	0.000000	192.500000	56.009301	0.022351	0.276361
986.104145	0.000000	192.750000	56.009301	0.013665	0.272887
988.740459	0.000000	193.000000	56.009301	0.008340	0.270757
1364.737354	0.000000	193.250000	47.713783	0.942704	0.029474
1609.985917	0.000000	193.500000	47.713783	0.446583	-0.168975
1734.869901	0.000000	193.750000	47.713783	0.193008	-0.270405
1790.504179	0.000000	194.000000	47.713783	0.079838	-0.315673
1512.914441	0.000000	194.250000	45.220305	-0.447947	-0.128170
1399.231197	0.000000	194.500000	45.220305	-0.216862	-0.035736
1346.218892	0.000000	194.750000	45.220305	-0.109284	0.007295
1320.010315	0.000000	195.000000	45.220305	-0.056141	0.028552
1258.568276	0.000000	195.250000	55.194790	-0.137966	0.070048
1227.072242	0.000000	195.500000	55.194790	-0.074152	0.095573
1210.369245	0.000000	195.750000	55.194790	-0.040327	0.109104
1201.351626	0.000000	196.000000	55.194790	-0.022070	0.116406
1621.378787	0.000000	196.250000	49.765170	0.821098	-0.166350
1857.253744	0.000000	196.500000	49.765170	0.342466	-0.357803
1960.875443	0.000000	196.750000	49.765170	0.131478	-0.442198
2001.437966	0.000000	197.000000	49.765170	0.048767	-0.475283
1584.144175	0.000000	197.250000	45.198742	-0.603733	-0.186625
1427.731651	0.000000	197.500000	45.198742	-0.285454	-0.059314
1357.313882	0.000000	197.750000	45.198742	-0.142491	-0.002128
1323.026882	0.000000	198.000000	45.198742	-0.072954	0.025686
1695.874476	0.000000	198.250000	49.620695	0.663013	-0.226926
1889.656677	0.000000	198.500000	49.620695	0.269357	-0.384389
1971.638146	0.000000	198.750000	49.620695	0.102353	-0.451191
2003.263779	0.000000	199.000000	49.620695	0.037855	-0.476990
1833.917836	0.000000	199.250000	52.854665	-0.216815	-0.357786
1770.808944	0.000000	199.500000	52.854665	-0.088204	-0.306342
1745.486285	0.000000	199.750000	52.854665	-0.036644	-0.285718
1735.026425	0.000000	200.000000	52.854665	-0.015354	-0.277202
1530.247443	0.000000	200.250000	54.478406	-0.334201	-0.136463
1444.141340	0.000000	200.500000	54.478406	-0.159193	-0.066459
1404.224714	0.000000	200.750000	54.478406	-0.078167	-0.034049
1384.887076	0.000000	201.000000	54.478406	-0.038937	-0.018357
1610.603131	0.000000	201.250000	52.398029	0.407227	-0.170659
1724.234443	0.000000	201.500000	52.398029	0.176480	-0.262958
1774.866886	0.000000	201.750000	52.398029	0.073492	-0.304153
1796.194364	0.000000	202.000000	52.398029	0.030080	-0.321518
1407.014716	0.000000	202.250000	44.354084	-0.662870	-0.060260
1249.291959	0.000000	202.500000	44.354084	-0.342402	0.067927
1172.694522	0.000000	202.750000	44.354084	-0.187136	0.130034
1132.244017	0.000000	203.000000	44.354084	-0.105237	0.162794
1566.177466	0.000000	203.250000	49.351244	0.903364	-0.122519
1821.617137	0.000000	203.500000	49.351244	0.385429	-0.329693
1937.221664	0.000000	203.750000	49.351244	0.150149	-0.423805
1983.273668	0.000000	204.000000	49.351244	0.056270	-0.461357
2004.492179	0.000000	204.250000	50.518019	0.025285	-0.478297
2012.345875	0.000000	204.500000	50.518019	0.009261	-0.484707
2015.226142	0.000000	204.750000	50.518019	0.003383	-0.487058
2016.278880	0.000000	205.000000	50.518019	0.001235	-0.487917
1757.559975	0.000000	205.250000	46.482553	-0.341998	-0.305048
1661.275880	0.000000	205.500000	46.482553	-0.145871	-0.226597
1621.160975	0.000000	205.750000	46.482553	-0.064271	-0.193957
1603.669991	0.000000	206.000000	46.482553	-0.028712	-0.179733
1265.813169	0.000000	206.250000	43.746569	-0.669393	0.040522
1118.227934	0.000000	206.500000	43.746569	-0.369906	0.160317
1042.110856	0.000000	206.750000	43.746569	-0.215793	0.221962
999.489723	0.000000	207.000000	43.746569	-0.129602	0.256439
1438.291212	0.000000	207.250000	51.353853	1.050151	-0.022378
1722.731934	0.000000	207.500000	51.353853	0.474406	-0.252676
1861.156148	0.000000	207.750000	51.353853	0.193021	-0.365230
1919.150776	0.000000	208.000000	51.353853	0.074898	-0.412479
1861.540309	0.000000	208.250000	47.683960	-0.074895	-0.373867
1839.367834	0.000000	208.500000	47.683960	-0.029710	-0.355793
1830.612123	0.000000	208.750000	47.683960	-0.011873	-0.348658
1827.119570	0.000000	209.000000	47.683960	-0.004758	-0.345813
1678.604158	0.000000	209.250000	46.401806	-0.217572	-0.241970
1618.641596	0.000000	209.500000	46.401806	-0.095558	-0.193164
1592.712099	0.000000	209.750000	46.401806	-0.042842	-0.172078
1581.168361	0.000000	210.000000	46.401806	-0.019381	-0.162694
1288.080358	0.000000	210.250000	44.031325	-0.578489	0.029128
1158.049192	0.000000	210.500000	44.031325	-0.314638	0.134669
1091.314024	0.000000	210.750000	44.031325	-0.179491	0.188728
1054.503148	0.000000	211.000000	44.031325	-0.105022	0.218515
1204.406262	0.000000	211.250000	45.666765	0.397312	0.130401
1295.851907	0.000000	211.500000	45.666765	0.212402	0.056437
1346.606532	0.000000	211.750000	45.666765	0.109625	0.015327
1373.307870	0.000000	212.000000	45.666765	0.055513	-0.006318
1693.886282	0.000000	212.250000	51.230970	0.557831	-0.228522
1855.816893	0.000000	212.500000	51.230970	0.228818	-0.360127
1924.588646	0.000000	212.750000	51.230970	0.088761	-0.416150
1951.621886	0.000000	213.000000	51.230970	0.033653	-0.438193
1965.437753	0.000000	213.250000	48.829487	0.016936	-0.449112
1970.637675	0.000000	213.500000	48.829487	0.006330	-0.453354
1972.582948	0.000000	213.750000	48.829487	0.002362	-0.454941
1973.309015	0.000000	214.000000	48.829487	0.000881	-0.455534
1987.230281	0.000000	214.250000	50.901514	0.016775	-0.465539
1992.412979	0.000000	214.500000	50.901514	0.006202	-0.469769
1994.330756	0.000000	214.750000	50.901514	0.002289	-0.471334
1995.038804	0.000000	215.000000	50.901514	0.000844	-0.471912
1878.658924	0.000000	215.250000	52.421968	-0.146319	-0.389000
1835.280476	0.000000	215.500000	52.421968	-0.057891	-0.353629
1818.269496	0.000000	215.750000	52.421968	-0.023235	-0.339766
1811.466469	0.000000	216.000000	52.421968	-0.009378	-0.334224
1210.473454	0.000000	216.250000	57.573975	-1.137189	0.051551
976.294426	0.000000	216.500000	57.573975	-0.661548	0.241808
856.497204	0.000000	216.750000	57.573975	-0.419094	0.338789
786.705148	0.000000	217.000000	57.573975	-0.278113	0.395182
1272.740678	0.000000	217.250000	50.932110	1.459423	0.113175
1648.729855	0.000000	217.500000	50.932110	0.700488	-0.190398
1850.519513	0.000000	217.750000	50.932110	0.290802	-0.354273
1938.076359	0.000000	218.000000	50.932110	0.112520	-0.425586
1952.922300	0.000000	218.250000	51.294461	0.018386	-0.439640
1958.547548	0.000000	218.500000	51.294461	0.006914	-0.444229
1960.665084	0.000000	218.750000	51.294461	0.002595	-0.445956
1961.460230	0.000000	219.000000	51.294461	0.000973	-0.446605
1844.617362	0.000000	219.250000	52.626482	-0.150929	-0.363633
1800.366932	0.000000	219.500000	52.626482	-0.060753	-0.327562
1782.721655	0.000000	219.750000	52.626482	-0.024817	-0.313188
1775.541529	0.000000	220.000000	52.626482	-0.010198	-0.307340
1002.740027	0.000000	220.250000	61.102525	-1.685627	0.109795
716.188278	0.000000	220.500000	61.102525	-1.103532	0.342633
567.189793	0.000000	220.750000	61.102525	-0.802184	0.463172
476.131362	0.000000	221.000000	61.102525	-0.618463	0.536660
888.952911	0.000000	221.250000	51.654796	2.083272	0.416815
1330.260920	0.000000	221.500000	51.654796	1.198100	0.062746
1642.189999	0.000000	221.750000	51.654796	0.567689	-0.189419
1804.048964	0.000000	222.000000	51.654796	0.239009	-0.320891
1895.476158	0.000000	222.250000	51.360108	0.121807	-0.393225
1932.317151	0.000000	222.500000	51.360108	0.046732	-0.423255
1946.550415	0.000000	222.750000	51.360108	0.017713	-0.434862
1951.959487	0.000000	223.000000	51.360108	0.006683	-0.439275
1995.737760	0.000000	223.250000	50.383838	0.052927	-0.470857
2012.160612	0.000000	223.500000	50.383838	0.019423	-0.484259
2018.204387	0.000000	223.750000	50.383838	0.007090	-0.489192
2020.412819	0.000000	224.000000	50.383838	0.002583	-0.490995
2008.261420	0.000000	224.250000	50.815203	-0.014280	-0.482342
2003.830659	0.000000	224.500000	50.815203	-0.005238	-0.478726
2002.206614	0.000000	224.750000	50.815203	-0.001924	-0.477400
2001.610201	0.000000	225.000000	50.815203	-0.000707	-0.476913
1770.923542	0.000000	225.250000	53.371514	-0.304463	-0.313701
1684.612235	0.000000	225.500000	53.371514	-0.128641	-0.243373
1648.886320	0.000000	225.750000	53.371514	-0.055955	-0.214298
1633.486216	0.000000	226.000000	53.371514	-0.024639	-0.201772
1448.749442	0.000000	226.250000	54.798872	-0.326979	-0.076351
1367.510046	0.000000	226.500000	54.798872	-0.161994	-0.010357
1328.381431	0.000000	226.750000	54.798872	-0.082626	0.021390
1308.711353	0.000000	227.000000	54.798872	-0.042752	0.037340
1661.543295	0.000000	227.250000	51.129310	0.642312	-0.201730
1846.790337	0.000000	227.500000	51.129310	0.266117	-0.352208
1926.712301	0.000000	227.750000	51.129310	0.103379	-0.417303
1958.242351	0.000000	228.000000	51.129310	0.039105	-0.443013
1270.658153	0.000000	228.250000	57.411800	-1.193968	0.006947
1016.717757	0.000000	228.500000	57.411800	-0.677836	0.213400
890.171658	0.000000	228.750000	57.411800	-0.421616	0.315888
817.769548	0.000000	229.000000	57.411800	-0.275315	0.374408
1309.405372	0.000000	229.250000	49.290707	1.414759	0.084484
1679.425492	0.000000	229.500000	49.290707	0.667476	-0.214429
1873.444393	0.000000	229.750000	49.290707	0.273412	-0.372055
1956.269896	0.000000	230.000000	49.290707	0.104718	-0.439533
1996.301908	0.000000	230.250000	49.563981	0.048315	-0.471422
2011.292554	0.000000	230.500000	49.563981	0.017732	-0.483655
2016.808566	0.000000	230.750000	49.563981	0.006477	-0.488158
2018.825145	0.000000	231.000000	49.563981	0.002361	-0.489804
1766.305726	0.000000	231.250000	53.455454	-0.332130	-0.311217
1672.456396	0.000000	231.500000	53.455454	-0.140950	-0.234745
1633.518748	0.000000	231.750000	53.455454	-0.061737	-0.203060
1616.633526	0.000000	232.000000	53.455454	-0.027406	-0.189327
1540.904605	0.000000	232.250000	45.990984	-0.128571	-0.136698
1507.179152	0.000000	232.500000	45.990984	-0.060052	-0.109290
1491.584610	0.000000	232.750000	45.990984	-0.028385	-0.096623
1484.248646	0.000000	233.000000	45.990984	-0.013491	-0.090666
1683.143937	0.000000	233.250000	52.184051	0.331680	-0.227318
1777.788746	0.000000	233.500000	52.184051	0.139313	-0.304265
1818.411228	0.000000	233.750000	52.184051	0.056634	-0.337336
1835.069797	0.000000	234.000000	52.184051	0.022710	-0.350906
1906.746071	0.000000	234.250000	48.617088	0.093955	-0.402559
1935.216857	0.000000	234.500000	48.617088	0.035927	-0.425770
1946.162281	0.000000	234.750000	48.617088	0.013610	-0.434696
1950.317130	0.000000	235.000000	48.617088	0.005138	-0.438086
1103.696783	0.000000	235.250000	59.774557	-1.627863	0.072422
803.352162	0.000000	235.500000	59.774557	-1.017395	0.316609
650.820009	0.000000	235.750000	59.774557	-0.708775	0.440057
559.351670	0.000000	236.000000	59.774557	-0.524160	0.513903
808.949836	0.000000	236.250000	54.246264	1.235031	0.450153
1036.079333	0.000000	236.500000	54.246264	0.778864	0.267686
1201.858239	0.000000	236.750000	54.246264	0.444600	0.133980
1304.392402	0.000000	237.000000	54.246264	0.237299	0.051060
1612.262298	0.000000	237.250000	51.852362	0.575550	-0.166741
1774.620659	0.000000	237.500000	51.852362	0.245965	-0.298575
1846.705987	0.000000	237.750000	51.852362	0.099287	-0.357246
1876.248115	0.000000	238.000000	51.852362	0.039113	-0.381315
1315.264902	0.000000	238.250000	56.700111	-0.976885	-0.010723
1098.691972	0.000000	238.500000	56.700111	-0.536818	0.165304
991.100632	0.000000	238.750000	56.700111	-0.318909	0.252468
930.994718	0.000000	239.000000	56.700111	-0.197380	0.301079
1059.188723	0.000000	239.250000	45.076419	0.399916	0.236735
1143.146125	0.000000	239.500000	45.076419	0.230410	0.168932
1193.610515	0.000000	239.750000	45.076419	0.128386	0.128123
1222.393175	0.000000	240.000000	45.076419	0.070150	0.104828
1265.026848	0.000000	240.250000	45.310489	0.099909	0.074837
1288.316129	0.000000	240.500000	45.310489	0.052750	0.055974
1300.727923	0.000000	240.750000	45.310489	0.027608	0.045917
1307.255688	0.000000	241.000000	45.310489	0.014382	0.040627
1406.516494	0.000000	241.250000	46.122782	0.206340	-0.025405
1458.617626	0.000000	241.500000	46.122782	0.100716	-0.067655
1484.485864	0.000000	241.750000	46.122782	0.048232	-0.088648
1496.974884	0.000000	242.000000	46.122782	0.022883	-0.098788
1774.566964	0.000000	242.250000	50.962936	0.440552	-0.292651
1905.117968	0.000000	242.500000	50.962936	0.175011	-0.398868
1958.358931	0.000000	242.750000	50.962936	0.066517	-0.442265
1978.794679	0.000000	243.000000	50.962936	0.024843	-0.458935
2009.570124	0.000000	243.250000	50.008321	0.036645	-0.481784
2020.975049	0.000000	243.500000	50.008321	0.013374	-0.491092
2025.145407	0.000000	243.750000	50.008321	0.004863	-0.494497
2026.662883	0.000000	244.000000	50.008321	0.001766	-0.495735
2027.164518	0.000000	244.250000	50.044991	0.000583	-0.496150
2027.346605	0.000000	244.500000	50.044991	0.000212	-0.496298
2027.412686	0.000000	244.750000	50.044991	0.000077	-0.496352
2027.436666	0.000000	245.000000	50.044991	0.000028	-0.496372
1506.670434	0.000000	245.250000	44.533269	-0.777309	-0.137465
1314.217631	0.000000	245.500000	44.533269	-0.385799	0.019139
1225.009036	0.000000	245.750000	44.533269	-0.204835	0.091525
1179.368537	0.000000	246.000000	44.533269	-0.112377	0.128508
1123.649655	0.000000	246.250000	44.236799	-0.145244	0.167169
1093.127192	0.000000	246.500000	44.236799	-0.083484	0.191873
1075.855355	0.000000	246.750000	44.236799	-0.048552	0.205846
1065.901736	0.000000	247.000000	44.236799	-0.028426	0.213896
1406.550047	0.000000	247.250000	47.541869	0.799242	-0.006084
1616.529751	0.000000	247.500000	47.541869	0.374136	-0.176126
1720.952613	0.000000	247.750000	47.541869	0.162060	-0.260957
1767.354991	0.000000	248.000000	47.541869	0.067677	-0.298710
1920.837216	0.000000	248.250000	50.396281	0.204807	-0.409815
1983.535548	0.000000	248.500000	50.396281	0.077028	-0.460926
2007.384966	0.000000	248.750000	50.396281	0.028381	-0.480385
2016.208752	0.000000	249.000000	50.396281	0.010377	-0.487587
1466.594152	0.000000	249.250000	44.238735	-0.840842	-0.111406
1263.139093	0.000000	249.500000	44.238735	-0.427031	0.054119
1167.444105	0.000000	249.750000	44.238735	-0.232981	0.131739
1117.423343	0.000000	250.000000	44.238735	-0.131698	0.172252
