Nr	Nb	time	environment	abf_r	abf_b
250.000000	250.000000	0.000000	0.000000	0.000000	0.000000
271.512600	268.212206	0.250000	41.789484	0.302964	0.255964
290.878967	284.138534	0.500000	41.789484	0.251361	0.208488
307.894221	297.713297	0.750000	41.789484	0.206338	0.167594
322.533731	309.024363	1.000000	41.789484	0.167882	0.133136
570.155379	319.030379	1.250000	52.969845	2.025572	0.020180
875.285641	311.141547	1.500000	52.969845	1.422231	-0.208502
1159.405712	287.991053	1.750000	52.969845	0.869979	-0.390909
1364.788797	257.240826	2.000000	52.969845	0.480250	-0.495263
781.922309	204.560301	2.250000	25.035580	-1.745693	-0.686749
543.624500	178.508484	2.500000	25.035580	-1.241104	-0.440629
414.283502	162.972602	2.750000	25.035580	-0.967137	-0.304699
333.144705	152.826929	3.000000	25.035580	-0.795321	-0.218792
689.835771	169.043083	3.250000	49.510496	2.538640	0.242534
1154.250295	171.016532	3.500000	49.510496	1.609028	-0.133162
1548.663841	158.757229	3.750000	49.510496	0.824076	-0.426923
1781.611102	139.541354	4.000000	49.510496	0.367348	-0.577438
924.376458	119.715856	4.250000	67.830986	-1.961637	-0.335007
620.074250	114.353496	4.500000	67.830986	-1.338785	-0.076596
464.019757	114.231437	4.750000	67.830986	-1.022965	0.050057
368.937132	116.842826	5.000000	67.830986	-0.833182	0.121655
530.149181	131.504038	5.250000	55.063717	1.286758	0.396051
698.890968	142.222204	5.500000	55.063717	0.940380	0.239342
848.584153	148.310650	5.750000	55.063717	0.634873	0.106758
963.342209	150.305644	6.000000	55.063717	0.402200	0.010217
1414.215850	145.503619	6.250000	50.293569	1.118875	-0.291115
1717.276817	131.118943	6.500000	50.293569	0.517293	-0.507783
1870.804569	113.911979	6.750000	50.293569	0.219263	-0.598100
1939.434263	97.709472	7.000000	50.293569	0.092714	-0.621436
1548.274533	86.980713	7.250000	45.231106	-0.585351	-0.331434
1399.427356	81.632010	7.500000	45.231106	-0.278191	-0.199480
1332.093278	78.352310	7.750000	45.231106	-0.138847	-0.138186
1299.372457	76.030818	8.000000	45.231106	-0.070611	-0.106970
778.132185	67.531962	8.250000	72.230806	-1.626937	-0.298769
553.428224	64.399611	8.500000	72.230806	-1.168779	-0.110135
428.196987	63.566023	8.750000	72.230806	-0.915073	-0.007196
348.300990	64.015317	9.000000	72.230806	-0.754333	0.056379
663.524808	74.007955	9.250000	47.610189	2.253430	0.442711
1053.246793	79.277435	9.500000	47.610189	1.470206	0.120374
1387.294743	78.738029	9.750000	47.610189	0.798084	-0.147746
1595.640081	74.161073	10.000000	47.610189	0.380048	-0.307364
877.665649	62.592100	10.250000	74.066031	-1.825519	-0.444346
603.318458	57.936248	10.500000	74.066031	-1.264645	-0.212045
458.468036	55.895866	10.750000	74.066031	-0.970100	-0.090739
368.904068	55.205641	11.000000	74.066031	-0.788866	-0.017052
307.985913	57.118373	11.250000	70.951460	-0.667360	0.156442
263.768334	59.647288	11.500000	70.951460	-0.580415	0.186991
230.165999	62.682677	11.750000	70.951460	-0.515286	0.207958
203.726685	66.158407	12.000000	70.951460	-0.464942	0.222271
189.224484	76.166950	12.250000	62.658370	-0.285687	0.559154
176.571868	87.460491	12.500000	62.658370	-0.269331	0.546767
165.353388	100.068303	12.750000	62.658370	-0.256908	0.530599
155.260779	113.979022	13.000000	62.658370	-0.247791	0.510919
266.184299	134.875509	13.250000	54.605880	2.034922	0.607997
424.865378	153.795838	13.500000	54.605880	1.704181	0.443798
618.288567	167.825747	13.750000	54.605880	1.306848	0.261090
813.430057	175.102216	14.000000	54.605880	0.909958	0.089874
685.826956	177.410222	14.250000	41.455534	-0.571437	0.094423
607.422712	183.007982	14.500000	41.455534	-0.417687	0.146603
554.810295	190.588350	14.750000	41.455534	-0.317729	0.173904
517.288764	199.429990	15.000000	41.455534	-0.249271	0.186467
425.342783	206.238888	15.250000	61.242902	-0.703143	0.160264
362.666076	215.654095	15.500000	61.242902	-0.584418	0.192006
316.953320	226.752120	15.750000	61.242902	-0.501319	0.206647
281.936841	238.935858	16.000000	61.242902	-0.440673	0.210465
248.035890	250.214860	16.250000	37.944874	-0.485491	0.186084
221.022853	262.090490	16.500000	37.944874	-0.440728	0.184052
198.894185	274.220760	16.750000	37.944874	-0.406007	0.177565
180.363310	286.332881	17.000000	37.944874	-0.378512	0.168210
160.225494	294.738201	17.250000	36.558011	-0.458034	0.115139
143.408694	303.223005	17.500000	36.558011	-0.431073	0.111669
129.136681	311.601533	17.750000	36.558011	-0.409145	0.106358
116.863675	319.736000	18.000000	36.558011	-0.391040	0.099924
152.914818	342.346538	18.250000	43.171035	1.031490	0.238042
195.401598	360.030633	18.500000	43.171035	0.932530	0.168575
243.363293	372.399432	18.750000	43.171035	0.826815	0.105329
295.040435	379.512211	19.000000	43.171035	0.717794	0.049600
246.918853	368.837338	19.250000	36.980151	-0.664584	-0.087199
211.309775	362.913292	19.500000	36.980151	-0.588167	-0.046552
183.842318	360.092016	19.750000	36.980151	-0.530667	-0.018727
161.972519	359.355492	20.000000	36.980151	-0.486123	0.000386
185.453272	372.716360	20.250000	42.126180	0.513948	0.124680
209.348616	382.525696	20.500000	42.126180	0.458262	0.085812
233.136052	389.128989	20.750000	42.126180	0.405342	0.053450
256.324397	392.968524	21.000000	42.126180	0.355821	0.027105
231.878343	388.612285	21.250000	60.730248	-0.376784	-0.031770
212.207809	386.594427	21.500000	60.730248	-0.335637	-0.011856
195.993047	386.187357	21.750000	60.730248	-0.302741	0.002031
182.360874	386.893674	22.000000	60.730248	-0.275937	0.011597
155.687551	345.084999	22.250000	73.633397	-0.592904	-0.409654
135.430496	314.784615	22.500000	73.633397	-0.527794	-0.332397
119.498861	291.992536	22.750000	73.633397	-0.477454	-0.273764
106.625914	274.365483	23.000000	73.633397	-0.437433	-0.227996
100.189697	290.404753	23.250000	37.670358	-0.249026	0.214454
94.143442	305.386303	23.500000	37.670358	-0.248922	0.189289
88.466344	319.209366	23.750000	37.670358	-0.248631	0.166143
83.140386	331.824520	24.000000	37.670358	-0.248077	0.145130
115.339188	356.296682	24.250000	43.555070	1.268113	0.248963
156.419306	375.635090	24.500000	43.555070	1.170761	0.177348
206.658043	389.199734	24.750000	43.555070	1.059694	0.109933
265.132690	396.780439	25.000000	43.555070	0.936878	0.047871
481.048735	398.706215	25.250000	52.908909	2.162912	-0.068035
769.258903	382.071088	25.500000	52.908909	1.601403	-0.265316
1064.853637	349.274518	25.750000	52.908909	1.034959	-0.437225
1298.484094	308.337532	26.000000	52.908909	0.597148	-0.543699
1048.837425	275.045603	26.250000	43.354890	-0.633622	-0.344889
928.833212	257.178311	26.500000	43.354890	-0.376018	-0.211492
862.680486	246.527407	26.750000	43.354890	-0.233638	-0.136473
823.454984	239.773503	27.000000	43.354890	-0.148951	-0.091153
565.184444	226.184041	27.250000	64.934874	-1.281012	-0.134442
427.006452	222.465966	27.500000	64.934874	-0.998597	-0.015003
340.767784	223.745851	27.750000	64.934874	-0.825633	0.052158
281.664674	227.942420	28.000000	64.934874	-0.709933	0.091464
330.238920	246.572686	28.250000	57.227241	0.582906	0.278212
376.770142	261.950348	28.500000	57.227241	0.477362	0.210046
419.222745	273.934259	28.750000	57.227241	0.382622	0.151904
456.311600	282.724538	29.000000	57.227241	0.301135	0.104441
353.414104	263.755571	29.250000	30.684245	-0.923849	-0.224372
286.197828	252.068720	29.500000	30.684245	-0.778942	-0.146589
238.841170	244.771651	29.750000	30.684245	-0.677724	-0.093726
203.664824	240.326903	30.000000	30.684245	-0.603388	-0.056446
347.305567	263.772511	30.250000	54.171109	1.980295	0.292573
541.894274	277.204346	30.500000	54.171109	1.581869	0.110246
760.210625	278.330090	30.750000	54.171109	1.144265	-0.067100
959.923162	268.459149	31.000000	54.171109	0.751111	-0.208090
799.784831	255.436932	31.250000	42.231244	-0.587032	-0.132521
709.093452	250.081864	31.500000	42.231244	-0.399421	-0.048298
652.150052	248.781221	31.750000	42.231244	-0.283465	0.000372
613.962809	249.815237	32.000000	42.231244	-0.207315	0.029155
634.043719	252.327913	32.250000	56.898859	0.109444	0.030451
648.876691	253.738254	32.500000	56.898859	0.078451	0.015653
659.708856	254.379871	32.750000	56.898859	0.056125	0.005623
667.571167	254.504217	33.000000	56.898859	0.040193	-0.000972
479.764014	237.440672	33.250000	67.553754	-1.152744	-0.197927
371.197430	229.317876	33.500000	67.553754	-0.926921	-0.093738
300.395971	226.010195	33.750000	67.553754	-0.781519	-0.029897
250.516812	225.609523	34.000000	67.553754	-0.680761	0.011157
538.382819	245.985478	34.250000	50.740776	2.752962	0.208289
962.998016	247.984249	34.500000	50.740776	1.905288	-0.134851
1385.659218	229.968232	34.750000	50.740776	1.070631	-0.439012
1673.110324	200.871701	35.000000	50.740776	0.512722	-0.613478
886.847905	171.375939	35.250000	33.087287	-1.921546	-0.368908
598.224522	162.185546	35.500000	33.087287	-1.327669	-0.115547
448.199259	160.407217	35.750000	33.087287	-1.022756	0.009576
356.097889	162.397882	36.000000	33.087287	-0.838502	0.080029
346.812765	177.589272	36.250000	59.249069	-0.102745	0.346573
338.238667	193.060947	36.500000	59.249069	-0.097946	0.322506
330.219166	208.603089	36.750000	59.249069	-0.094321	0.297844
322.646657	224.006179	37.000000	59.249069	-0.091486	0.273093
266.479883	215.242350	37.250000	71.056707	-0.710866	-0.131371
225.739200	209.554062	37.500000	71.056707	-0.624309	-0.087107
194.828943	205.940964	37.750000	71.056707	-0.559251	-0.054956
170.566286	203.790970	38.000000	71.056707	-0.508764	-0.031107
343.129168	229.636594	38.250000	52.822767	2.606553	0.381892
614.972922	244.895892	38.500000	52.822767	2.054098	0.134814
943.882032	244.669488	38.750000	52.822767	1.396751	-0.128285
1237.225322	230.237358	39.000000	52.822767	0.818395	-0.335766
1305.923039	210.237316	39.250000	54.038863	0.162985	-0.368756
1347.060863	191.763844	39.500000	54.038863	0.094671	-0.364983
1372.023110	175.312610	39.750000	54.038863	0.057456	-0.352161
1387.850251	160.870947	40.000000	54.038863	0.037115	-0.335971
1240.052862	150.014267	40.250000	44.604041	-0.321944	-0.220117
1169.016427	143.430436	40.500000	44.604041	-0.172594	-0.149219
1132.217109	138.941154	40.750000	44.604041	-0.094437	-0.110364
1112.518599	135.591676	41.000000	44.604041	-0.051857	-0.087676
699.559270	121.535352	41.250000	29.035434	-1.510735	-0.290052
507.313925	115.780819	41.500000	29.035434	-1.116653	-0.122575
396.087726	113.779947	41.750000	29.035434	-0.890417	-0.028628
323.509434	113.889533	42.000000	29.035434	-0.744203	0.029729
663.192124	128.880441	42.250000	48.731922	2.516301	0.341410
1108.913678	133.844999	42.500000	48.731922	1.621984	-0.025055
1495.656019	127.597659	42.750000	48.731922	0.848095	-0.324434
1729.679172	114.864122	43.000000	48.731922	0.384196	-0.488724
999.364060	106.372518	43.250000	39.686165	-1.621967	-0.073534
722.907698	107.891242	43.500000	39.686165	-1.061649	0.148240
577.578390	113.685276	43.750000	39.686165	-0.772364	0.254328
487.866159	122.116653	44.000000	39.686165	-0.598107	0.309940
392.976080	129.620318	44.250000	63.267125	-0.783134	0.265002
328.588167	139.154288	44.500000	63.267125	-0.661052	0.297877
281.806169	150.257979	44.750000	63.267125	-0.575799	0.313372
246.092985	162.620118	45.000000	63.267125	-0.513886	0.317406
250.261301	181.202337	45.250000	59.365704	0.056233	0.413390
253.108785	199.892587	45.500000	59.365704	0.035534	0.373709
254.752807	218.370667	45.750000	59.365704	0.017412	0.335405
255.333061	236.338374	46.000000	59.365704	0.001828	0.298964
237.677129	251.397739	46.250000	39.282400	-0.275852	0.239256
222.397576	266.291947	46.500000	39.282400	-0.257129	0.221714
208.978825	280.802949	46.750000	39.282400	-0.241842	0.203434
197.053246	294.748210	47.000000	39.282400	-0.229103	0.185080
249.219501	314.281130	47.250000	43.215055	0.881321	0.218271
305.676834	328.668853	47.500000	43.215055	0.756929	0.144165
363.463988	337.803063	47.750000	43.215055	0.633956	0.079458
419.444783	342.104543	48.000000	43.215055	0.518352	0.025839
789.674902	338.998479	48.250000	50.883890	2.159470	-0.179428
1214.839543	311.866376	48.500000	50.883890	1.329619	-0.466497
1549.305089	270.174641	48.750000	50.883890	0.688484	-0.653166
1746.220821	226.867514	49.000000	50.883890	0.324391	-0.725946
903.608469	186.601018	49.250000	31.269211	-1.976256	-0.491217
603.780557	171.791078	49.500000	31.269211	-1.354857	-0.217323
450.011340	165.898863	49.750000	31.269211	-1.039004	-0.080883
356.383839	164.384845	50.000000	31.269211	-0.848835	-0.002163
314.066736	177.242763	50.250000	38.647585	-0.471716	0.304267
281.220803	191.244612	50.500000	38.647585	-0.416901	0.302703
254.806495	206.077501	50.750000	38.647585	-0.375713	0.294282
232.955724	221.448568	51.000000	38.647585	-0.344146	0.281099
471.224395	243.323348	51.250000	47.802131	2.563158	0.258661
819.270623	250.083085	51.500000	47.802131	1.864544	-0.032739
1185.678728	239.075410	51.750000	47.802131	1.138515	-0.305200
1462.002112	215.975059	52.000000	47.802131	0.599533	-0.482245
1069.991503	197.032666	52.250000	42.646502	-0.921369	-0.223448
895.099299	190.560588	52.500000	42.646502	-0.561466	-0.068355
799.530551	189.473501	52.750000	42.646502	-0.367317	0.011258
741.325592	191.190066	53.000000	42.646502	-0.251176	0.054900
538.448856	189.701696	53.250000	62.949075	-1.103353	0.039219
422.150699	193.930670	53.500000	62.949075	-0.871813	0.124871
346.445774	201.404037	53.750000	62.949075	-0.725173	0.171057
292.997720	210.935778	54.000000	62.949075	-0.625195	0.195091
332.777302	229.373042	54.250000	42.461799	0.464433	0.302671
369.498676	245.389073	54.500000	42.461799	0.377988	0.241100
402.031046	258.796725	54.750000	42.461799	0.301973	0.188081
429.831586	269.655005	55.000000	42.461799	0.237453	0.143949
341.142148	266.560783	55.250000	64.396221	-0.843959	-0.012148
280.880222	267.502601	55.500000	64.396221	-0.723291	0.034641
237.165878	270.909223	55.750000	64.396221	-0.638038	0.063085
203.933869	275.872213	56.000000	64.396221	-0.575184	0.079930
176.486668	278.635225	56.250000	65.599878	-0.553940	0.047195
154.518989	282.348965	56.500000	65.599878	-0.512778	0.057446
136.526689	286.672061	56.750000	65.599878	-0.480107	0.063268
121.514774	291.359974	57.000000	65.599878	-0.453725	0.065954
110.384507	301.512993	57.250000	36.298489	-0.377667	0.131527
100.599144	311.129291	57.500000	36.298489	-0.365750	0.120120
91.932818	320.148527	57.750000	36.298489	-0.355601	0.109006
84.210706	328.535606	58.000000	36.298489	-0.346842	0.098398
202.160977	356.791116	58.250000	50.284723	3.365962	0.253718
442.819180	370.163285	58.500000	50.284723	2.879530	0.036029
828.116703	360.160851	58.750000	50.284723	2.121293	-0.251336
1259.926970	325.756327	59.000000	50.284723	1.283488	-0.529345
899.147137	291.078166	59.250000	58.378172	-1.039338	-0.302115
729.594492	276.468329	59.500000	58.378172	-0.683999	-0.135012
632.508766	270.730520	59.750000	58.378172	-0.483207	-0.044845
570.431821	269.691375	60.000000	58.378172	-0.357148	0.007442
952.938203	267.834135	60.250000	48.122139	1.679334	-0.172924
1316.574792	247.721920	60.500000	48.122139	0.964643	-0.425507
1565.806741	218.131052	60.750000	48.122139	0.484714	-0.567919
1703.521562	187.743885	61.000000	48.122139	0.229987	-0.618693
895.983714	156.596432	61.250000	30.637892	-1.937463	-0.451854
602.956971	145.315029	61.500000	30.637892	-1.332888	-0.190712
451.468178	141.157226	61.750000	30.637892	-1.023089	-0.059646
358.820800	140.559971	62.000000	30.637892	-0.835653	0.016422
303.086523	150.715219	62.250000	36.580212	-0.628367	0.289386
261.660838	162.278075	62.500000	36.580212	-0.554292	0.299633
229.498042	174.942787	62.750000	36.580212	-0.499779	0.300193
203.674243	188.446695	63.000000	36.580212	-0.458710	0.293958
178.668240	196.897618	63.250000	33.620386	-0.504025	0.176571
158.238503	205.764922	63.500000	33.620386	-0.470097	0.175256
141.203587	214.866349	63.750000	33.620386	-0.443188	0.170735
126.762200	224.047491	64.000000	33.620386	-0.421559	0.163962
182.165571	251.446832	64.250000	43.909486	1.384662	0.413431
252.382320	275.113320	64.500000	43.909486	1.225789	0.309966
335.079470	293.315592	64.750000	43.909486	1.046146	0.207323
424.714610	305.045641	65.000000	43.909486	0.857521	0.111943
539.254497	310.205562	65.250000	55.634879	0.843670	0.019333
647.151493	308.227775	65.500000	55.634879	0.628879	-0.063475
739.268960	300.890425	65.750000	55.634879	0.449703	-0.122965
811.877628	290.249477	66.000000	55.634879	0.312175	-0.160178
660.209705	278.932289	66.250000	41.176049	-0.691007	-0.096823
570.025392	275.368564	66.500000	41.176049	-0.506024	-0.016655
510.640471	276.033822	66.750000	41.176049	-0.386827	0.030013
468.802013	279.192459	67.000000	41.176049	-0.305102	0.057462
474.914902	284.737382	67.250000	57.769312	0.044161	0.071255
479.361645	289.354095	67.500000	57.769312	0.031502	0.058407
482.529335	293.204106	67.750000	57.769312	0.022031	0.048127
484.730261	296.424385	68.000000	57.769312	0.015011	0.039889
377.622053	289.104658	68.250000	36.381218	-0.901082	-0.055960
307.465425	287.497646	68.500000	36.381218	-0.758343	0.003980
257.826298	289.261623	68.750000	36.381218	-0.659803	0.040521
220.759374	293.119263	69.000000	36.381218	-0.588326	0.062687
194.833514	300.714756	69.250000	62.677860	-0.478606	0.104572
173.703484	308.741817	69.500000	62.677860	-0.442599	0.105499
156.111113	316.918012	69.750000	62.677860	-0.413832	0.103271
141.210009	325.036517	70.000000	62.677860	-0.390432	0.098987
123.937526	312.938770	70.250000	69.229258	-0.501411	-0.134209
109.860200	303.827184	70.500000	69.229258	-0.465817	-0.104578
98.164696	296.917792	70.750000	69.229258	-0.436785	-0.081294
88.293391	291.669443	71.000000	69.229258	-0.412756	-0.062816
80.050660	259.683947	71.250000	18.779658	-0.372585	-0.432121
73.261265	234.839359	71.500000	18.779658	-0.338986	-0.376743
67.555890	215.009414	71.750000	18.779658	-0.311605	-0.332334
62.683393	198.834322	72.000000	18.779658	-0.288840	-0.295948
62.435008	221.619021	72.250000	61.511713	-0.024358	0.412175
61.917261	244.240216	72.500000	61.511713	-0.041436	0.367327
61.149815	266.215292	72.750000	61.511713	-0.057505	0.323952
60.159597	287.119597	73.000000	61.511713	-0.072276	0.282882
148.529005	320.377591	73.250000	49.961261	3.507213	0.369240
340.771133	343.003011	73.500000	49.961261	3.109727	0.171735
682.705124	345.872423	73.750000	49.961261	2.429111	-0.106137
1121.495013	323.467010	74.000000	49.961261	1.570086	-0.412920
1489.793565	282.868122	74.250000	50.742455	0.816902	-0.629951
1718.766325	238.130468	74.500000	50.742455	0.389342	-0.725768
1837.558529	197.986982	74.750000	50.742455	0.180636	-0.741589
1896.410792	164.822239	75.000000	50.742455	0.087937	-0.722719
1893.399290	138.524617	75.250000	51.398948	0.004348	-0.670617
1897.850460	117.756086	75.500000	51.398948	0.012283	-0.632396
1904.093236	100.928272	75.750000	51.398948	0.013334	-0.603591
1910.212706	87.059627	76.000000	51.398948	0.012211	-0.580654
1569.267954	77.930010	76.250000	45.455012	-0.509838	-0.325999
1437.830605	73.073404	76.500000	45.455012	-0.238497	-0.209219
1378.909443	69.896096	76.750000	45.455012	-0.116281	-0.154957
1350.851926	67.506192	77.000000	45.455012	-0.057423	-0.127380
1604.740175	64.114349	77.250000	47.908197	0.467769	-0.291540
1736.170310	58.769444	77.500000	47.908197	0.205262	-0.387597
1796.214830	53.040222	77.750000	47.908197	0.087788	-0.424959
1822.677651	47.612024	78.000000	47.908197	0.038342	-0.435603
1814.897862	42.773560	78.250000	47.700703	-0.009134	-0.421655
1812.834927	38.548185	78.500000	47.700703	-0.001481	-0.411477
1812.940309	34.814853	78.750000	47.700703	0.001353	-0.404057
1813.815232	31.494969	79.000000	47.700703	0.002282	-0.398095
946.368946	26.537878	79.250000	26.250936	-1.936312	-0.415383
639.119774	24.823342	79.500000	26.250936	-1.310465	-0.162105
481.842552	24.275455	79.750000	26.250936	-0.991863	-0.033717
386.249320	24.331582	80.000000	26.250936	-0.799021	0.043341
414.682273	28.544495	80.250000	41.922381	0.255767	0.623960
438.983008	33.236587	80.500000	41.922381	0.203251	0.595088
459.121747	38.433343	80.750000	41.922381	0.158661	0.568539
475.328174	44.160928	81.000000	41.922381	0.121525	0.544080
380.860636	46.392458	81.250000	31.604573	-0.802578	0.228758
317.074257	49.433562	81.500000	31.604573	-0.676514	0.274098
271.035700	53.157728	81.750000	31.604573	-0.586852	0.303729
236.177409	57.505931	82.000000	31.604573	-0.520242	0.323088
276.727506	68.297248	82.250000	42.165880	0.590564	0.661804
317.013132	80.006133	82.500000	42.165880	0.500592	0.606172
355.221546	92.426849	82.750000	42.165880	0.414132	0.550742
389.842628	105.328808	83.000000	42.165880	0.334407	0.497189
553.301572	118.722459	83.250000	55.093430	1.236083	0.402527
720.463039	128.648657	83.500000	55.093430	0.893356	0.248628
865.535611	134.537965	83.750000	55.093430	0.597176	0.120130
974.750525	136.874200	84.000000	55.093430	0.375327	0.027361
1040.407045	136.739126	84.250000	44.824263	0.202122	-0.027066
1081.759281	135.229944	84.500000	44.824263	0.119806	-0.057491
1106.956477	132.993795	84.750000	44.824263	0.070682	-0.073401
1122.140624	130.436296	85.000000	44.824263	0.042048	-0.080564
704.087018	119.449374	85.250000	69.003260	-1.516557	-0.205477
509.998836	116.173941	85.500000	69.003260	-1.120719	-0.041474
397.794788	116.448068	85.750000	69.003260	-0.894330	0.048708
324.568993	118.775622	86.000000	69.003260	-0.748586	0.103151
664.652818	134.037420	86.250000	48.744016	2.511616	0.329986
1110.104388	138.809405	86.500000	48.744016	1.617955	-0.035908
1496.115276	131.999433	86.750000	48.744016	0.845972	-0.333587
1729.663662	118.582829	87.000000	48.744016	0.383586	-0.496125
912.062159	95.886238	87.250000	24.898254	-1.922579	-0.579447
616.420689	86.163082	87.500000	24.898254	-1.313969	-0.319434
463.910417	81.070451	87.750000	24.898254	-1.001370	-0.185735
370.842986	78.267758	88.000000	24.898254	-0.811329	-0.104953
308.091682	81.482515	88.250000	69.247473	-0.685845	0.180566
262.687283	85.582170	88.500000	69.247473	-0.597761	0.208939
228.242043	90.399486	88.750000	69.247473	-0.532358	0.227029
201.158193	95.826832	89.000000	69.247473	-0.482279	0.237962
358.855245	113.239432	89.250000	54.025135	2.147267	0.586741
580.066908	127.766749	89.500000	54.025135	1.695264	0.381385
829.707077	136.593626	89.750000	54.025135	1.188848	0.163768
1051.403771	138.803852	90.000000	54.025135	0.741534	-0.019080
937.139670	138.024981	90.250000	56.788190	-0.360769	0.017491
872.173805	139.612105	90.500000	56.788190	-0.230716	0.066904
832.344399	142.504761	90.750000	56.788190	-0.152617	0.093317
806.662645	146.153251	91.000000	56.788190	-0.103731	0.106761
1000.556494	148.732265	91.250000	54.346638	0.681607	-0.003387
1141.067382	146.359442	91.500000	54.346638	0.400182	-0.112104
1230.258889	141.062543	91.750000	54.346638	0.224209	-0.173662
1282.679244	134.486879	92.000000	54.346638	0.123451	-0.202941
1351.352487	127.246582	92.250000	54.011596	0.151405	-0.238290
1389.311308	119.601376	92.500000	54.011596	0.080685	-0.253734
1410.219149	112.198551	92.750000	54.011596	0.044306	-0.255836
1422.127295	105.295791	93.000000	54.011596	0.025764	-0.251637
820.165497	96.801916	93.250000	33.713809	-1.719257	-0.138263
573.709338	96.290852	93.500000	33.713809	-1.218749	0.062961
439.386487	99.260108	93.750000	33.713809	-0.949618	0.165712
354.653634	104.313657	94.000000	33.713809	-0.782771	0.224019
333.273815	116.933857	94.250000	39.917634	-0.233714	0.452495
315.419906	130.727066	94.500000	39.917634	-0.208903	0.439285
300.134342	145.583234	94.750000	39.917634	-0.190113	0.421876
286.756477	161.350404	95.000000	39.917634	-0.175891	0.401104
243.132449	160.603917	95.250000	28.964852	-0.619956	-0.002068
210.098651	161.086748	95.500000	28.964852	-0.553914	0.023572
184.193117	162.442406	95.750000	28.964852	-0.502939	0.041709
163.315108	164.434103	96.000000	28.964852	-0.462596	0.054519
146.121760	170.276385	96.250000	30.919530	-0.431172	0.140422
131.617502	176.356766	96.500000	30.919530	-0.406931	0.139910
119.203999	182.581855	96.750000	30.919530	-0.387008	0.137424
108.450768	188.871510	97.000000	30.919530	-0.370473	0.133473
160.547707	216.709092	97.250000	44.016009	1.506165	0.502433
229.361654	242.378241	97.500000	44.016009	1.348622	0.396184
313.821480	263.805203	97.750000	44.016009	1.163033	0.285778
408.893257	279.374413	98.000000	44.016009	0.960609	0.178438
518.074671	288.377976	98.250000	44.231785	0.838821	0.077372
621.474002	290.556679	98.500000	44.231785	0.629749	-0.010129
710.420607	287.245421	98.750000	44.231785	0.453743	-0.075124
781.113242	280.212996	99.000000	44.231785	0.317196	-0.118024
910.320913	270.099465	99.250000	54.891640	0.497337	-0.184202
1005.486863	256.141301	99.500000	54.891640	0.316799	-0.233051
1070.484787	240.848108	99.750000	54.891640	0.197971	-0.254903
1113.180314	225.789848	100.000000	54.891640	0.123902	-0.259208
690.603797	196.599137	100.250000	30.042710	-1.552685	-0.390514
496.361445	183.099625	100.500000	30.042710	-1.148220	-0.205722
384.743958	176.473429	100.750000	30.042710	-0.917436	-0.102112
312.231776	173.573064	101.000000	30.042710	-0.768916	-0.037735
272.731873	186.290836	101.250000	62.304909	-0.509595	0.285013
241.786297	200.013373	101.500000	62.304909	-0.458387	0.282471
216.743038	214.428698	101.750000	62.304909	-0.419625	0.273776
195.947621	229.249661	102.000000	62.304909	-0.389741	0.260840
228.577762	251.485079	102.250000	42.260643	0.576286	0.336693
261.211946	271.209952	102.500000	42.260643	0.495169	0.271015
292.675471	287.965856	102.750000	42.260643	0.418720	0.212182
321.992261	301.599734	103.000000	42.260643	0.349028	0.161296
446.950229	313.323730	103.250000	55.309721	1.185337	0.093673
580.377577	315.982309	103.500000	55.309721	0.916235	-0.018730
706.111582	310.661647	103.750000	55.309721	0.668316	-0.109194
811.851321	299.652173	104.000000	55.309721	0.464632	-0.172320
966.916667	284.342289	104.250000	45.494982	0.562293	-0.251428
1080.499547	264.981055	104.500000	45.494982	0.348923	-0.304325
1156.554832	244.769902	104.750000	45.494982	0.211672	-0.325261
1205.249109	225.560352	105.000000	45.494982	0.128785	-0.326093
1492.238284	204.088936	105.250000	47.988557	0.606197	-0.481080
1658.914095	178.671051	105.500000	47.988557	0.288955	-0.565298
1743.814416	154.571807	105.750000	47.988557	0.136077	-0.585874
1786.042956	133.602015	106.000000	47.988557	0.067288	-0.578048
926.242860	114.658424	106.250000	31.999389	-1.962017	-0.333657
621.359083	109.558369	106.500000	31.999389	-1.338191	-0.075308
465.078349	109.477702	106.750000	31.999389	-1.021947	0.051441
369.886746	112.022116	107.000000	31.999389	-0.831890	0.123257
306.033368	117.437876	107.250000	32.997460	-0.702210	0.206631
259.854688	124.083019	107.500000	32.997460	-0.614600	0.230548
224.804672	131.691717	107.750000	32.997460	-0.550212	0.243549
197.212893	140.076574	108.000000	32.997460	-0.501478	0.248980
403.054804	161.873562	108.250000	52.570595	2.636590	0.472469
719.602697	175.853470	108.500000	52.570595	1.995843	0.192325
1078.453033	177.524400	108.750000	52.570595	1.276006	-0.098848
1369.787777	168.034706	109.000000	52.570595	0.696605	-0.314962
1625.716306	151.741124	109.250000	48.305301	0.467169	-0.481378
1759.897259	133.074697	109.500000	48.305301	0.209873	-0.552941
1823.513382	115.560542	109.750000	48.305301	0.094735	-0.569506
1853.739690	100.278389	110.000000	48.305301	0.045673	-0.563379
1170.194575	92.272642	110.250000	41.976341	-1.303027	-0.113240
912.066514	92.498560	110.500000	41.976341	-0.778752	0.096252
779.566519	96.124699	110.750000	41.976341	-0.513522	0.196335
700.678676	101.722364	111.000000	41.976341	-0.358713	0.248908
527.407665	106.205347	111.250000	37.387057	-0.986976	0.228185
423.944691	113.551704	111.500000	37.387057	-0.784008	0.297110
354.883834	122.956329	111.750000	37.387057	-0.652372	0.334026
305.264745	134.017746	112.000000	37.387057	-0.561358	0.351899
258.313874	139.727984	112.250000	32.481447	-0.627295	0.178445
222.813365	146.419236	112.500000	32.481447	-0.561263	0.193645
194.960402	153.853092	112.750000	32.481447	-0.511240	0.201187
172.470157	161.848844	113.000000	32.481447	-0.472467	0.203280
193.662751	183.815137	113.250000	58.477767	0.434826	0.479835
214.251993	205.622006	113.500000	58.477767	0.376158	0.419717
233.661337	226.649988	113.750000	58.477767	0.320443	0.362068
251.438318	246.371992	114.000000	58.477767	0.269015	0.308313
214.270753	250.324143	114.250000	65.604324	-0.607243	0.073328
185.440501	255.425886	114.500000	65.604324	-0.553374	0.086335
162.392396	261.259596	114.750000	65.604324	-0.511740	0.093207
143.524866	267.529719	115.000000	65.604324	-0.478872	0.095831
136.457505	284.482365	115.250000	38.642857	-0.201708	0.232313
129.757253	300.441648	115.500000	38.642857	-0.201077	0.205717
123.408316	315.272856	115.750000	38.642857	-0.200249	0.181092
117.398535	328.896514	116.000000	38.642857	-0.199135	0.158609
113.279031	342.259480	116.250000	60.979604	-0.143985	0.148264
109.250294	354.208031	116.500000	60.979604	-0.145504	0.127536
105.336738	364.804386	116.750000	60.979604	-0.146170	0.109424
101.556529	374.139652	117.000000	60.979604	-0.146092	0.093731
90.691601	369.636942	117.250000	35.030022	-0.440816	-0.040296
81.456466	366.604116	117.500000	35.030022	-0.419841	-0.026769
73.511897	364.667556	117.750000	35.030022	-0.402342	-0.016484
66.608360	363.552600	118.000000	35.030022	-0.387593	-0.008687
160.837510	390.291739	118.250000	50.386718	3.415053	0.219082
360.268564	403.122540	118.500000	50.386718	3.010946	0.035283
704.323247	393.914321	118.750000	50.386718	2.335348	-0.220337
1133.818400	359.450319	119.000000	50.386718	1.504166	-0.495678
690.678932	309.993768	119.250000	35.029109	-1.604226	-0.406415
491.326105	288.446670	119.500000	35.029109	-1.182741	-0.201054
377.920814	278.664919	119.750000	35.029109	-0.945736	-0.089542
304.634712	275.046907	120.000000	35.029109	-0.795043	-0.023031
521.750360	289.925828	120.250000	53.484114	1.928423	0.110859
788.934647	289.832570	120.500000	53.484114	1.394817	-0.102947
1045.267949	275.680883	120.750000	53.484114	0.891611	-0.280853
1240.277955	252.914659	121.000000	53.484114	0.516830	-0.392701
827.263540	233.222336	121.250000	59.856933	-1.273825	-0.172906
636.291510	228.723932	121.500000	59.856933	-0.883218	-0.008786
526.260139	230.993773	121.750000	59.856933	-0.662764	0.075745
454.618408	236.956552	122.000000	59.856933	-0.523097	0.121689
355.109067	228.181792	122.250000	68.238486	-0.896320	-0.107878
289.203284	224.020007	122.500000	68.238486	-0.760137	-0.046294
242.295957	222.687112	122.750000	68.238486	-0.664632	-0.005776
207.172535	223.204883	123.000000	68.238486	-0.594396	0.021499
323.399170	246.735115	123.250000	54.963636	1.655886	0.332463
470.560299	262.954195	123.500000	54.963636	1.349442	0.182351
631.804030	270.039725	123.750000	54.963636	1.021239	0.038852
783.336273	268.328356	124.000000	54.963636	0.718598	-0.079596
973.603903	259.042862	124.250000	54.242077	0.697100	-0.201389
1115.896192	243.409589	124.500000	54.242077	0.422900	-0.284948
1210.131366	225.328389	124.750000	54.242077	0.247163	-0.324899
1268.531616	207.354740	125.000000	54.242077	0.143594	-0.336100
822.113265	193.983857	125.250000	39.519983	-1.365579	-0.110571
619.826266	193.287325	125.500000	39.519983	-0.955018	0.055091
504.182457	198.326651	125.750000	39.519983	-0.725435	0.138599
429.083093	206.620201	126.000000	39.519983	-0.580665	0.182659
340.335133	194.146998	126.250000	72.425974	-0.842939	-0.206126
280.523949	186.042147	126.500000	72.425974	-0.715918	-0.141587
237.479754	180.691993	126.750000	72.425974	-0.624989	-0.096152
205.012241	177.199002	127.000000	72.425974	-0.556892	-0.062993
461.657230	200.313151	127.250000	49.535892	2.968253	0.361385
874.902017	209.840756	127.500000	49.535892	2.138825	0.013021
1325.614178	200.974425	127.750000	49.535892	1.241991	-0.331398
1651.939022	179.216340	128.000000	49.535892	0.600134	-0.551857
1373.819841	160.050611	128.250000	55.197503	-0.503208	-0.344912
1255.984850	149.344722	128.500000	55.197503	-0.255203	-0.227547
1199.070527	142.305775	128.750000	55.197503	-0.134114	-0.167201
1170.032991	137.135098	129.000000	55.197503	-0.071109	-0.133266
864.048096	134.638687	129.250000	58.722216	-0.955151	0.030468
710.948908	137.984797	129.500000	58.722216	-0.647926	0.147873
619.944185	144.431132	129.750000	58.722216	-0.469341	0.208558
560.082475	152.853953	130.000000	58.722216	-0.355413	0.240034
500.213425	162.340605	130.250000	40.741555	-0.401670	0.253204
457.274037	173.282425	130.500000	40.741555	-0.323998	0.265932
424.905317	185.277419	130.750000	40.741555	-0.268502	0.268009
399.532403	198.010634	131.000000	40.741555	-0.227702	0.262957
746.424677	211.158862	131.250000	51.851374	2.145335	0.106507
1148.731641	207.929981	131.500000	51.851374	1.342454	-0.209775
1471.204062	191.094130	131.750000	51.851374	0.705829	-0.436474
1663.829810	168.531723	132.000000	51.851374	0.333807	-0.547451
1840.491403	145.116082	132.250000	50.061702	0.262093	-0.636065
1922.328222	123.295808	132.500000	50.061702	0.113300	-0.658830
1959.732996	104.633333	132.750000	50.061702	0.052331	-0.651755
1978.219626	89.081939	133.000000	50.061702	0.027365	-0.635517
982.114442	72.926537	133.250000	27.473109	-2.046744	-0.488122
650.527966	67.273788	133.500000	27.473109	-1.367758	-0.206850
484.796267	65.154837	133.750000	27.473109	-1.030660	-0.068372
385.325355	64.781261	134.000000	27.473109	-0.829598	0.012724
414.282465	74.438011	134.250000	42.029262	0.258953	0.535585
438.641019	84.657150	134.500000	42.029262	0.201882	0.495606
458.382126	95.355519	134.750000	42.029262	0.153667	0.458361
473.794164	106.447826	135.000000	42.029262	0.113810	0.423795
397.026265	115.547548	135.250000	38.254855	-0.641362	0.346818
342.900964	126.417339	135.500000	38.254855	-0.541091	0.368720
302.454873	138.798776	135.750000	38.254855	-0.469646	0.376545
270.878200	152.486949	136.000000	38.254855	-0.417134	0.374594
555.530744	171.639254	136.250000	51.798463	2.571578	0.338280
954.517600	178.958787	136.500000	51.798463	1.770108	0.004915
1339.498504	172.071594	136.750000	51.798463	1.002011	-0.291181
1600.069836	155.915943	137.000000	51.798463	0.488141	-0.469780
880.227488	140.328503	137.250000	35.898502	-1.822929	-0.184669
605.413010	138.532291	137.500000	35.898502	-1.263339	0.042449
460.015049	142.242451	137.750000	35.898502	-0.972272	0.152775
369.735978	149.034693	138.000000	35.898502	-0.795578	0.212125
526.558578	165.015821	138.250000	44.912023	1.255012	0.331409
689.655224	175.697374	138.500000	44.912023	0.919918	0.179232
834.328436	180.631683	138.750000	44.912023	0.625418	0.052959
945.958451	180.764888	139.000000	44.912023	0.400566	-0.037342
624.519504	168.892399	139.250000	67.004807	-1.387078	-0.154270
462.709891	165.731022	139.500000	67.004807	-1.057065	-0.016759
365.107993	166.834732	139.750000	67.004807	-0.860945	0.059942
299.686786	170.441448	140.000000	67.004807	-0.732007	0.105525
626.549304	188.541783	140.250000	50.885363	2.605591	0.252779
1072.328728	191.625797	140.500000	50.885363	1.713319	-0.109888
1475.139755	178.856166	140.750000	50.885363	0.912846	-0.409060
1726.939033	157.674700	141.000000	50.885363	0.419973	-0.570764
906.372334	128.955948	141.250000	27.723736	-1.937656	-0.528534
610.469358	117.435416	141.500000	27.723736	-1.327023	-0.264617
457.959176	112.033470	141.750000	27.723736	-1.014158	-0.130258
364.903144	109.661294	142.000000	27.723736	-0.824476	-0.050324
302.133961	110.904416	142.250000	29.353636	-0.698636	0.066486
256.826868	113.260291	142.500000	29.353636	-0.609345	0.098275
222.534823	116.419711	142.750000	29.353636	-0.542921	0.119561
195.635485	120.187155	143.000000	29.353636	-0.491882	0.133665
423.802948	140.329413	143.250000	48.154212	2.845052	0.505218
788.177953	153.052745	143.500000	48.154212	2.110492	0.189666
1198.670360	153.581323	143.750000	48.154212	1.287695	-0.140766
1514.952639	143.428544	144.000000	48.154212	0.657703	-0.375976
852.026034	130.446511	144.250000	35.429310	-1.775142	-0.160722
590.542666	129.306591	144.500000	35.429310	-1.243370	0.054135
450.268144	133.072543	144.750000	35.429310	-0.962769	0.160168
362.505592	139.650699	145.000000	35.429310	-0.791002	0.217900
710.901796	154.540906	145.250000	51.575074	2.333470	0.250255
1139.427030	157.160209	145.500000	51.575074	1.474317	-0.098260
1493.991256	147.720251	145.750000	51.575074	0.767302	-0.365530
1705.049014	132.073460	146.000000	51.575074	0.352247	-0.505371
904.430629	115.597304	146.250000	33.043767	-1.912556	-0.273053
611.804977	111.924584	146.500000	33.043767	-1.315000	-0.027623
459.920760	113.086672	146.750000	33.043767	-1.008700	0.093059
366.735554	116.860441	147.000000	33.043767	-0.823697	0.160789
303.173345	111.672624	147.250000	23.915228	-0.701870	-0.153908
257.680181	108.102392	147.500000	23.915228	-0.607444	-0.110096
223.507497	105.632425	147.750000	23.915228	-0.536742	-0.077634
196.892970	103.950114	148.000000	23.915228	-0.481906	-0.052851
175.905036	112.958119	148.250000	33.259425	-0.434806	0.331495
158.371921	122.643530	148.500000	33.259425	-0.407358	0.326224
143.456702	132.924976	148.750000	33.259425	-0.385652	0.317652
130.574134	143.708776	149.000000	33.259425	-0.368435	0.306437
144.242951	165.566968	149.250000	40.974494	0.376683	0.539979
157.565893	188.129254	149.500000	40.974494	0.331974	0.484205
170.229173	210.807221	149.750000	40.974494	0.288470	0.428698
181.969577	233.007607	150.000000	40.974494	0.247175	0.374858
207.289838	255.439046	150.250000	58.080255	0.488308	0.336675
232.185381	275.662036	150.500000	58.080255	0.422267	0.276201
255.948606	293.250038	150.750000	58.080255	0.360569	0.221881
278.022222	308.027901	151.000000	58.080255	0.304478	0.174523
334.928106	321.271640	151.250000	43.171927	0.685278	0.134506
391.322121	329.521253	151.500000	43.171927	0.565732	0.072667
444.301703	333.298041	151.750000	43.171927	0.456501	0.022492
491.730409	333.427857	152.000000	43.171927	0.361238	-0.015939
614.022370	330.531777	152.250000	44.561159	0.773456	-0.077590
724.050100	321.095800	152.500000	44.561159	0.560174	-0.147232
813.923848	307.527129	152.750000	44.561159	0.390360	-0.192461
882.129481	292.054611	153.000000	44.561159	0.265479	-0.216453
584.715637	245.491092	153.250000	26.419944	-1.378401	-0.554353
433.891162	219.085918	153.500000	26.419944	-1.051919	-0.378956
342.842500	202.280036	153.750000	26.419944	-0.854631	-0.271571
281.955736	190.884519	154.000000	26.419944	-0.722781	-0.199546
351.974985	210.544160	154.250000	56.666685	0.812153	0.346570
422.580774	226.905597	154.500000	56.666685	0.657715	0.257185
488.780861	239.458072	154.750000	56.666685	0.514950	0.178861
546.830133	248.247717	155.000000	56.666685	0.391387	0.114548
411.732599	215.913913	155.250000	23.047125	-1.004739	-0.481796
328.611048	194.362276	155.500000	23.047125	-0.819684	-0.371300
272.380796	178.992549	155.750000	23.047125	-0.694047	-0.295062
231.842048	167.528576	156.000000	23.047125	-0.603255	-0.239379
201.070997	170.098413	156.250000	69.705173	-0.542215	0.069665
176.684173	173.399905	156.500000	69.705173	-0.495858	0.082682
156.858899	177.227039	156.750000	69.705173	-0.459106	0.090968
140.408127	181.428504	157.000000	69.705173	-0.429444	0.095785
256.111020	208.250167	157.250000	54.025771	2.274716	0.478490
432.244133	229.366202	157.500000	54.025771	1.907834	0.295996
656.986405	240.592824	157.750000	54.025771	1.450461	0.093805
888.141420	240.262359	158.000000	54.025771	0.987485	-0.091203
602.331194	227.281188	158.250000	36.349215	-1.307253	-0.115218
453.475802	224.836571	158.500000	36.349215	-1.004153	0.010367
361.890684	227.621687	158.750000	36.349215	-0.821568	0.078852
299.643892	233.429474	159.000000	36.349215	-0.700809	0.117478
288.404312	248.444799	159.250000	59.650641	-0.148059	0.239241
278.246764	263.035320	159.500000	59.650641	-0.139386	0.218182
268.981070	277.034467	159.750000	59.650641	-0.132031	0.197582
260.468998	290.309615	160.000000	59.650641	-0.125612	0.177822
218.322271	275.938902	160.250000	29.873165	-0.662322	-0.174636
186.812259	265.803080	160.500000	29.873165	-0.590795	-0.128880
162.362786	258.573916	160.750000	29.873165	-0.535840	-0.094671
142.838383	253.419290	161.000000	29.873165	-0.492472	-0.068605
148.563708	274.886788	161.250000	40.477799	0.143662	0.302700
153.471308	294.787360	161.500000	40.477799	0.117867	0.258891
157.584147	312.857251	161.750000	40.477799	0.095123	0.219372
160.954017	328.963106	162.000000	40.477799	0.075439	0.184374
338.984631	349.677646	162.250000	47.948817	2.785364	0.151720
632.993953	352.405406	162.500000	47.948817	2.199268	-0.088008
999.840056	333.302472	162.750000	47.948817	1.481408	-0.343761
1328.542350	297.674231	163.000000	47.948817	0.848823	-0.537319
764.451100	245.754469	163.250000	30.186449	-1.742411	-0.543343
530.993587	222.025875	163.500000	30.186449	-1.249565	-0.305792
403.461390	209.449272	163.750000	30.186449	-0.981641	-0.177236
323.085105	202.580729	164.000000	30.186449	-0.813994	-0.098495
612.757374	219.719421	164.250000	52.325573	2.258991	0.192098
980.395464	221.713254	164.500000	52.325573	1.522937	-0.106226
1312.097202	208.812765	164.750000	52.325573	0.866124	-0.347689
1533.153489	187.658775	165.000000	52.325573	0.436227	-0.484261
1770.550794	163.236619	165.250000	49.656317	0.380252	-0.615886
1886.304000	138.924808	165.500000	49.656317	0.164638	-0.661214
1939.321293	117.687160	165.750000	49.656317	0.073995	-0.661674
1964.683041	99.924924	166.000000	49.656317	0.036829	-0.646588
979.756941	86.910529	166.250000	33.635913	-2.037325	-0.251860
649.880359	84.952791	166.500000	33.635913	-1.364820	0.020629
484.414534	86.995820	166.750000	33.635913	-1.031605	0.150577
384.762167	91.256873	167.000000	33.635913	-0.833891	0.222564
319.553534	98.289284	167.250000	65.101782	-0.686407	0.313658
272.431941	106.631785	167.500000	65.101782	-0.598255	0.334944
236.651898	116.116573	167.750000	65.101782	-0.533899	0.344789
208.443841	126.615880	168.000000	65.101782	-0.485615	0.346495
332.762053	146.915996	168.250000	54.921607	1.738052	0.525462
492.671434	164.097806	168.500000	54.921607	1.405552	0.363449
668.056159	175.874018	168.750000	54.921607	1.045322	0.199367
830.184681	181.371200	169.000000	54.921607	0.715533	0.058011
636.473856	181.927632	169.250000	60.075146	-0.895599	0.077828
524.824979	187.613038	169.500000	60.075146	-0.674631	0.156791
452.045298	196.277574	169.750000	60.075146	-0.534844	0.198229
400.664335	206.863206	170.000000	60.075146	-0.439871	0.218487
704.803229	220.044261	170.250000	52.678609	1.949933	0.114435
1048.724051	218.368373	170.500000	52.678609	1.262698	-0.158144
1331.691688	204.110619	170.750000	52.678609	0.704184	-0.357919
1511.549944	183.783967	171.000000	52.678609	0.356730	-0.462852
864.065994	166.929867	171.250000	62.626776	-1.719913	-0.167488
606.531067	165.152120	171.500000	62.626776	-1.195672	0.045490
467.770320	169.543443	171.750000	62.626776	-0.918639	0.149075
380.654117	177.364207	172.000000	62.626776	-0.749174	0.203812
309.401084	172.686328	172.250000	70.974137	-0.763046	-0.077132
259.286871	170.440168	172.500000	70.974137	-0.660341	-0.032211
222.092683	169.800056	172.750000	70.974137	-0.585006	-0.000957
193.370043	170.275961	173.000000	70.974137	-0.527648	0.021219
228.106748	192.439428	173.250000	42.245703	0.618833	0.454839
263.259233	213.632309	173.500000	42.245703	0.531540	0.384272
297.379478	233.126778	173.750000	42.245703	0.447604	0.317880
329.199300	250.406589	174.000000	42.245703	0.369989	0.257724
269.889855	241.950129	174.250000	69.206539	-0.737800	-0.108407
227.203051	236.925993	174.500000	69.206539	-0.647843	-0.063891
194.995246	234.178982	174.750000	69.206539	-0.580861	-0.032420
169.817830	233.008502	175.000000	69.206539	-0.529314	-0.009790
149.584450	231.129155	175.250000	30.014857	-0.488011	-0.023243
133.009677	230.261365	175.500000	30.014857	-0.454028	-0.008163
119.181416	230.146884	175.750000	30.014857	-0.426173	0.003193
107.468607	230.597770	176.000000	30.014857	-0.403025	0.011711
97.480737	236.757659	176.250000	32.242096	-0.383148	0.103303
88.727103	242.795007	176.500000	32.242096	-0.370429	0.098243
80.995934	248.655132	176.750000	32.242096	-0.359620	0.092715
74.123068	254.295671	177.000000	32.242096	-0.350359	0.086935
115.892247	284.974214	177.250000	55.583065	1.733673	0.409591
175.667090	311.618833	177.500000	55.583065	1.593511	0.308591
255.906983	332.061988	177.750000	55.583065	1.417387	0.203557
355.194086	344.651393	178.000000	55.583065	1.209272	0.098880
352.632700	346.852680	178.250000	41.484274	-0.027371	0.024346
350.364364	348.868519	178.500000	41.484274	-0.024439	0.022126
348.348834	350.708161	178.750000	41.484274	-0.021873	0.020056
346.552913	352.382212	179.000000	41.484274	-0.019615	0.018142
277.998573	333.783535	179.250000	66.319992	-0.813247	-0.175631
230.163379	322.185460	179.500000	66.319992	-0.707578	-0.113694
194.873562	315.006825	179.750000	66.319992	-0.630798	-0.070803
167.754607	310.770490	180.000000	66.319992	-0.572864	-0.040430
145.972052	305.000167	180.250000	67.503932	-0.534087	-0.061702
128.388090	301.221058	180.500000	67.503932	-0.495725	-0.039951
113.895949	298.890686	180.750000	67.503932	-0.464750	-0.023605
101.748194	297.629582	181.000000	67.503932	-0.439348	-0.011294
108.542593	318.875083	181.250000	40.687545	0.244070	0.253143
114.946248	337.776129	181.500000	40.687545	0.216086	0.210114
120.923260	354.211101	181.750000	40.687545	0.190927	0.172356
126.460167	368.207720	182.000000	40.687545	0.168600	0.139831
110.891139	348.721406	182.250000	30.810662	-0.503927	-0.193851
98.255827	334.014247	182.500000	30.810662	-0.466726	-0.154128
87.788473	322.739183	182.750000	30.810662	-0.436649	-0.123056
78.970809	314.001979	183.000000	30.810662	-0.411931	-0.098417
82.888500	334.364178	183.250000	40.298167	0.182270	0.230625
86.504036	352.379722	183.500000	40.298167	0.160576	0.191601
89.818437	368.001376	183.750000	40.298167	0.141400	0.157607
92.843447	381.306662	184.000000	40.298167	0.124658	0.128482
82.586402	369.331618	184.250000	33.127756	-0.454309	-0.112814
73.963016	360.281572	184.500000	33.127756	-0.429725	-0.087691
66.609608	353.408419	184.750000	33.127756	-0.409444	-0.067969
60.264908	348.185226	185.000000	33.127756	-0.392517	-0.052374
54.659559	338.507518	185.250000	31.421315	-0.381664	-0.101701
49.790947	330.864979	185.500000	31.421315	-0.365758	-0.082439
45.521576	324.796158	185.750000	31.421315	-0.352320	-0.066822
41.747194	319.961823	186.000000	31.421315	-0.340868	-0.054082
38.844869	328.958078	186.250000	64.466937	-0.288862	0.103532
36.133621	336.962795	186.500000	64.466937	-0.289851	0.089656
33.604962	344.044189	186.750000	64.466937	-0.290466	0.077483
31.249831	350.279060	187.000000	64.466937	-0.290750	0.066868
45.916498	377.489441	187.250000	43.823985	1.514195	0.267779
66.543973	400.337773	187.500000	43.823985	1.454858	0.205501
94.883873	418.218961	187.750000	43.823985	1.384134	0.146996
132.679058	430.738994	188.000000	43.823985	1.298848	0.091664
139.787084	432.464988	188.250000	58.924774	0.201344	0.011764
146.722314	433.313015	188.500000	58.924774	0.186775	0.004485
153.461015	433.463995	188.750000	58.924774	0.173159	-0.001236
159.982150	433.069180	189.000000	58.924774	0.160416	-0.005686
293.693415	438.890946	189.250000	46.581163	2.290421	-0.005491
495.868955	430.350375	189.500000	46.581163	1.895307	-0.149711
748.496779	406.270332	189.750000	46.581163	1.410229	-0.303783
999.751191	369.959228	190.000000	46.581163	0.935428	-0.433008
1248.730137	327.139574	190.250000	47.080702	0.678195	-0.541420
1417.250856	283.571114	190.500000	47.080702	0.372889	-0.590264
1517.920403	244.406549	190.750000	47.080702	0.200751	-0.593133
1575.544304	211.212415	191.000000	47.080702	0.110864	-0.573120
900.376786	189.548880	191.250000	61.586281	-1.700250	-0.204086
636.528754	186.066272	191.500000	61.586281	-1.161690	0.017538
495.476195	189.775205	191.750000	61.586281	-0.879435	0.124379
407.309127	197.346935	192.000000	61.586281	-0.707636	0.180478
327.773197	199.785522	192.250000	65.797574	-0.798456	0.075011
272.458272	204.575218	192.500000	65.797574	-0.690893	0.110052
231.660883	210.887287	192.750000	65.797574	-0.613868	0.130300
200.254133	218.206972	193.000000	65.797574	-0.556589	0.140941
427.384370	242.121239	193.250000	48.264989	2.785985	0.299438
784.593992	251.137054	193.500000	48.264989	2.068343	-0.003383
1185.075424	240.994123	193.750000	48.264989	1.274087	-0.304654
1497.047109	216.928728	194.000000	48.264989	0.664140	-0.508510
914.560085	197.077796	194.250000	39.794704	-1.500072	-0.182849
674.697621	193.891995	194.500000	39.794704	-1.010748	0.018563
543.766548	197.572485	194.750000	39.794704	-0.749008	0.117239
461.106888	204.968662	195.000000	39.794704	-0.588201	0.169232
383.387090	212.741511	195.250000	38.417294	-0.671332	0.169080
328.731073	222.705861	195.500000	38.417294	-0.569261	0.193228
287.975449	234.088122	195.750000	38.417294	-0.496396	0.203290
256.238871	246.361464	196.000000	38.417294	-0.442435	0.204278
544.095539	265.548294	196.250000	49.105405	2.706004	0.164023
963.206888	265.042893	196.500000	49.105405	1.871101	-0.169834
1377.595923	244.049035	196.750000	49.105405	1.055399	-0.461411
1660.043576	212.262299	197.000000	49.105405	0.509836	-0.626403
1649.472978	182.445045	197.250000	52.897466	-0.007179	-0.575080
1650.691799	159.017387	197.500000	52.897466	0.009481	-0.528882
1655.912360	139.968064	197.750000	52.897466	0.014420	-0.494779
1662.069811	124.130198	198.000000	52.897466	0.014827	-0.467915
892.368755	109.001400	198.250000	67.411102	-1.885669	-0.269378
606.421932	105.538026	198.500000	67.411102	-1.301968	-0.029861
457.026952	106.545541	198.750000	67.411102	-1.000611	0.089095
365.049848	109.985452	199.000000	67.411102	-0.817790	0.156509
456.394966	124.335971	199.250000	43.612576	0.800072	0.441843
543.965394	137.110661	199.500000	43.612576	0.614373	0.346040
620.644742	147.847473	199.750000	43.612576	0.451856	0.262923
682.628743	156.466206	200.000000	43.612576	0.320345	0.195770
526.582386	160.887923	200.250000	61.468690	-0.903250	0.161292
431.190147	168.976397	200.500000	61.468690	-0.717227	0.222209
366.525215	179.438724	200.750000	61.468690	-0.595325	0.253459
319.533584	191.570360	201.000000	61.468690	-0.510474	0.267066
539.161540	209.582276	201.250000	46.308345	1.865496	0.255181
802.495798	216.889135	201.500000	46.308345	1.333433	0.029685
1048.544381	212.917316	201.750000	46.308345	0.842499	-0.160356
1231.487302	200.993274	202.000000	46.308345	0.483199	-0.284236
1396.325710	184.785758	202.250000	46.759822	0.362981	-0.378596
1490.680837	167.047722	202.500000	46.759822	0.186186	-0.419514
1541.606527	150.198575	202.750000	46.759822	0.096561	-0.427007
1569.269983	135.102756	203.000000	46.759822	0.052684	-0.419134
1799.690237	119.589938	203.250000	50.352596	0.356216	-0.551698
1908.035705	103.285931	203.500000	50.352596	0.149049	-0.607145
1955.604995	88.584019	203.750000	50.352596	0.064131	-0.616345
1977.237799	75.996263	204.000000	50.352596	0.030320	-0.608652
986.645189	66.869594	204.250000	66.117812	-2.032107	-0.206897
655.470803	66.088385	204.500000	66.117812	-1.357911	0.064245
489.482207	68.417062	204.750000	66.117812	-1.023872	0.194023
389.571754	72.555414	205.000000	66.117812	-0.825542	0.266454
357.141651	82.004909	205.250000	39.593175	-0.321442	0.492422
331.493992	92.751502	205.500000	39.593175	-0.278499	0.491589
310.562316	104.794521	205.750000	39.593175	-0.246091	0.484364
293.007955	118.104451	206.000000	39.593175	-0.221495	0.471883
372.091367	134.856005	206.250000	56.578082	0.872751	0.483942
452.459754	150.309976	206.500000	56.578082	0.699542	0.388639
527.549605	163.743338	206.750000	56.578082	0.538255	0.301480
592.406853	174.812306	207.000000	56.578082	0.399174	0.227171
500.289700	182.197368	207.250000	40.033156	-0.596516	0.190996
438.035420	191.958660	207.500000	40.033156	-0.478900	0.221708
392.980155	203.314170	207.750000	40.033156	-0.397317	0.235308
358.695330	215.748959	208.000000	40.033156	-0.338334	0.238040
292.364277	213.466797	208.250000	32.014657	-0.757151	-0.016787
245.109303	213.686878	208.500000	32.014657	-0.662194	0.020893
209.692322	215.546341	208.750000	32.014657	-0.592446	0.045714
182.127882	218.516898	209.000000	32.014657	-0.539418	0.061965
256.713406	243.040634	209.250000	44.008030	1.289784	0.372845
345.728133	262.953160	209.500000	44.008030	1.096214	0.261781
442.788008	276.853309	209.750000	44.008030	0.891027	0.156140
538.987891	284.342286	210.000000	44.008030	0.692323	0.063866
408.699998	274.624457	210.250000	64.448410	-0.988618	-0.085083
326.729450	271.595030	210.500000	64.448410	-0.820815	-0.012706
270.284295	272.406026	210.750000	64.448410	-0.707757	0.031255
228.958854	275.583322	211.000000	64.448410	-0.627141	0.058226
283.904697	294.629698	211.250000	43.152166	0.800023	0.228378
341.118347	308.876774	211.500000	43.152166	0.674148	0.153927
397.404294	318.258630	211.750000	43.152166	0.553897	0.089907
449.871380	323.212902	212.000000	43.152166	0.444734	0.037781
420.255179	323.023747	212.250000	58.832204	-0.245263	0.008423
397.650731	324.404281	212.500000	58.832204	-0.200907	0.023889
379.904503	326.785110	212.750000	58.832204	-0.167143	0.033421
365.650182	329.784308	213.000000	58.832204	-0.140907	0.038893
609.065236	334.231056	213.250000	53.304056	1.796929	-0.045549
888.616494	321.801334	213.500000	53.304056	1.247659	-0.244909
1137.490697	296.446936	213.750000	53.304056	0.767706	-0.394613
1315.399273	265.405588	214.000000	53.304056	0.433680	-0.476152
771.869466	234.697448	214.250000	35.728840	-1.685665	-0.292697
542.285824	224.780498	214.500000	35.728840	-1.211928	-0.086130
415.346381	223.332129	214.750000	35.728840	-0.954186	0.019598
334.570107	226.320168	215.000000	35.728840	-0.793663	0.078900
277.218171	230.622921	215.250000	35.115957	-0.701748	0.091757
235.159000	236.703564	215.500000	35.115957	-0.621989	0.113493
202.915369	243.922451	215.750000	35.115957	-0.562942	0.125014
177.353886	251.849406	216.000000	35.115957	-0.517928	0.129720
325.934894	276.645543	216.250000	46.389421	2.272214	0.291907
544.213006	290.059128	216.500000	46.389421	1.827230	0.090922
803.711769	288.801511	216.750000	46.389421	1.309578	-0.114525
1046.096376	274.324354	217.000000	46.389421	0.834433	-0.280629
1094.304334	254.331470	217.250000	54.880576	0.144376	-0.301102
1126.538533	236.176858	217.500000	54.880576	0.093944	-0.290708
1148.319052	220.032161	217.750000	54.880576	0.062997	-0.275896
1163.442879	205.801751	218.000000	54.880576	0.043952	-0.259546
989.767861	195.403990	218.250000	43.254204	-0.494762	-0.139288
898.362089	190.965812	218.500000	43.254204	-0.306197	-0.056268
845.008518	189.531617	218.750000	43.254204	-0.197227	-0.010197
811.884790	189.755067	219.000000	43.254204	-0.130534	0.016147
688.658930	191.020976	219.250000	58.432511	-0.550730	0.068096
612.725342	195.746183	219.500000	58.432511	-0.401270	0.120029
561.749017	202.510884	219.750000	58.432511	-0.303954	0.147644
525.436464	210.535842	220.000000	58.432511	-0.237274	0.160868
404.232247	209.864903	220.250000	64.900479	-0.941541	0.030100
326.362971	213.141026	220.500000	64.900479	-0.787138	0.086458
271.959093	218.804061	220.750000	64.900479	-0.682116	0.119017
231.688394	225.995868	221.000000	64.900479	-0.606859	0.137079
403.469393	248.142306	221.250000	46.158811	2.036084	0.284052
632.785084	259.423170	221.500000	46.158811	1.569935	0.078218
878.455540	257.778296	221.750000	46.158811	1.079260	-0.115708
1087.944207	245.464792	222.000000	46.158811	0.667799	-0.259890
1088.106167	229.574142	222.250000	55.225324	0.005869	-0.253152
1090.627513	216.216500	222.500000	55.225324	0.011610	-0.228341
1094.159660	204.771183	222.750000	55.225324	0.013752	-0.208199
1097.999791	194.823632	223.000000	55.225324	0.014055	-0.191321
687.625260	174.313956	223.250000	68.784269	-1.527050	-0.292810
496.605708	166.049627	223.500000	68.784269	-1.133403	-0.121209
386.071231	163.265489	223.750000	68.784269	-0.907920	-0.026206
313.913874	163.513409	224.000000	68.784269	-0.762654	0.031563
641.599347	180.913449	224.250000	48.724182	2.515809	0.254385
1076.221552	184.121180	224.500000	48.724182	1.645293	-0.099751
1461.925228	172.551083	224.750000	48.724182	0.878126	-0.387586
1702.125475	153.075140	225.000000	48.724182	0.407395	-0.543294
1244.576664	138.962728	225.250000	56.555089	-0.879605	-0.228361
1056.510999	134.392685	225.500000	56.555089	-0.494023	-0.066260
960.177753	133.702155	225.750000	56.555089	-0.298418	0.013232
905.126528	134.953343	226.000000	56.555089	-0.188136	0.055290
887.307024	137.187249	226.250000	56.361581	-0.064482	0.069844
875.724301	139.694814	226.500000	56.361581	-0.043126	0.074180
867.967365	142.335306	226.750000	56.361581	-0.029603	0.075156
862.605332	145.019823	227.000000	56.361581	-0.020951	0.074108
1329.853702	143.369607	227.250000	49.728216	1.291669	-0.218689
1669.712811	130.978159	227.500000	49.728216	0.614903	-0.468829
1849.634774	114.527050	227.750000	49.728216	0.262847	-0.582056
1931.051495	98.475587	228.000000	49.728216	0.110171	-0.616109
991.309472	88.578546	228.250000	36.904284	-1.952092	-0.131967
669.748482	89.065698	228.500000	36.904284	-1.298616	0.128798
507.002416	93.616292	228.750000	36.904284	-0.972953	0.251519
408.405813	100.627754	229.000000	36.904284	-0.779586	0.317156
490.730385	113.323034	229.250000	56.580854	0.651328	0.431851
565.436274	124.858545	229.500000	56.580854	0.492255	0.348798
628.083762	134.952429	229.750000	56.580854	0.358331	0.278220
677.180761	143.568453	230.000000	56.580854	0.252684	0.221438
800.317864	150.401338	230.250000	55.425239	0.551466	0.134217
894.724527	153.770503	230.500000	55.425239	0.358711	0.051352
960.725009	154.568900	230.750000	55.425239	0.224996	-0.003546
1004.080890	153.706954	231.000000	55.425239	0.138183	-0.036866
653.094932	144.445243	231.250000	66.905874	-1.424522	-0.124208
480.796906	142.925231	231.500000	66.905874	-1.074490	0.018530
378.228232	145.189692	231.750000	66.905874	-0.869239	0.096921
310.027353	149.716478	232.000000	66.905874	-0.735422	0.142904
260.853863	152.874709	232.250000	68.724263	-0.647154	0.098250
224.030829	157.139073	232.500000	68.724263	-0.576508	0.119376
195.372952	162.194931	232.750000	68.724263	-0.522956	0.132325
172.395908	167.824503	233.000000	68.724263	-0.481306	0.139544
167.016354	186.969553	233.250000	60.990997	-0.129025	0.415712
161.614044	206.513360	233.500000	60.990997	-0.133852	0.380956
156.196548	226.119778	233.750000	60.990997	-0.138705	0.346072
150.781086	245.451636	234.000000	60.990997	-0.143346	0.311724
144.775773	263.973458	234.250000	38.897714	-0.163898	0.275614
138.918062	281.665517	234.500000	38.897714	-0.166345	0.244881
133.224235	298.316239	234.750000	38.897714	-0.168289	0.216093
127.711336	313.775128	235.000000	38.897714	-0.169643	0.189538
296.816369	338.948997	235.250000	49.555230	3.184211	0.214336
610.185176	346.131672	235.500000	49.555230	2.557465	-0.049185
1038.748181	328.468995	235.750000	49.555230	1.716272	-0.356831
1436.702687	290.353316	236.000000	49.555230	0.946438	-0.601209
807.343833	249.032881	236.250000	65.040745	-1.793863	-0.381731
556.115105	234.217424	236.500000	65.040745	-1.271901	-0.147552
420.798050	229.592437	236.750000	65.040745	-0.994567	-0.028614
336.035811	230.135324	237.000000	65.040745	-0.823999	0.038830
275.679916	224.557103	237.250000	30.950470	-0.735220	-0.071413
232.218826	221.819211	237.500000	30.950470	-0.645543	-0.030865
199.406740	220.967262	237.750000	30.950470	-0.578868	-0.002711
173.739139	221.417766	238.000000	30.950470	-0.527638	0.017060
201.666405	244.671078	238.250000	42.062369	0.560497	0.366612
229.789963	265.872018	238.500000	42.062369	0.487241	0.301613
257.189542	284.457514	238.750000	42.062369	0.417483	0.242391
283.066875	300.137449	239.000000	42.062369	0.353062	0.190182
240.678802	302.482056	239.250000	36.799053	-0.611040	0.044095
208.324096	306.604133	239.500000	36.799053	-0.549279	0.061922
182.757434	311.837648	239.750000	36.799053	-0.502092	0.072033
162.003946	317.734479	240.000000	36.799053	-0.465130	0.076928
141.224528	290.424663	240.250000	25.387648	-0.519887	-0.326766
124.844998	269.638447	240.500000	25.387648	-0.470265	-0.271815
111.590788	253.397389	240.750000	25.387648	-0.430596	-0.228534
100.638046	240.447420	241.000000	25.387648	-0.398205	-0.193726
164.748830	270.033416	241.250000	55.080627	1.894986	0.410126
257.937196	294.504534	241.500000	55.080627	1.690158	0.286862
380.949314	311.065141	241.750000	55.080627	1.431830	0.155406
524.764488	317.947941	242.000000	55.080627	1.139054	0.026397
599.573868	315.848201	242.250000	43.836983	0.463911	-0.051930
662.364277	310.091676	242.500000	43.836983	0.342377	-0.090972
712.388296	302.081004	242.750000	43.836983	0.248214	-0.115234
750.790639	292.959105	243.000000	43.836983	0.178269	-0.127910
568.514083	281.617003	243.250000	39.372710	-0.950427	-0.085559
462.106522	279.241497	243.500000	39.372710	-0.733597	0.005377
392.146837	281.668186	243.750000	39.372710	-0.594503	0.057060
342.459302	286.916516	244.000000	39.372710	-0.498669	0.086650
408.344025	298.692260	244.250000	56.648657	0.636589	0.125131
470.604083	305.551798	244.500000	56.648657	0.506291	0.061332
526.080273	308.177193	244.750000	56.648657	0.392863	0.011422
573.094280	307.513027	245.000000	56.648657	0.298970	-0.025113
485.677777	302.711035	245.250000	40.375141	-0.582265	-0.027944
426.814951	302.626956	245.500000	40.375141	-0.463566	0.019798
384.456794	305.359219	245.750000	40.375141	-0.380485	0.048514
352.474697	309.823549	246.000000	40.375141	-0.319735	0.065359
298.357898	310.711118	246.250000	38.100319	-0.617951	0.029843
258.373208	314.156204	246.500000	38.100319	-0.540257	0.055200
227.514318	319.190642	246.750000	38.100319	-0.482248	0.069987
202.894611	325.192607	247.000000	38.100319	-0.437590	0.077792
182.224117	331.465744	247.250000	62.004630	-0.412976	0.078041
164.997657	338.045408	247.500000	62.004630	-0.383664	0.078718
150.389466	344.705440	247.750000	62.004630	-0.359684	0.077121
137.823352	351.283786	248.000000	62.004630	-0.339744	0.074041
120.595839	335.101949	248.250000	30.970428	-0.512206	-0.167413
106.642512	322.921838	248.500000	30.970428	-0.474389	-0.131710
95.106219	313.641687	248.750000	30.970428	-0.443769	-0.103788
85.406777	306.519907	249.000000	30.970428	-0.418578	-0.081684
96.833182	329.514173	249.250000	41.434188	0.482544	0.263254
108.680721	349.617257	249.500000	41.434188	0.442732	0.213454
120.798962	366.638110	249.750000	41.434188	0.404837	0.169597
133.039920	380.594105	250.000000	41.434188	0.369145	0.131773
