rep	outcome	time
1	-1	3941.856447
2	-1	2145.228390
3	1	387.014817
4	1	595.366639
5	-1	2556.329891
6	1	672.131614
7	-1	2421.327798
8	1	867.220303
9	-1	13663.183180
10	-1	1275.009283
11	-1	1150.023560
12	-1	6003.496004
13	-1	1184.796751
14	-1	9699.203914
15	-1	5276.961694
16	1	336.202824
17	-1	3599.439297
18	1	1469.167272
19	1	1277.173181
20	-1	7292.607506
21	-1	1446.206839
22	-1	710.922772
23	-1	3222.654009
24	-1	3752.132726
25	1	1811.051435
26	-1	4364.908960
27	-1	2954.635235
28	-1	1113.523610
29	-1	3667.543184
30	-1	1966.993340
31	1	2002.382044
32	1	579.880069
33	1	4826.917875
34	-1	3135.403174
35	-1	1543.418394
36	-1	1981.983482
37	-1	1000.277476
38	-1	1599.909083
39	1	853.087821
40	-1	1309.538169
41	-1	4314.508712
42	-1	7887.974528
43	-1	1469.004016
44	1	1296.640521
45	-1	2179.793525
46	1	358.680632
47	-1	3623.565699
48	1	590.028512
49	-1	3450.118774
50	1	741.888910
51	1	3323.350714
52	-1	3547.891384
53	-1	4785.266412
54	0	15000.006950
55	-1	6963.726165
56	-1	2289.890281
57	-1	2149.219731
58	-1	2594.335697
59	-1	5143.592852
60	-1	5697.481924
61	-1	3468.057300
62	-1	2134.366250
63	1	13811.001272
64	-1	1540.660151
65	-1	2363.496422
66	-1	9170.171563
67	1	4732.494403
68	1	1167.639446
69	1	1810.604054
70	-1	6267.772625
71	1	6640.135000
72	-1	6308.394065
73	-1	2911.742495
74	-1	4182.186791
75	-1	1654.441132
76	1	4776.358273
77	-1	3259.009934
78	1	1429.069254
79	1	1226.237399
80	1	781.320686
81	-1	948.462443
82	-1	1090.183833
83	-1	6983.932341
84	0	15000.112876
85	1	5315.529200
86	1	940.900373
87	-1	3209.874723
88	-1	938.210643
89	1	1685.698690
90	1	541.279760
91	-1	1531.049711
92	-1	1959.821889
93	1	2544.027963
94	1	374.573893
95	-1	12772.448094
96	-1	6155.528514
97	1	885.643477
98	-1	6755.930072
99	1	546.503413
100	-1	1319.248259
101	-1	4281.805227
102	1	2312.709063
103	-1	2320.896863
104	-1	3364.449567
105	-1	6687.461893
106	1	641.118644
107	-1	1948.647174
108	1	4100.558379
109	1	3388.767930
110	1	444.527988
111	-1	6221.869843
112	1	861.622119
113	1	410.624729
114	-1	5115.317445
115	1	1062.715972
116	1	1326.984347
117	-1	6913.668835
118	-1	11256.255087
119	1	1128.604414
120	-1	2931.990242
121	1	13598.001370
122	-1	4205.038871
123	1	1793.788459
124	-1	1664.046528
125	-1	4389.436637
126	1	3086.897478
127	1	493.786836
128	-1	1053.883069
129	-1	3398.539887
130	-1	2946.124818
131	1	2876.885609
132	-1	690.376001
133	-1	3343.570058
134	1	953.073739
135	1	967.095921
136	-1	11792.661834
137	-1	12135.555240
138	1	1287.589219
139	-1	4106.804982
140	-1	2360.423811
141	-1	790.379340
142	0	15000.077039
143	-1	5912.914997
144	-1	2142.520160
145	1	516.697715
146	1	474.672495
147	-1	7872.245313
148	-1	11070.101777
149	-1	1617.626249
150	-1	3820.764963
151	1	5648.677581
152	1	14780.888742
153	1	2860.534704
154	-1	10378.437908
155	-1	1810.663199
156	-1	3946.000864
157	-1	1595.928216
158	1	497.001513
159	-1	3674.005377
160	1	1943.876108
161	1	2559.549913
162	1	4567.288542
163	-1	6749.534524
164	-1	9015.283800
165	-1	7496.553889
166	-1	910.340136
167	-1	2891.662062
168	1	3538.537562
169	-1	1552.774495
170	1	1530.269551
171	0	15000.896930
172	-1	4983.466082
173	-1	3333.047745
174	-1	4377.662367
175	-1	1614.839787
176	1	2441.601430
177	-1	960.588930
178	1	2456.655607
179	1	1857.952643
180	-1	3924.099586
181	0	15000.058121
182	1	429.965226
183	1	1645.658373
184	-1	1981.920954
185	-1	6117.093692
186	-1	3323.617239
187	1	2217.144964
188	-1	3760.729531
189	1	3208.195464
190	-1	5065.768642
191	1	13006.460468
192	1	9567.363561
193	-1	791.026408
194	1	2145.571186
195	-1	744.849420
196	-1	825.240900
197	-1	3969.720267
198	1	3400.546372
199	0	15000.456680
200	1	963.070680
201	1	8525.992133
202	1	3455.277317
203	1	5624.124628
204	-1	2204.101750
205	-1	2804.414819
206	-1	1555.434677
207	1	5356.809647
208	1	748.363157
209	-1	2491.873767
210	-1	1532.310002
211	-1	4244.703596
212	-1	2628.385327
213	1	1903.139384
214	-1	2129.419887
215	1	4085.038475
216	-1	4306.138016
217	-1	1145.917332
218	1	563.547328
219	-1	4768.792644
220	1	395.486881
221	1	474.383650
222	1	7661.695021
223	-1	1579.940801
224	-1	991.609039
225	1	7447.558371
226	1	416.354051
227	-1	1085.948837
228	-1	1169.833235
229	-1	4330.752038
230	1	1900.608084
231	-1	7719.182147
232	-1	5044.528671
233	-1	3086.487456
234	-1	3040.037111
235	-1	2784.433826
236	1	1356.167693
237	-1	2480.545051
238	1	7806.283926
239	1	422.192871
240	1	474.504081
241	1	1798.693795
242	-1	720.648109
243	-1	7516.944900
244	-1	2459.672281
245	-1	3980.242385
246	1	3386.567400
247	-1	1124.431415
248	-1	4866.127082
249	1	4652.099935
250	-1	11973.515054
251	1	893.923253
252	-1	7884.659042
253	-1	5709.065151
254	1	473.254354
255	-1	959.396404
256	1	673.946967
257	1	379.104727
258	-1	2719.513405
259	1	357.961273
260	-1	798.098737
261	1	2286.708727
262	-1	883.606776
263	-1	1571.368433
264	1	6754.211269
265	-1	2211.412162
266	-1	14848.504789
267	1	560.768710
268	-1	13645.467722
269	1	1730.946836
270	-1	6524.882494
271	-1	781.977311
272	-1	1346.868623
273	-1	1826.274780
274	-1	1429.373156
275	-1	2621.199269
276	-1	6766.420176
277	1	530.275800
278	1	448.984898
279	-1	804.920952
280	-1	1911.948373
281	-1	2980.407782
282	-1	7687.044373
283	1	3374.271122
284	-1	2445.124006
285	1	456.685598
286	-1	2955.575506
287	-1	1513.251896
288	1	1151.247636
289	1	569.549538
290	1	581.167197
291	1	2524.195788
292	-1	3322.613594
293	-1	2267.389157
294	-1	4944.592390
295	1	2655.323157
296	-1	1207.069629
297	-1	3141.971628
298	1	1825.875450
299	-1	798.726015
300	-1	3554.106753
301	1	1608.905720
302	-1	2389.126780
303	1	2430.318730
304	-1	994.864910
305	-1	817.401629
306	-1	2067.662355
307	-1	3174.006964
308	-1	6718.929340
309	-1	7044.102388
310	1	1525.070657
311	1	3674.493691
312	-1	12636.238654
313	1	7239.450570
314	-1	6465.107993
315	-1	1077.694442
316	-1	3399.102787
317	-1	1083.977739
318	-1	7059.078073
319	-1	875.752104
320	1	6121.063416
321	-1	6429.418956
322	-1	4454.914193
323	-1	1514.363112
324	-1	5837.403251
325	-1	2682.021282
326	1	1306.263770
327	-1	6394.272040
328	1	531.647294
329	1	518.800133
330	1	2097.867019
331	-1	1729.884877
332	1	2470.522411
333	1	1375.288569
334	1	2302.382962
335	-1	5493.135536
336	-1	1319.269517
337	-1	4983.982930
338	-1	2322.830925
339	-1	3039.803909
340	1	674.399349
341	1	399.110904
342	-1	5865.156753
343	-1	5271.587783
344	-1	2939.836265
345	-1	3953.156357
346	1	435.935837
347	1	6808.795660
348	1	4370.875399
349	-1	3338.007897
350	-1	3178.490103
351	-1	3472.941891
352	-1	5408.676265
353	-1	4058.836670
354	1	339.922421
355	-1	1430.844806
356	-1	915.298971
357	1	2270.656794
358	-1	2246.310682
359	1	706.145762
360	1	1641.043440
361	-1	7321.788920
362	-1	5723.369535
363	1	896.850865
364	-1	2339.490574
365	1	4591.211340
366	1	1787.204730
367	-1	5124.757173
368	-1	1979.981887
369	0	15000.396233
370	-1	958.028422
371	-1	6579.587785
372	-1	6175.252975
373	-1	13982.550473
374	1	3540.882962
375	-1	2378.224487
376	-1	3181.536882
377	1	1470.501933
378	-1	1577.190482
379	-1	2356.283762
380	1	1562.219769
381	1	3746.546344
382	-1	5144.862712
383	-1	5719.603341
384	-1	9001.426326
385	1	1383.042215
386	-1	6562.290146
387	-1	9675.005259
388	-1	3050.421605
389	-1	1280.593618
390	-1	1616.686038
391	-1	5476.955333
392	1	2782.245824
393	-1	11092.604610
394	1	547.517766
395	1	1083.100894
396	-1	2779.987406
397	-1	1843.680586
398	1	825.185116
399	-1	1295.920618
400	1	352.652725
401	-1	2043.033808
402	1	5059.380098
403	-1	6157.197405
404	-1	4037.381640
405	-1	3173.930920
406	1	878.433628
407	-1	1543.398992
408	1	768.887322
409	-1	6479.395196
410	1	505.637784
411	1	5816.231291
412	1	712.016653
413	1	1737.641414
414	1	1148.061254
415	-1	2764.128568
416	-1	778.306464
417	-1	3603.280919
418	-1	7677.925421
419	-1	6437.196381
420	-1	1561.653458
421	-1	3971.548960
422	-1	5361.743912
423	-1	2169.799518
424	1	734.494301
425	1	902.541163
426	1	2691.779644
427	1	2115.825997
428	1	6187.871072
429	1	434.238022
430	-1	6683.989929
431	1	1930.351753
432	1	580.514198
433	1	383.383466
434	-1	1415.224776
435	1	1952.197202
436	-1	6758.000968
437	1	3377.485242
438	1	1799.373462
439	-1	2437.111506
440	-1	2680.579744
441	1	1253.498804
442	1	458.671354
443	-1	9331.881757
444	-1	1747.035007
445	-1	963.730136
446	-1	1225.169621
447	1	3777.954661
448	1	1199.559976
449	-1	911.485390
450	-1	5990.338905
451	1	896.471814
452	1	10382.574567
453	-1	2184.617729
454	-1	6819.167065
455	1	3398.861302
456	-1	7504.913143
457	1	697.445127
458	1	442.379975
459	-1	4781.665866
460	-1	3204.523375
461	-1	2597.311917
462	-1	3832.522468
463	1	13734.070254
464	-1	2681.552310
465	-1	5786.767587
466	-1	2673.492991
467	-1	5525.195219
468	-1	3441.607279
469	-1	3061.975637
470	1	3486.997518
471	-1	7590.031443
472	1	518.403874
473	-1	917.726067
474	-1	1370.164182
475	1	657.995585
476	-1	4774.557274
477	1	1564.026967
478	1	1304.328076
479	1	2592.974099
480	1	1178.340320
481	-1	2548.456938
482	-1	1591.773200
483	-1	1547.746572
484	-1	1081.452890
485	1	5780.201489
486	-1	1365.978089
487	1	7435.301264
488	-1	1795.519878
489	1	2847.261798
490	-1	4577.647368
491	0	15000.005273
492	-1	3474.511099
493	-1	2552.107124
494	-1	14553.576242
495	1	1128.821321
496	-1	2318.449039
497	1	6509.412424
498	0	15000.303283
499	-1	1416.991862
500	-1	1724.745740
501	1	2991.303870
502	-1	689.278061
503	1	1174.217701
504	-1	5939.779851
505	0	15000.035440
506	-1	3031.752441
507	-1	2911.777582
508	-1	2760.887632
509	1	1393.898775
510	-1	6276.979384
511	-1	1046.726534
512	-1	7369.618247
513	1	6266.842466
514	-1	5355.048278
515	-1	5626.090852
516	1	1897.574378
517	-1	962.559632
518	1	2191.069911
519	-1	2916.908296
520	-1	1648.663394
521	-1	6344.822825
522	-1	952.332500
523	-1	1377.512863
524	1	758.108879
525	-1	1191.725721
526	-1	10185.894807
527	1	1169.510246
528	-1	3091.861016
529	-1	13356.119729
530	1	8918.249764
531	-1	3349.376689
532	-1	10266.446584
533	1	970.674335
534	1	8433.622606
535	1	653.975279
536	-1	1158.618336
537	1	8720.003347
538	1	1182.128962
539	1	848.131172
540	1	1978.577761
541	-1	1457.298446
542	-1	3525.269188
543	-1	1425.141519
544	-1	4741.562009
545	1	948.995037
546	1	1659.946679
547	-1	3653.216019
548	-1	2649.670596
549	-1	3043.076243
550	1	665.452375
551	-1	2395.529268
552	-1	1151.370955
553	-1	1948.739713
554	1	773.757132
555	1	13468.408369
556	-1	5702.035016
557	-1	3348.549465
558	1	370.237405
559	1	4184.904488
560	-1	2755.028814
561	-1	1800.043768
562	1	1271.074735
563	-1	1550.121162
564	1	944.634173
565	1	3754.401747
566	-1	1565.665774
567	-1	786.269147
568	1	6761.701563
569	-1	2468.172883
570	1	1409.652949
571	-1	7024.494753
572	-1	7870.796240
573	-1	1194.947410
574	-1	3318.441059
575	-1	3283.680604
576	-1	4613.683728
577	-1	2654.568089
578	1	1204.330739
579	1	1563.122366
580	-1	5442.970244
581	1	725.968565
582	-1	1665.644788
583	1	5100.429405
584	1	1314.681741
585	1	1849.874021
586	-1	1596.815227
587	1	1317.989640
588	1	429.773246
589	1	415.177465
590	-1	3173.559602
591	1	345.820716
592	-1	3313.702852
593	-1	5286.757402
594	-1	3529.782911
595	-1	2063.245372
596	-1	4551.289742
597	1	1222.104782
598	-1	1700.781836
599	-1	4287.111950
600	-1	1832.012972
601	-1	7533.605959
602	-1	789.754768
603	-1	1145.429684
604	1	479.825748
605	1	528.201171
606	-1	1495.773338
607	1	552.181314
608	1	1438.691349
609	1	8496.518889
610	-1	960.499819
611	1	8541.338669
612	1	2693.436856
613	0	15001.380946
614	1	6182.071279
615	-1	4228.156135
616	-1	2197.348270
617	-1	8079.156882
618	-1	3503.705349
619	-1	4926.718460
620	1	1206.082020
621	1	2167.681298
622	1	440.194424
623	1	3402.494300
624	1	646.487506
625	1	3630.319189
626	-1	2969.600338
627	1	967.739207
628	-1	4551.768329
629	1	2816.928765
630	1	483.971989
631	1	381.586168
632	1	2996.549417
633	1	565.784008
634	-1	1948.918545
635	1	6734.683523
636	1	1072.257760
637	-1	1780.523447
638	1	7333.193479
639	-1	2970.292579
640	-1	2596.353370
641	-1	2674.206063
642	-1	5964.976454
643	1	638.185452
644	-1	912.266221
645	-1	1074.058655
646	-1	3145.485086
647	1	1074.090640
648	1	3054.776491
649	1	7527.231621
650	-1	11484.149939
651	-1	7687.965195
652	-1	3803.407722
653	-1	7948.110910
654	-1	4315.189776
655	1	950.496344
656	-1	3353.350755
657	-1	1379.607871
658	-1	1833.075962
659	-1	860.647002
660	-1	1816.718981
661	1	567.437527
662	1	778.690733
663	1	1168.294530
664	-1	821.316408
665	-1	8525.553673
666	1	1137.172525
667	-1	1799.678060
668	-1	11545.465766
669	1	403.876201
670	1	3739.660523
671	-1	1256.883904
672	-1	3984.755668
673	1	1029.397192
674	-1	11869.003169
675	1	1627.846088
676	-1	3846.740556
677	-1	993.952716
678	1	794.082451
679	-1	2034.983965
680	-1	1150.690458
681	1	6584.760501
682	1	5815.537755
683	1	391.861503
684	-1	10141.996139
685	-1	1593.436122
686	-1	1900.515912
687	-1	8522.249602
688	1	3316.042118
689	-1	3391.775131
690	1	5841.567281
691	-1	3233.238372
692	1	2632.612633
693	1	1018.086554
694	-1	3637.896029
695	1	2799.189970
696	-1	1299.158920
697	-1	7074.388367
698	-1	1790.452250
699	-1	1271.666751
700	1	518.851901
701	-1	3791.945002
702	-1	1372.291879
703	1	1374.264831
704	-1	1493.246386
705	-1	1963.350823
706	1	2835.269838
707	-1	1081.909832
708	0	15000.009127
709	1	5889.605985
710	1	741.952464
711	-1	7732.616248
712	1	787.503810
713	-1	8221.589814
714	1	1392.321362
715	-1	4908.260872
716	-1	3179.036075
717	-1	4777.385647
718	-1	7797.075095
719	1	1627.177247
720	1	341.360555
721	1	10929.249334
722	-1	1435.681253
723	-1	1583.001927
724	-1	7130.508762
725	1	1556.889592
726	1	8487.187578
727	-1	1809.327423
728	1	367.212871
729	-1	1134.097075
730	-1	1831.568749
731	-1	6481.050771
732	-1	5864.886648
733	1	4798.738578
734	1	737.247182
735	-1	1065.601989
736	-1	3644.458934
737	-1	1054.475827
738	-1	1290.987956
739	1	3203.152618
740	1	9885.989609
741	1	2638.967131
742	1	2209.697319
743	-1	8425.140977
744	-1	4421.216400
745	-1	8270.170942
746	-1	2109.323713
747	-1	2669.195350
748	-1	3782.272925
749	-1	1091.231678
750	1	1156.828223
751	1	1996.269625
752	1	3718.913493
753	1	955.120582
754	-1	2113.357300
755	-1	5492.533835
756	-1	3826.923413
757	-1	4664.533815
758	1	2303.173870
759	-1	2946.338462
760	-1	1280.115820
761	-1	3321.198588
762	1	3410.082691
763	1	3151.180951
764	1	6592.675446
765	1	1751.655836
766	-1	9119.885045
767	1	2108.894482
768	-1	2376.266464
769	-1	6338.563190
770	-1	8829.659617
771	1	2767.236852
772	1	933.945128
773	1	854.099654
774	1	513.582591
775	-1	4694.884743
776	-1	1603.457022
777	-1	1518.201515
778	1	4259.333140
779	-1	5970.312636
780	-1	1223.863319
781	-1	1368.383651
782	-1	4713.586702
783	-1	3874.650258
784	-1	9309.286677
785	1	4230.281553
786	-1	2782.259353
787	1	728.324121
788	1	790.071346
789	-1	1289.579909
790	-1	4887.894122
791	-1	3157.643203
792	1	2380.034206
793	1	1359.152620
794	-1	1864.218993
795	1	753.439153
796	-1	2777.775645
797	-1	2122.098168
798	1	3196.820186
799	-1	8431.663968
800	-1	5468.126734
801	1	1060.852889
802	-1	2708.003167
803	1	3072.103603
804	-1	8028.172819
805	0	15000.459665
806	1	3224.387618
807	-1	1110.251359
808	-1	5513.004900
809	1	421.459190
810	-1	13543.239324
811	1	738.059794
812	-1	1151.772568
813	1	1961.850161
814	-1	2949.684216
815	-1	3465.814472
816	-1	2109.894786
817	1	494.835929
818	-1	4821.623199
819	1	8701.070627
820	1	2686.540149
821	-1	5743.119235
822	-1	1082.909282
823	-1	9875.967921
824	1	2825.479169
825	-1	2622.226346
826	-1	965.276196
827	-1	1447.895045
828	-1	4259.813006
829	-1	601.340045
830	-1	2299.509527
831	-1	3080.288884
832	-1	1593.214799
833	-1	1317.479735
834	-1	6481.456350
835	-1	1098.745605
836	-1	3944.021326
837	1	3463.235581
838	1	1088.598782
839	1	443.875326
840	-1	8298.237674
841	-1	1271.685338
842	-1	1475.188852
843	-1	3055.697096
844	-1	1553.766419
845	1	7294.569479
846	1	394.514573
847	-1	5295.793323
848	-1	1963.406659
849	1	3833.822196
850	-1	1572.499830
851	1	4655.601003
852	-1	1394.503348
853	-1	6784.369048
854	-1	4447.024865
855	-1	4615.613986
856	-1	1278.865853
857	1	3948.931663
858	1	462.143199
859	-1	6666.759541
860	-1	2800.631409
861	-1	2511.443516
862	1	4734.821810
863	-1	1307.603814
864	-1	4319.642823
865	-1	4004.609115
866	-1	1357.458610
867	-1	3720.881976
868	-1	2802.545639
869	1	2288.829529
870	-1	1931.113099
871	-1	962.680290
872	1	833.357435
873	1	1000.774962
874	-1	1123.368194
875	-1	4852.917840
876	-1	5660.490288
877	-1	3903.286185
878	0	15000.062313
879	-1	5250.321376
880	-1	5705.613832
881	1	1390.119006
882	-1	1527.858301
883	-1	1173.449204
884	-1	3372.066035
885	1	523.570694
886	-1	2427.053616
887	1	959.501387
888	-1	2389.799483
889	-1	1540.764775
890	-1	2334.606825
891	1	13830.182060
892	1	3353.533613
893	1	4653.957057
894	-1	3984.085219
895	-1	12915.228340
896	-1	2011.620418
897	1	3372.238710
898	1	576.187555
899	-1	3565.253133
900	-1	1782.998107
901	1	1109.739298
902	-1	1147.207369
903	1	2613.056126
904	-1	8117.425293
905	1	4472.613509
906	1	1540.201203
907	1	407.588638
908	-1	6403.477164
909	-1	5879.184630
910	-1	927.093535
911	-1	8179.169165
912	1	1976.187693
913	-1	1074.661944
914	-1	2438.975527
915	1	801.318025
916	1	1879.969881
917	1	793.963390
918	-1	1541.411271
919	-1	4198.001692
920	-1	4010.324120
921	-1	1071.959224
922	-1	2501.756859
923	-1	966.291929
924	1	2211.011502
925	-1	3665.422595
926	1	2940.972393
927	1	2308.176436
928	1	435.865285
929	-1	2721.818421
930	1	703.906999
931	1	694.218360
932	-1	3756.545331
933	-1	1067.223252
934	1	2114.039602
935	-1	7687.666472
936	-1	2603.003139
937	-1	13169.909010
938	1	1765.098692
939	1	8571.155554
940	1	9546.995784
941	1	2144.788562
942	-1	4556.716495
943	-1	6869.700290
944	-1	9640.339117
945	1	978.110234
946	-1	987.900216
947	1	2938.487947
948	-1	9012.958526
949	-1	2070.219879
950	1	1522.399484
951	1	13591.633520
952	-1	1061.409598
953	-1	2325.694781
954	1	8271.537509
955	-1	5224.460711
956	-1	1842.029276
957	1	1947.897729
958	-1	1121.122550
959	-1	4517.766473
960	-1	2957.722379
961	-1	3321.701374
962	-1	3939.117813
963	-1	6946.819604
964	-1	4441.632383
965	1	398.699501
966	1	3174.265216
967	-1	1621.008992
968	-1	1502.776087
969	-1	1650.473713
970	-1	1364.251461
971	-1	2759.582266
972	-1	2017.290194
973	1	357.196796
974	-1	5776.319858
975	1	5915.235205
976	-1	846.210326
977	-1	1530.825587
978	-1	2592.089416
979	1	5574.966211
980	-1	4670.009227
981	-1	4865.992329
982	1	572.078448
983	-1	8767.788096
984	1	980.333196
985	1	8280.966389
986	-1	1953.982579
987	1	5068.731887
988	-1	969.515807
989	-1	5320.607312
990	-1	1791.436543
991	-1	1383.463658
992	-1	1095.287605
993	-1	7894.231903
994	1	3871.028643
995	1	1419.999394
996	-1	6376.477619
997	1	967.387137
998	-1	4865.029890
999	1	629.285075
1000	-1	1561.751706
