2150
2490
2190
2430
2370
2710
2350
2020
1510
1720
2110
2220
2150
2490
2190
2430
2370
2710
2350
2020
1510
1720
2110
2220
2150
2490
2190
2430
2370
2710
2350
2020
1510
1720
2110
2220
2150
2490
2190
2430
2370
2710
2350
2020
1510
1720
2110
2220
2150
2490
2190
2430
2370
2710
2350
2020
1510
1720
2110
2220
2150
2490
2190
2430
2370
2710
2350
2020
1510
1720
2110
2220
2150
2490
2190
2430
2370
2710
2350
2020
1510
1720
2110
2220
2150
2490
2190
2430
2370
2710
2350
2020
1510
1720
2110
2220
2150
2490
2190
2430
2370
2710
2350
2020
1510
1720
2110
2220
2150
2490
2190
2430
2370
2710
2350
2020
1510
1720
2110
2220
2150
2490
2190
2430
2370
2710
2350
2020
1510
1720
2110
2220
2150
2490
2190
2430
2370
2710
2350
2020
1510
1720
2110
2220
2150
2490
2190
2430
2370
2710
2350
2020
1510
1720
2110
2220
2150
2490
2190
2430
2370
2710
2350
2020
1510
1720
2110
2220
2150
2490
2190
2430
2370
2710
2350
2020
1510
1720
2110
2220
2150
4176
3014
2430
2535
2433
2256
2325
1590
1707
2009
2220
2146
3117
2335
1893
2193
3077
2115
2351
1783
2047
2343
3631
1655
2599
1733
1721
2284
2669
1956
2148
1347
1508
1740
2094
2065
2207
2329
2615
3315
3974
2789
2164
2075
1190
1239
1545
2136
3419
2270
3237
2177
3795
2076
2189
2095
1628
1573
2870
2421
2271
2535
2354
2227
2294
3179
1745
1859
2702
1740
2277
2271
2494
2240
2367
2362
2787
2520
1638
1531
1513
2208
2270
1505
2155
2457
1896
2729
3023
2115
2611
1510
1654
1733
1458
2321
2490
2641
2430
1945
2625
1956
2086
1534
1522
2110
2220
1579
1808
2443
1942
1767
2008
2047
1678
1955
2087
1444
1984
2627
2483
2070
2615
2578
2895
2356
2496
1724
1676
1322
1626
1708
2453
2045
3595
1977
2483
2286
2012
1835
1566
2510
2175
2105
3263
2181
2111
2406
2402
2632
2369
1566
1504
2478
2636
2031
2439
2098
2451
2124
2446
2514
2353
1516
2246
3114
1589
1813
1734
2131
2639
2296
3374
2855
2106
1446
2777
1669
1311
1917
2215
1972
2712
2149
3370
2463
1611
1087
1354
1682
1531
2479
1782
2496
2233
2375
2203
2186
1602
1809
1773
1463
2204
2428
2606
1814
2822
2415
2969
1999
1830
1689
2441
1874
3397
1472
2334
2184
1977
1829
2264
2158
1576
1718
2388
1720
2621
2629
2010
2254
1796
2394
2632
3135
2655
1312
1698
2227
2819
1991
2144
2755
3119
2456
3185
1650
2162
1157
2043
3685
2760
1803
2465
2020
2106
2550
3293
1912
1940
1283
1252
2394
2701
2530
2852
2257
2230
1886
3097
2719
1745
1490
2582
2163
4531
2238
2732
1962
2486
2522
3475
2334
2941
1426
2936
2006
2630
2065
1943
1833
2163
2437
2770
2486
2455
1715
2034
2356
2065
1731
2490
2190
2430
2481
2230
2409
1221
1215
1009
1239
2220
2150
2490
2190
2430
2370
2710
2350
2020
1510
1720
2110
2220
2150
2490
2190
2430
2370
2710
2350
2020
1510
1720
2110
2220
2150
2490
1680
1870
2370
2710
2350
2020
1510
1720
2110
2220
2342
2410
2146
2199
1606
2471
2319
1743
1429
1814
1692
2869
1919
2505
2229
2904
2419
2289
2666
2358
1576
1641
2592
1730
2238
2363
2174
2445
2383
2327
2730
1783
1641
1803
2321
1730
2563
2211
2655
2715
2983
3182
2274
2687
1976
1522
1701
3338
2355
2256
2919
2722
2616
2669
2060
2019
1349
2369
2471
1598
2395
1775
2278
2256
2544
2305
2142
1527
1350
1469
2284
2156
2007
2442
2494
2167
1820
3424
2038
1115
1194
2035
1561
3320
2063
2331
1760
2637
2870
3054
1963
1628
1372
2354
3036
2190
2601
2334
2405
1806
1998
2808
1870
1596
1312
1681
1815
2361
2269
1652
1523
1781
2121
3463
2551
2022
1164
1014
1394
1725
1989
1739
1678
1497
2474
1590
3220
1544
569
720
1299
1306
2075
1511
2707
2648
3143
2305
2247
703
476
793
1351
1756
1213
1109
1299
2871
1821
3170
2734
1108
805
3005
2050
1962
1650
2421
2930
3238
2540
3240
1324
1758
641
1822
2409
2287
1489
2064
1892
2006
1508
3191
3288
1415
1293
1514
1720
950
2818
2637
1883
2776
3697
2284
1992
1292
2156
888
2380
1417
2667
2257
2213
1890
2725
2137
1782
1861
1790
1604
3415
1352
1818
1746
1227
1319
1589
1315
3218
1791
1207
2498
2612
3079
853
1290
1462
1353
1035
1700
1332
940
878
1522
2405
3550
1744
1765
3272
1834
1361
2806
1703
2212
1153
1475
3548
2542
2604
1879
1344
2326
2827
2458
2016
2450
1513
1779
751
1186
2287
3485
2175
2802
3192
4305
1789
2521
1215
1286
1743
1891
2061
2068
1264
2640
2564
3153
1849
1688
1565
1597
2051
2330
2579
1690
1957
2073
1671
1912
1913
1802
1259
1448
2620
1494
2246
2645
2271
2673
2410
2622
1391
1523
1359
1649
2247
2425
1462
3137
2859
2795
2303
3488
2156
2148
888
1816
1642
2636
2330
3649
3447
4224
1672
2765
2912
2364
1519
2017
2169
3278
1930
1170
1461
1635
2363
3422
1875
1179
1120
1170
387
735
2886
2011
1837
2452
2264
3864
3861
2239
2287
1697
2303
3205
1682
2890
1838
2247
2993
2256
2389
1177
1417
2039
1257
2329
2296
3281
2937
2941
2461
3359
2257
2417
1520
1836
2777
2610
2084
3693
2248
3445
2149
2160
2203
1771
1327
2356
2650
1272
2829
3229
1865
2059
3331
2488
2674
2157
1969
2287
1978
1886
1751
2387
2796
2821
1981
3307
2068
1761
1161
1373
1998
2697
892
2275
2592
2287
2314
3887
2449
2045
1185
1615
1047
2148
2683
2141
1895
3135
2341
2674
2446
2764
1680
2165
2094
1802
3089
2930
2554
2835
2084
2374
2935
2131
1901
2080
2144
2589
2248
1870
1122
1899
2519
2434
1921
2202
1802
1214
1700
1488
2819
3151
2958
2651
2796
3354
2688
1810
1553
1771
1477
1745
1751
2578
1902
2695
3041
2384
2271
2583
1582
1751
2368
2163
1943
2623
2583
1948
3045
1499
2218
1472
1505
1714
2553
2905
2264
2338
2602
1878
2190
3033
2412
903
1992
1496
2287
1691
2841
1433
2334
2460
2209
1932
1566
1069
1147
694
1008
2191
1826
3005
1910
3120
2094
3446
1460
2365
1892
1821
3787
2742
2621
2203
1997
1942
1807
2814
2231
1798
1231
2131
3015
2577
2144
2844
1844
2171
1557
1344
2417
1944
1699
1811
2365
2469
2196
2417
1677
2078
2704
2079
2580
1505
1244
2196
2158
817
1035
3300
1786
2063
3142
2635
2834
2301
2093
1499
1755
1623
2562
2020
1280
2395
1491
1825
2197
1432
1964
953
1504
1189
1207
2211
1231
2406
1792
1824
2307
757
1033
1330
1545
1599
1982
2876
2489
2430
3162
2733
1587
2066
1091
1506
1341
2220
2404
4840
1413
2465
3727
2326
3191
2056
994
755
2142
3281
2150
2490
2190
2430
2370
2710
2350
2020
1510
1720
2110
2220
2150
2490
2190
2430
2370
2710
2350
2020
1510
1889
2110
2220
2150
2490
2190
2430
2370
2710
2350
2020
1510
1720
2110
2220
2150
2490
2190
2430
2370
2710
2350
2020
1510
1720
2110
2220
2150
2490
2190
2430
2370
2998
2350
2020
1510
1720
2110
2220
2150
2490
2190
2430
2370
2710
2350
2020
1510
1720
2110
2220
2150
2490
2190
2430
2370
2710
2350
2020
1510
1720
2110
2220
2150
2490
2190
2430
2370
2710
2350
2020
1510
1720
2110
2220
2150
2490
2190
2430
2370
2710
2350
2020
1510
1720
2110
2220
2150
2490
2190
2430
2370
2710
2350
2020
1510
1720
2110
2220
2150
2490
2190
2430
2370
3338
2350
2020
1510
2599
2110
2220
2150
2490
2190
2430
2370
2710
2350
2020
1510
1720
2110
2220
2150
2490
2190
2430
2370
4087
2350
2020
1510
1720
2110
2220
