25.3
25.2
25.4
25.4
25.2
25.3
25.3
25.2
24.7
24.3
24.4
24.8
25.3
25.2
25.4
25.4
25.2
25.3
25.3
25.2
24.7
24.3
24.4
24.8
25.8
24.7
25.3
25.4
25.3
25.7
25.4
25.1
24.7
24.3
24.2
24.6
25.4
24.7
24.9
25.4
25.1
25.3
25.2
25
24.3
23.8
23.7
24.2
25.6
25.1
25
25.7
24.7
25.3
25.5
25.1
24.9
23.9
23.7
24.5
25.7
24.7
25.4
25.6
25.8
25.5
25.7
25.2
24.7
24.2
23.9
24.7
25.3
24.6
25.1
25.5
25.3
25.1
25.4
25
24.8
24.1
24
24.2
25.3
24.5
25.2
25.4
25.4
25.4
25.2
24.9
24.3
24.1
24.3
24.6
25.5
25.3
25.5
25.4
25.7
25.5
25.6
25.6
25
24.9
24.7
24.8
25.7
25.4
25.4
25.8
25.3
25.5
25.6
25.3
25
24.6
24.6
24.9
25.8
24.7
25.4
25.9
25.2
25.6
25.5
25.1
24.6
24
24.4
24
25.3
24.8
25.4
25.8
25.7
25.6
25.8
25
25.2
24.2
23.9
24.5
25.8
24.4
25.4
25.4
25.3
25.7
25.3
25.3
24.7
24.1
24
24
25.7
24.3
24.8
25.4
25.2
25.7
25.7
25.2
24.7
24
23.6
23.9
25.3
25
25.6
25.8
25.5
25.5
25.2
25.4
24.7
24.5
24.2
25
25.1
25.2
25.7
25.7
25.6
25.6
25.5
25.1
24.8
24.8
24.7
24.8
25.5
25.2
25.7
25.1
25.6
25.3
25.5
25.4
24.7
24.8
24.4
24.8
25.4
24.6
25.5
25.5
25
25.2
25.3
24.7
24.2
23.5
23.7
23.9
25.3
24.5
25.4
25.4
25.5
25.4
25.3
25.1
24
23.6
23.7
24.2
25.3
24.9
25.1
25.4
25.2
25.8
25.6
25.2
25
24.2
24.1
24.5
25.4
25.1
25.2
25.5
25.6
25.8
25.1
25.1
24.9
24.3
24
24.7
25.7
25.1
25
25.7
25.7
25.5
25.2
24.7
24.7
24.5
23.8
24.7
25.7
24.9
25.3
25.8
25
24.9
25.1
25
24.2
23.4
24.4
23.8
25.3
25.2
25.7
25.3
25.6
25.9
25.1
24.9
24.7
23.6
24
24.3
25.7
23.9
24.8
25.6
25.5
25.3
24.7
24.4
24.2
23.5
23.5
24
25.3
25.2
25
25.5
25.6
25.9
25.4
25.6
24.6
24.1
24.1
24.6
25.3
24.1
24.8
25.4
25.7
26.2
25.5
25.2
25.1
24
23.3
23.6
25.4
25
25.3
26
25.7
25.7
25.9
25
24.1
23.5
23.7
24.3
24.8
24.5
25.1
24.6
24.4
25.3
25.6
24.3
24.4
24
23.2
23.5
25.3
24.5
24.6
25.2
24.9
25
25.3
25.6
24.8
23.5
23.7
23.3
25.9
25.2
24.4
25.4
25.2
24.9
24.1
24.6
23.6
23
24.4
23.5
25.7
24.6
25
25.5
25.6
25.9
26
25.3
24.5
23.4
23.5
24
25.9
24.9
25.1
25.4
25.6
25.8
25.5
24.9
24.5
24.2
24.2
24.4
25.6
24.6
25.9
25.4
26
25.4
25.6
25.2
25.1
24.5
24.2
23.6
25.8
24.9
24.8
25.4
25.9
25.5
25.2
24.7
24.6
24.6
23.6
24.3
26
24.6
25.3
25.8
25.4
25.8
25.4
24.7
24.8
24.2
23.3
24.3
25.7
25
25.4
25.9
25.6
25.8
25.5
25.4
25
24.5
23.9
24.3
25.6
24.4
25.1
25.1
25.2
25.4
25.6
24.5
24.7
24.3
24.4
23.9
25.5
24.6
25.3
25.9
25
25.1
25.3
24.6
24.5
24.5
24.2
24.2
25.3
23.9
25.3
25.8
25.2
25.3
25.3
25.3
24.8
24.2
23.9
24.1
25.2
25.2
24.3
24.7
24.9
25.2
24.9
25
24.2
22.9
23.1
23.4
25.3
25
25.1
25.6
25.5
25.3
26
25.6
25
25
24
24.6
25
24.7
24.9
25.3
25.3
24.9
24.7
24.4
24.3
24.2
24
24.5
25.5
24.7
24.9
25.8
25.3
25.2
25.2
25.1
24.4
24.2
24.1
24.2
25.6
25.1
24.9
25.1
25.5
25.5
25.1
24.7
24.6
24.1
24.6
24.9
25.4
24.9
25.1
25.2
25.2
25.3
24.9
24.8
24
23.8
23.9
24.4
25.3
25.1
25.4
25.3
25.5
25.4
25.5
24.9
24.8
24.4
24.5
25.2
25.5
25
24.8
24.9
25.2
25.3
25.1
25.1
24.7
24.5
24.3
24.2
25.9
25.2
25.1
25.1
25.5
25.3
25.2
24.7
24.2
24.4
24
24.5
24.8
25.2
25.6
25.3
25
25.3
25.4
24.9
25.1
24.5
24.6
24.9
24.9
25
25.5
25.7
25.6
25.3
25
24.8
24.3
24.2
24.4
24.7
25.4
25.2
25.3
25.3
25.5
25.6
25.6
25.5
24.8
24.5
24.5
24.6
25
25.3
25.5
25.4
24.9
25.3
25
25.1
24.8
24.1
24.3
24.7
25.2
24.8
24.9
25.1
25.2
25.2
25.4
24.9
24.7
24.4
24.3
24.7
25
25.1
25.1
25.3
25
25.1
24.9
25.3
24.6
24.3
24.5
24.9
25.1
25.4
25.4
25.2
25
25.6
25.4
25.6
25
24.6
24.5
24.8
25.2
25
25.5
25.6
25
25.3
25.2
25.2
24.8
24.3
24.3
24.6
25.8
25.3
25.1
25.2
25.4
25.6
25.6
25.7
25.3
24.3
24.7
25
25
24.7
25.1
25.6
25.1
25.1
25
25.1
24.4
24
24
24.4
24.9
24.7
25.3
24.9
25
24.6
24.6
25.1
24.1
24.2
24.4
24.7
24.8
24.3
25.2
25.3
25.2
25.3
25
24.8
24
23.8
24
24.1
25.6
25.2
25.3
25
25
25
24.6
24.8
24.4
23.9
24
24.6
25.3
24.5
24.8
25.2
25.2
25
25
25.2
24.4
23.8
24.1
24.4
25.1
25
24.6
24.9
25.2
25.1
25.2
24.9
24.5
24.5
24
24.8
24.5
25
24.9
25
24.8
24.6
24.7
24.7
23.9
23
23.4
24.3
24.5
24.8
24.8
24.7
25
24.9
25.1
24.9
24.2
23.9
24.3
24.9
24.7
24.5
24.9
25.1
24.7
24.8
24.7
24.7
24.1
23.8
24
24.4
24.8
24.9
24.9
25.1
24.4
25.2
24.9
24.7
24.7
24.4
24.3
24.5
24.8
24.9
25.2
25.5
24.9
25.3
25.5
25.3
24.6
24.1
24.2
24.5
25.3
25.1
25
25.3
25.4
25.2
25.4
25.1
24.9
24.1
24.3
24.8
25.2
25.3
25.5
25.5
25.1
25.2
25.2
24.8
24.5
24.1
24.5
24.9
25.2
24.9
25.5
25.5
24.8
25.1
25.2
25
24.9
24.3
24.1
24.2
25.5
25.2
25.1
25.4
25.6
25.4
25.5
25.4
25.2
24.6
24.9
25.1
25.1
25.2
25.4
25.4
25.2
24.9
25.1
25.1
24.1
24.2
24.5
25
25.3
25.2
25.6
24.7
25
25
25.3
25.4
24.7
24.5
24.5
24.9
25
25.5
25.9
25.6
25.3
24.4
25
25.2
24.6
24.4
23.7
24.5
25.2
25.1
25.4
25.7
25.5
25.4
25.2
24.8
24.3
24.3
24.2
24.8
25.8
25.2
25.6
25.5
25.4
25.6
25.5
25.7
25.1
24.5
24.7
24.4
25.2
25.5
25.8
25.6
25.4
25.5
25.3
25.3
25.1
24.4
24.7
25.2
25.7
25.5
25.4
25.5
25.3
25.6
25.9
25.7
25.3
24.4
24.4
24.9
25.5
25.1
25.7
25.8
25.3
25.5
25.4
25.8
25
24.7
24.6
25.5
25.5
24.8
25.3
25.7
25.4
25.6
25.6
25.5
24.9
24
24
24.6
25.7
25.5
25.9
25.7
25.5
25.3
25.6
25.1
25.2
24.5
24.9
25.3
25.6
25.2
25.6
25.5
25.5
25.4
25.6
25.3
24.6
24.3
24.3
25.1
25.4
25.4
25.7
25.6
25.5
25.7
24.8
25.5
24.6
23.8
24.4
24.7
25.6
25.6
25.5
25.7
25.5
25.6
25.3
25.6
25.1
24.6
24.9
25.1
25.7
25.7
26.5
26.3
25.1
25.6
25.6
25.4
25.6
24.4
24.7
25.5
26
25.8
26.1
25.6
25.6
25.5
25.9
25.4
25.1
24.8
25.1
25.4
25.4
25.6
25.9
25.7
25.5
25.4
25.4
25.4
25.2
24.9
24.8
25.1
25.8
25.3
25.8
26.1
26.2
26.3
25.6
25.8
24.9
24.8
24.6
24.8
25.6
24.9
25.5
25.8
24.9
25.7
25.7
24.9
24.9
24.7
24.5
24.6
25.7
25.1
25.7
25.1
25.5
25.8
25.3
25.3
24.7
24.2
24.7
25.4
25.3
26.2
25.9
25.7
25
25.6
25.4
25.6
25.1
25
24.4
25.4
25.8
25.4
25.2
25.4
25.3
25.8
25.4
25.1
24.6
24
24
24.8
25.6
24.6
25.5
25.1
25.3
25.4
25.4
24.9
24.9
24.4
24.4
24.6
25.5
25.1
25.4
25.4
25.3
25.3
25.4
24.7
25
24
24.6
25.2
25.2
25.2
25.3
25.5
25.2
25.3
25.2
25.1
24.7
24.3
24.4
24.8
25.3
25.2
25.6
25.3
25.4
25.4
25.4
25.3
24.8
24.5
24.4
24.8
25.4
25.2
25.5
25.3
25.3
25.3
25.3
25.2
24.9
24.3
24.4
24.8
25.4
25.1
25.5
25.2
25.2
25.3
25.3
25.2
24.6
24.3
24.4
24.8
25.3
25.2
25.5
25.4
25.2
25.3
25.3
25.2
24.9
24.3
24.4
24.8
25.5
25.2
25.5
25.6
25.1
25.4
25.4
25.3
24.8
24.4
24.4
24.8
25.2
25.7
25.5
26.2
25.2
25.3
25.5
25.3
25
24.5
24.4
24.8
26.1
25.2
25.5
25.4
25.2
25.4
25.4
25.5
24.7
24.3
24.4
24.8
25.4
25.2
25.4
25.4
25.5
25.3
25.3
25.2
24.7
24.3
24.4
24.8
25.3
25.2
25.4
25.4
25.2
25.3
25.3
25.2
24.7
24.3
24.4
24.8
25.3
25.2
25.4
25.4
25.2
25.3
25.3
25.2
24.7
24.3
24.4
24.8
25.3
25.2
25.4
25.4
25.2
25.3
25.3
25.2
24.7
24.3
24.4
24.8
25.3
25.2
25.4
25.4
25.2
25.3
25.3
25.2
24.7
24.3
24.4
24.8
