22.1
43.5
323.8
143.6
105.7
109.6
280.1
35.8
4
9.7
2.6
28.1
0
202
392.7
57.8
74.4
58.8
218.9
108.3
13.1
30.3
10.1
10.3
79.2
65.5
81.3
158.4
100.5
27.5
247.6
106.1
55.6
10.4
6.1
52.4
29
145.2
364.7
61.6
8.5
91.8
205
190.3
8.3
10.1
12.5
5.1
34.7
160.8
277.5
38.3
16.5
297.5
229.8
80.6
10.6
1.9
13.6
6.1
0
138.9
187.3
66.9
65.6
263.4
374.8
46.8
26
21.6
6
2.6
191
138.6
238.8
32.5
10.7
0
369.6
187.7
2.2
0.8
10.8
3.4
37.8
162.4
217.3
104.8
1
84.4
259.1
72.3
7.4
9.2
7.3
9.9
16.9
157.9
313.2
237.1
0.9
40.1
320.6
96.6
6.3
21.8
13.1
21
25.8
34.2
307.4
106.5
0
112.4
314
30.9
0
3
0.1
0
4.7
63.1
307.2
19.5
57.4
37.2
285.6
109.8
5.2
17.7
21.3
6.2
90.6
10.1
334.3
219.7
142.5
80
391.4
161.2
3.1
2.6
11.2
18.4
5.4
174.1
229.8
102
59.3
144.9
119.6
155.9
45.5
6.9
9.8
5.4
127.8
102
479.5
27
8.7
68.5
258.6
272.4
1.2
17.9
51.8
43.9
2.6
93.7
263.6
68.1
0
154.2
381.5
337.1
15.9
22.8
6.4
90.2
69.3
42.4
288.5
125.1
3.2
49.2
343.8
193.1
1.2
27.8
6.7
56.6
155.2
111
115.6
0.2
41.2
177.6
467.7
271.3
38.2
16.6
57.6
0
9.7
176.5
153.3
132
5.6
0
456.4
81.2
11
48.9
10.5
19
9.8
277.5
177.8
12.9
35.4
163.9
205.2
58.3
8.2
27.5
14.7
55.7
0
153.7
267.5
121.1
0.5
229.8
111.8
14.8
0
0
0.4
54.1
35.2
162.1
166.6
59.5
0
12.4
209.1
112.8
1.1
0
0
0
37.8
161.2
207.3
107.2
41.3
96.9
163.3
106.1
1.5
0.1
2.7
1.9
98.3
172.5
246.7
74.5
15.1
128.5
380.5
300
36.3
0
2.2
0.1
16.4
11.6
241.3
68.3
21.9
32.3
363.4
60.3
35.6
12.3
0
1.3
46.6
63.8
416.3
35.8
16.4
134.9
79.1
60.4
24.8
27.4
1.8
2.6
23.2
54.3
310.4
60.1
25.5
154.6
373.2
307
1.9
16.4
4.3
4.6
3.4
236.9
217.9
104.4
27.2
303.4
194.6
100.5
13.3
4.1
3.6
34.9
132.9
108.2
366.6
64.4
13.1
25.8
184.2
142.4
32.7
3.7
3.9
6.8
48.7
208.9
265.3
215
0
48
126.5
56
8.5
28
23.4
60.4
51.5
193.9
283.1
80.7
24.9
282.9
409.4
244.6
6
17.7
1.5
23.6
21.3
282.6
294.7
64
32.5
47.8
286.4
106.2
0
14.7
0
19.3
60.4
126.8
179.6
133.2
12.1
136.4
259.4
259.3
23.3
53.5
14.5
127.9
269.4
121.1
327.5
143.3
1.1
17.8
79.1
36.3
8.9
23.3
28.6
18
0
182.1
112.1
97
1.3
3.8
257.5
289.5
23.8
56.2
2.6
5.8
0
87
327.3
100.8
85
16.5
173.9
247.2
5.2
2.7
62.2
51
18.7
167.9
215.3
89.8
136.2
124.6
316.6
112.6
17.1
6.5
7.9
13.2
37.8
222.9
212
133
0
144.8
310.1
186.2
20.6
1.6
5.7
12
107.4
173.1
259.6
189.1
10.6
35.4
211.4
113.6
3.4
18.4
5.5
3.6
36.9
85.6
124.3
38.7
20.8
50.1
203.5
55.2
5.6
11.7
6.2
9.2
35.6
198.5
164.2
24.1
117.5
117.3
405.1
68.3
3.4
10.1
21.1
2.2
4.6
91.7
237.7
94.6
34.8
116.2
434.2
111.6
10.7
4.4
13.2
21.2
24.6
52.3
258.4
14.7
8.7
114.7
288.3
173.7
10
17.9
4
0
11.4
5.4
134.7
192.1
46.3
7.9
288.7
103.9
11.9
4.4
7.1
5.4
60.4
66.8
318.5
98.1
4.2
36.4
185.3
37.4
24
23.4
11.7
19.4
24.9
51.3
298
49.1
8.6
29.1
20
94.8
16.2
8.3
11.7
57.9
6.5
388.5
172.7
33.7
48.1
10.5
294.7
104.6
1.4
17.8
26.5
98.5
32.3
51
232.5
91.8
1.6
126.1
480.9
176.1
23.3
4.1
21.1
72.8
8.7
286.4
197
117.1
97.5
126.4
283.4
89.4
6.9
11.6
5.5
0.8
0
53.3
86.2
77.5
5.7
9.1
275.3
60
6
37.2
15.4
15.6
46.4
45.4
214.7
7.1
22.7
293.6
342.7
161.2
8.6
35.7
20.2
15
1.6
231.6
339.5
227.5
11.3
182.1
468.8
170.6
31.6
22.7
3.6
0.9
3.9
51.1
264.1
32.2
6.3
3.2
171.1
134.1
5.5
5.2
7.8
31.9
115.3
125.8
406.5
87.4
13
80.3
164.3
189.4
10
10.2
56.2
6.9
3.1
123.5
229
70.3
12.6
28.8
333.4
257.6
17
12.8
14.3
11.8
68.6
69.7
149.1
78.6
65.8
26.4
186.7
237.2
0.5
2.6
6.1
5.5
153.5
102.8
336.6
44.6
5.1
36.8
394
77.6
7.6
8.1
4
9.9
72.9
218.7
372.3
111.9
6.4
88.1
264.5
228
27.9
10.3
6.8
41.7
41
49.1
219.3
126
40.1
41.4
280.6
294.4
14.5
25.5
5.7
5.3
94
25.3
267.3
92.2
26.2
47.2
145.4
255.7
12.9
20.7
11.4
36.9
25.1
386
93.8
72
21.4
170
201.4
34.9
4.4
10.3
1.8
1.3
17.9
604.4
619
48
38.5
44.2
280.4
155.1
6.9
7.6
28.4
66
83.9
175.9
138.5
82.6
10.3
61.7
293.8
158.2
6.6
10.8
41
11.8
37.6
78
297.3
254.4
55.8
144.6
431.7
114.7
10.8
10.5
32
30.3
62.7
82.8
155.2
251.2
32.6
106.8
427.6
47.3
23.8
17.9
29.4
51.3
90.2
91.5
254.4
51.7
65.3
14.8
223.3
33
1.9
18.1
21
27.7
21.8
252.5
307.1
26.1
50.2
219.1
334.7
66.8
52.4
4.9
3.6
3.5
13.3
406.1
414.1
45.6
16.7
94.4
343
265.3
15.3
11.4
25.3
38.7
0
188.6
435.9
102.3
183.1
245.7
391.1
139.6
45
5.5
7.6
4
55.4
90.5
321.7
31.6
156.7
159.3
84.4
175.5
1.5
20.5
23.3
22.7
95.5
49.5
248
28.4
0
149.9
207
77.2
0.6
8.9
12.4
18.2
25.5
161.4
187.6
82.7
1.8
45.5
351.1
118.1
11.6
8.8
4
6.1
17.7
247
329.6
57.2
63.4
31.3
114.6
191.4
8.1
8.9
2.1
25.7
99
70.3
199.3
16.1
20.2
25.7
128.1
109.3
12.1
4.4
17.2
13.8
0
81.6
226.8
60.6
39.6
197.7
367.1
39.3
22.3
62.5
10
8.2
2.2
131.7
170.5
25.4
3.3
22.6
236.6
133.2
14.8
18.2
6.9
58.3
1.4
70.8
199.1
143.3
55.4
7
252.5
54.2
5.1
11.6
12.4
57.3
19.5
80.7
401.4
92.2
21
87.2
306.6
169.5
1.7
13.1
15.2
28.6
58.2
144.5
158.1
102.6
92.6
309.7
397
22.4
7
14
4.6
74.7
245
111.1
313.6
99.4
12.3
92.6
382
131.9
11.7
24
10.8
1.8
10.3
95.2
302
43.8
4.7
32.7
168.4
141.5
0.1
0.9
22.2
9.8
0
88.8
233.7
53.7
2.4
207.1
281.5
180.6
12.2
7.2
10.5
21
13.4
481.4
246.4
126.1
0
47.3
288.2
212.5
19.6
11.1
6.8
51.2
23.4
75.3
148.7
136.6
26.8
4.3
235.6
134.6
3.4
10.9
17
12.4
15.5
375.1
316
72.1
0.9
18.1
205.3
47.6
2.8
24.5
2
9.7
20.9
123.2
236
96.5
30.8
138.2
227.5
158.6
5.5
23.4
6.4
16.2
3.6
109.4
261.1
67.2
1.1
61.9
412.2
105.4
28.5
3.9
15.8
47.5
37.6
14
173.5
23.7
0
16.6
296.5
101.4
18.2
4.3
29.6
0
62.3
246.8
365.9
256.7
27.2
83.8
426.3
35.5
5.2
9.3
14.7
18.7
81.2
166.2
278.2
115.2
27.5
91.3
309.7
168.9
3.7
17.5
17
36.7
113.8
204.5
347.1
145.9
77.2
212.5
202.7
81.9
10.3
10.2
3.5
29.7
27.8
91.3
160.7
121.1
0
25.7
201.2
201.4
8.4
15.2
24.2
0.5
16.7
135.1
307.2
161.7
6.5
7.8
275.1
181.6
2.1
14.2
8.9
13
313.9
160.3
289.5
77.5
89.8
53.5
228.3
139
7
13.9
4.6
9.6
4.8
330.9
624.3
207.1
22.5
51
188.4
137.6
17.5
25.7
11.8
15.5
10.6
213.3
254.1
158.2
116.6
150.9
373.7
94
4
9.9
34.4
114.7
77.3
11.4
338.4
2
20.2
145.6
95.6
130.9
19.2
13.9
6.5
2.9
9.8
723.8
856.9
228.1
0
192
400.2
127.9
34.8
10.2
6.2
5.3
107.7
137.1
258
35.9
60.2
90.7
222.2
327.7
23
52.1
7.8
15
18.3
253.2
251.7
88.3
0.1
156
201.1
120.3
5.6
5.9
8
6.3
15.9
172.7
159
18.8
0.8
27.5
107.8
65.5
10.3
4.2
8.3
24.8
110.4
143.2
296.5
21.9
16.5
194.6
162.9
66.6
9.5
19.4
14.5
27.1
58.8
283.9
245.8
250.4
9.5
71
273.9
171.4
3.1
17.4
14
79.4
37.8
158.6
212
51.3
15.9
48.5
493.3
233.3
7.3
14
13.1
51.2
88.8
246.3
274
84
12.8
99.9
289.6
120.4
13
13.1
15
16
44
485.3
68.9
84
39
100
87.3
128
13
14
15
26
42.1
167.1
279.7
84.1
38.5
116.8
313.2
130.7
9
20.4
14.9
28
46.9
98.3
167.5
84.3
42.6
96.9
263.5
120.4
12.2
13.1
18.8
44
42.3
135.9
346.6
45.6
39.8
239.7
176.3
62.8
12.2
4
4.1
19.2
46.1
414.6
129.7
244.6
39.5
34.7
272.7
82.2
10.7
13.1
10.9
9.1
