13.8
18.3
15.1
12.6
8.5
12.8
17.1
19.1
20.9
22.7
22.1
20.3
12.5
18.4
17.3
13.9
10
14.7
17.1
19.7
20.9
22.4
22.4
20.3
11.3
19.1
15
12.5
10.3
15
17
18.8
21.1
22.7
21.5
21.4
11.7
19.2
15
12.1
11.8
13
16.8
18.8
20.7
21.7
21.4
21.3
13.6
19.2
15.5
14.7
10.6
12.8
15.7
19.8
21.6
22.3
22.6
21.6
11.6
18.5
15.4
13.5
12.5
12.9
17.5
20.4
22.8
23
23.4
22.2
12.4
20.4
17.2
13.2
11.2
13.8
16
18.3
20.6
22.2
23
21.5
12.9
19.7
15.7
14.6
11.3
12.8
16.2
18.3
21.1
23.2
22
21.9
13.2
20.1
16
13.1
12.7
13.9
16.3
18
22.5
22.8
23
22.6
12.1
18.2
15.7
13.1
11.6
13.6
16
19.1
22.1
22.9
22.3
21.4
12.1
17.4
15.1
14.8
12.4
13.7
15.9
18.7
22.6
21.9
21.7
21.1
11.8
18.3
15.8
13.7
12.1
14.6
17
19.2
20.8
23
22.1
21.3
12.1
18
16.5
12.6
12.2
12.8
17.7
19.2
22.1
22.3
22.5
21.6
11.7
18.9
15.9
14.4
11.5
14.5
16.6
19.5
21.2
22.4
22.1
20.6
12.7
20.6
17.4
13.5
13.3
12.4
17.2
17.6
21.6
23.2
23.5
22.1
12.8
19
16.4
13.6
11.9
12
17
20
21.6
23.5
22.4
21.4
9.9
19.2
15.3
11
10.1
12
15.2
17.8
21.9
22.2
22.5
21.7
8.7
19
16.4
15.2
10.8
12.7
16.3
18.8
22.3
22.3
21.4
21.3
12.4
17.8
15.4
12.5
11.5
15.3
16.8
18.6
22.6
23.1
22.7
20.6
10.9
18.8
16.7
14.2
12.6
14.5
15.9
18.4
21.5
22.6
23
22
12.9
18.1
15.3
13.8
11.1
13.6
17.4
19.3
21.7
22.7
22.4
20.4
12.7
18.4
14.9
12.9
13.2
14.1
16.6
20
21.6
22.6
22.3
21.1
11.7
18.7
15.8
13.4
10.9
13.9
16.3
19.1
21
22.4
22
21.2
12.9
19.7
14.7
12.2
11.6
13.2
16.9
20.4
20.8
22.4
22.1
21.5
12.1
17.6
16
12
10.3
13.4
14.7
19.6
21.6
22.2
22.7
21
11.4
18.5
16.2
12.8
12.3
13.2
14.8
18.7
19.9
22.7
22.5
21.6
12
18.6
15.8
13.7
11.4
12.8
15.3
18.6
21.2
22.3
22.8
20.8
13
18.1
16.2
14
11.8
14
15.9
19.2
20.5
22.9
22.3
21.5
12.5
18.8
15
14.4
12.1
13.1
15.8
19.3
21.7
22.1
21.9
21.2
12.4
19.4
16
14.2
12.4
14.3
17.8
20
21.6
22.2
22.6
22.1
12.8
18.6
16.8
13.6
13.2
14.1
16.6
19.3
21.4
23.4
22.6
21.2
11.6
18.6
16.3
12.9
10.1
11.9
16.3
20.5
21.7
23
22.4
21.2
11.8
19.2
15.7
12.9
12.9
13.3
17.4
19.7
21.7
22.7
23.3
22
10.1
18.7
16.2
14.2
10.8
12
15.6
18.5
21.9
22.5
23.1
21.6
11.2
19.7
16.8
13.7
12.7
14.1
17.1
19.3
21.3
22.7
21.8
20.7
11.3
18.8
16.3
14.6
11.8
11.7
16.8
19.8
22.1
23.3
22.6
21.6
13.2
19.5
17.3
13.6
12.2
14.2
17.5
20.3
21.8
23.2
21.9
22.3
12.8
19.9
15.6
14
11.4
13.6
16.4
20
23.2
23.3
22.3
22
11.9
19.3
17.1
12.7
11.7
13.8
15.1
18.5
21.3
21.7
22.3
21.2
11.3
19.8
16.9
14.2
11.9
13
15.4
18.6
21.3
22.7
22.3
21.7
13
19.6
17
14.9
12.8
14.3
16.4
20
21.5
23.1
23.5
21.9
12.1
19.7
16.4
12.9
13.6
16.2
17.1
19.4
22
22.5
23.1
21.6
11.3
19
16.4
13.9
11.4
14.1
15.6
19.6
21.2
22.3
22.2
22.1
13.2
19.9
17.5
12.6
11.4
11.9
16.1
19.5
21.1
22.7
22.4
22.1
11.7
18
16.6
13.1
11.1
14
16.5
17.9
21.6
23.6
22.7
21.8
12.8
18.8
16.4
13.5
12.3
15.1
17.1
20
21.6
22.8
22.8
22.6
13.5
18.3
16.3
13.6
11.1
13.1
15.8
19.1
20.2
23
22.8
22.1
11.3
19.3
16
15.8
13.1
13.8
16.5
20.1
21.3
22.8
23.3
21.9
11
19.3
16.9
14.8
12.8
14.4
16.7
20.5
21.8
23
22.5
21.8
13.7
19.9
16.3
12
11.8
14.9
16.5
19.6
21
23.5
22.8
22.5
12.6
20.1
16.5
14.3
12.8
13.3
16.9
18.5
21
22.9
22.6
22.5
12.2
19.5
17.6
13.4
13.2
15.5
17
21.1
22.6
22.8
22.9
21.6
12.4
19.9
17.8
15
13.2
14.2
15.4
19
22.2
23.7
23.5
22
14.3
19.1
17
13.5
12.8
13.4
17.8
21.4
22.8
24
23.4
21.9
11
18.9
15.5
13.4
13.5
15.3
17.1
20.2
21.8
23.2
22.4
22.4
10.8
19.3
15.7
13.4
11.9
14.4
17.4
20.4
22.8
24.3
23.4
21.2
12.9
18.3
16.4
14.4
11.3
13.4
17.4
20.1
21.4
23.3
23.5
21.6
12.2
19.4
16.3
14.2
11.4
14.7
18
19.9
21
22.7
22.7
21.8
11.1
19.5
17.1
14.8
13.8
14.8
17.1
19.8
22
23.6
23.3
22
12.6
19.3
17
13.1
12.7
16.4
16.5
19.2
21.5
23.9
22.7
22.2
11.5
19.7
17.3
14.3
11.8
14.5
16.8
19.9
23.2
23.1
22.9
22.2
9.8
19.4
16.2
13.5
12
13.2
15.4
20.2
22.4
23.4
23.3
22.1
8.9
18.8
16.8
13.3
9.5
13.4
16.6
21.2
21.5
22.3
23.7
23
12.2
20
15.8
13.4
11.7
13.4
19.1
19.7
21.5
23.7
23
22.2
11.7
18.8
17.4
14.2
13.4
13.6
16.8
19.1
21.5
22.8
22.9
21.5
13.6
19.3
17.2
14.8
14.2
15.8
18.1
19.2
21.2
23.3
23.5
21.4
11.3
18.8
17.1
10.8
11.3
14.2
17.5
20.7
21.9
23.7
23.5
21.3
11.3
18.3
15.8
14.7
9.5
13.1
16
19.6
21.1
23.4
23.3
21.5
13.3
18.7
16.1
12.8
11.9
13.9
17.3
20.7
20.9
23.9
23
22.3
11.1
20
16.4
14.7
12.8
13
16.3
20
22
23.8
23.6
22.6
10.3
19
16.1
13.7
11.5
13.8
16.8
19
22.7
23.7
23.1
22.3
12.7
19.7
17
13.9
11.8
13.2
16
19.8
22.1
23.1
22.3
21.7
12.8
19.7
16.3
12
14.8
14.8
18
20.3
21.9
22.9
22.5
22.5
12.2
20.1
17
15.3
10.5
13.5
17
20.5
21.4
23.7
22.4
21.7
12.2
20.8
16.3
12.4
12.8
13.7
18.2
19.7
22
24
23.2
22.8
11.3
19.7
15.4
14.3
13.5
13.7
17
19.9
22
22.6
23.2
21.5
12.8
20.5
16.6
15.6
11.5
15.2
18.9
21.3
23
24.1
24
22.9
12.1
19.3
16.3
13.7
11.8
14.5
18
20.4
23.1
24.9
23.1
22.6
13.3
19.3
16
14.5
13.2
14.1
17.4
18.9
21.2
24.3
23.3
22.4
11.9
19.7
17.2
12.8
12.5
16.3
17.3
20.2
23.1
23.9
23.7
22.2
11.7
20.1
16.6
12.6
12.4
15
18.5
19.1
21.3
23
24.4
22
11.7
20.3
17.4
13.4
12.7
15.6
15.9
20.7
21.7
23.8
23
22.5
12.3
20.8
15.7
11.6
11.9
13.5
18.4
20
22.5
24.5
23.4
23.7
10.7
20.1
17.7
13.5
10.8
13.4
16.6
19
22.5
23.6
23
22.4
12.1
20.6
16.4
13.6
13
15
16.5
20.9
21.4
22.8
23.1
22.2
10.8
19.2
17.2
13.6
10.3
13.2
17.9
19.8
22.2
23.7
24
22.2
12.1
20.8
18.3
14
12.8
15.4
17.6
20.2
21.8
23.9
23.8
21.6
14
19.9
15.1
13
13.6
14.8
16.3
21.1
23.3
24.3
23.2
22.1
13.1
19.4
16.1
12.9
12.4
13
17
19.4
22.2
23.7
23.3
22.5
12.8
19.3
17.6
14.5
14.1
14
16.6
20
22.1
23.6
23.6
21.5
13.1
19.1
16.2
14.2
12.3
16.3
17.6
20.8
23.4
24
23.8
22.4
12.5
19.1
16.2
14.8
11.7
15.5
17.3
19.3
21.9
23.6
23.6
22.4
12.5
19.4
17.6
14.2
12.9
13.8
17
20.4
22.6
24.2
23.6
21.9
13.1
19.8
17.8
16.3
13.3
14.1
19.1
20.6
22.9
24.1
23.5
21.8
12.7
20.6
16.1
13.5
11
13.8
18.5
19.7
22.3
22.9
22.9
22.1
12.8
19.8
17.9
13.6
12
15.2
15.3
18.6
23.3
24.1
23.2
22.7
12.4
19.8
17.5
15
11.9
15
17.5
20.3
21.3
23.1
23.4
21.3
13.3
20.7
18.3
15.9
13.2
15.3
18.8
21.1
22.2
24.5
24.6
22.4
13.6
20.3
17
13.7
12.6
16.3
17.3
18.7
22.6
24
23.1
22.3
13.4
21
18
16
12.3
14.8
17.2
19.5
22.6
23.4
23.4
22
13.9
20.4
16.6
14.5
14
15.1
17.7
20.5
22.9
24
24.4
22.7
12.7
20.3
16.9
15.1
13.6
16.3
19
21.2
23.1
23.7
23.6
22
11.9
20
18.4
14.3
13.8
14.4
18.6
19.9
21.7
25.1
24.1
23.1
13
19.2
17.9
15.2
14.2
14.6
17.6
21
22.4
23.7
23.8
22.1
12.3
21
18.5
12.9
12.7
12.6
17.7
20.4
22.1
24
23.5
23.3
13.7
21.2
18.5
15.4
13.7
14.6
18.4
20.7
22.6
23.7
23.8
22.2
13.3
20.7
17.3
15.7
14.9
15.7
17.2
20.8
22.9
25.4
23.4
22.8
13.6
21.6
17.4
14.5
11.2
14.9
18
20.1
22.9
23.7
23.7
23
12
20.5
17.1
13.8
15.6
15.2
16.7
19.9
22.8
24
23.9
23.7
