-29.1
-10.9
-24
-26.1
-28.7
-21.5
-13.8
-1.6
6.8
8.3
5.6
-0.5
-28
-11.1
-24.3
-31.2
-24.9
-25.6
-14.4
-1.5
7.6
9
6
-0.6
-30.9
-13
-25.6
-25.4
-27.3
-24.1
-14.9
-1.5
6.6
8
6
-0.8
-30.9
-12.7
-24.7
-26.7
-31.1
-25.1
-12.1
-0.1
8.9
11
4.2
-1.2
-25.1
-12.6
-19.7
-29.3
-22.3
-19.5
-9.6
0.7
7.8
8
5.8
-2.5
-37.8
-10.9
-24.3
-30.9
-24.3
-18.7
-13.4
-0.7
6.8
8.3
5.9
-0.2
-25
-12.9
-23.6
-26.2
-32.8
-22.3
-10.8
0.8
5.9
8.3
7.1
-0.2
-27.2
-13.2
-22.1
-23.5
-26.5
-23.1
-13.4
-1.1
7
10
5.8
-1
-32.5
-13.8
-27.7
-28.4
-29.9
-23.6
-15.1
-0.9
6.5
9.2
5.5
-2.2
-30.1
-12.2
-24.1
-29
-28.9
-23
-14.5
-0.4
6.5
8.2
5.6
0.1
-32.9
-7.7
-24.7
-26.8
-22.9
-24.9
-15.8
-1.2
6.8
9.4
6.2
0.5
-24
-10
-21.8
-27.3
-22.5
-18.3
-10.6
0.5
5.1
8.6
5.9
0.1
-32.9
-12.7
-23.6
-27.1
-22.3
-21.8
-13.2
-0.2
8.5
8.5
4.8
-2
-28.3
-9
-22.6
-19.9
-24.2
-22.9
-13.1
-0.2
7.9
9.6
6.9
-1.4
-25.7
-14
-23.3
-27
-28.1
-19.6
-10
0.7
8
10.4
6.5
0.1
-26.8
-9.5
-23
-30
-27
-25.8
-10.3
-1.4
7.1
8.6
6.3
-0.1
-32.1
-11.6
-28.7
-34.9
-21.9
-20
-11.9
-1.6
6.4
6.8
7.1
-0.2
-27.8
-11.6
-25.1
-26.9
-25.7
-26.1
-15.2
-2.9
5.4
9.8
5.3
1.3
-29.5
-11
-24
-25.9
-24.5
-24.7
-11.8
-0.2
4.3
9.4
7
0.6
-28.6
-12.7
-21.8
-25.5
-20
-23.9
-15.4
-2.8
7
8.5
5.9
-0.7
-31.1
-10.9
-21.7
-21.5
-27.7
-20.2
-12.8
-1.7
7.4
9
7.2
-2.1
-23.6
-8.6
-21.9
-25.4
-24.6
-24.7
-12.9
-3.4
5
7.5
4.5
-2.5
-28.8
-5.4
-19.8
-31.7
-21.9
-22.8
-12.3
-0.6
6.7
9.6
8.7
-0.1
-26.7
-14.5
-18.8
-26.2
-28.4
-16.4
-16.4
-0.6
6.1
6.9
5.1
-0.9
-34.6
-6.6
-21
-26.5
-29.8
-22.4
-12.6
0.2
6.7
7
6.6
0.8
-18.2
-7.9
-17.7
-27.3
-26.4
-15.5
-9.7
-0.2
8
9.1
6.7
1.2
-24.5
-13.6
-29.2
-29.8
-23.5
-25.4
-17.6
-1.2
7.4
10
6.1
-2.4
-22.5
-11.1
-18.6
-21.3
-19.8
-26
-13.1
-1
6.5
8.6
5.6
-1.4
-20.4
-9.7
-18.7
-25.8
-20
-24.8
-13.5
-0.9
7.2
7.8
5.4
3
-22
-10.8
-24.8
-21.9
-32.4
-22.8
-13.9
-0.1
6.7
8.6
5.8
-0.8
-22.3
-14.2
-24
-30.6
-21.5
-21.1
-13.4
-3.6
5.6
7.6
4.9
3
-30.9
-9.5
-27
-26.5
-33.3
-19.1
-10.8
-1.1
5
7.7
4.2
-1.8
-34.1
-13.6
-21.6
-35.5
-28.3
-23.2
-11.9
-1.6
4.5
7.5
5.2
-1.7
-37.6
-8.3
-23.7
-22.6
-22.8
-23
-11.8
-2
6.4
6.8
5.9
0.3
-29.1
-11.4
-24.1
-31.5
-21.8
-24.4
-13.6
-3.4
5.5
8.7
3.6
-1.4
-27.1
-9.4
-19.8
-29.2
-32
-24.9
-13.6
-0.8
8.6
8.5
7.2
-1.3
-18.1
-8.5
-19.4
-26.5
-29.6
-24.3
-15.7
-2.5
8.3
8.3
4.4
1.3
-31.5
-5.3
-19.7
-25
-30.3
-22.7
-11.3
-0.8
6.3
8.1
5.7
1.7
-28.4
-12.9
-27.1
-23.1
-26.6
-24.9
-11.4
-1.2
6.9
8.3
5.1
-1.2
-24
-8.9
-21
-25.1
-25.4
-21.2
-6.7
0.1
7.2
9.3
6.9
0.5
-29.4
-12.3
-25.2
-27.1
-20.6
-20.6
-9.7
-0.7
7.9
7.4
7.2
-0.4
-22.6
-9.9
-27.3
-34.4
-19.9
-23.6
-10.7
0.9
7.9
8.8
6.5
1.7
-33.6
-9.2
-18.9
-24.1
-23.1
-22.5
-12.7
-0.7
7.2
7.9
4.6
-0.7
-26.1
-9.4
-21.9
-24.5
-20.9
-23.8
-15
-0.8
6.8
8.7
4.3
-1.9
-21.9
-11.2
-28.6
-24.9
-23
-23
-15.7
-4.3
4.2
7.8
4.1
-1.1
-25
-8.9
-27.1
-35.2
-24.9
-27.3
-14.8
-1.2
7.5
9.1
4.1
-1.7
-35.1
-11.5
-18.1
-20.8
-24.8
-21.1
-13.6
-0.6
5.5
9
3.6
-2
-25.2
-12.2
-27.5
-32.9
-26.1
-24.2
-13.9
-2.7
6.1
6.9
3.2
-3.4
-26.1
-9.5
-16.5
-29.3
-29.1
-16.4
-18
-4.5
4.1
7.8
5.7
1.3
-26.2
-9.9
-24.1
-24.6
-34.5
-18
-12.1
-1.1
5.4
9.5
6.6
0.4
-34
-12.7
-17.3
-27.7
-29.1
-27.2
-11.4
-0.6
5.7
7.9
6.6
0.1
-30
-9.3
-15.1
-23.4
-27.6
-24
-15
-5.3
6.4
8.3
5.1
-2
-32.6
-11
-22.2
-25.7
-24.7
-24
-10.1
0.7
8
8.5
5.3
-0.4
-30.7
-8.2
-17.9
-34
-31.5
-19.7
-14
-0.3
6
7.5
6.7
-1
-24
-11.8
-30.3
-29.2
-33
-23.2
-15.3
-1.9
5
9.1
3.7
-1.1
-31.3
-14.8
-29.6
-34.4
-31.2
-21.6
-11.8
-0.2
6
8.5
4.9
-1.3
-22.5
-9.1
-20.2
-31.9
-28.5
-19.7
-10.1
-1.2
7.8
8.2
8.1
-1
-25.3
-15.4
-23.6
-25
-26.6
-20.1
-11.9
-1.3
8.1
9.8
7.5
-0.1
-30.6
-11.5
-22.6
-29.1
-20.1
-30.9
-15.1
-1.7
7.3
7.1
5.5
-0.9
-29
-10.7
-26
-19.3
-21.6
-23.8
-15.5
1.1
5.5
8.5
5.6
-1.9
-22.9
-13.5
-26.6
-33.5
-28.7
-27
-16.4
0.4
6.7
7.6
5.2
0.2
-24.7
-8.7
-20.9
-25
-20.6
-23.2
-13.3
-3.7
6.8
9.1
7.3
-1.5
-24.3
-10.9
-28
-19.9
-24
-24.8
-11.7
0.9
5.4
8.3
5.8
0.7
-31.4
-8.6
-21.7
-36.2
-26.8
-28.4
-16.2
-4.3
7
9
6.5
0.5
-29.3
-16.1
-19.2
-28.3
-32.4
-15.1
-11.7
-3.6
5.9
7.9
4.7
1.3
-33.1
-10.3
-21.9
-29.8
-28.4
-26.9
-15
-1.8
8.2
8.8
5.9
2
-29.1
-11.8
-22.5
-24.8
-27.1
-20.5
-10.6
-1.5
7.4
8.1
5.8
0.9
-29
-11.9
-22.8
-30.3
-28.3
-19.5
-13.9
-1.7
7.2
11.2
8.3
-1
-32.8
-6.2
-25.6
-18.6
-28.2
-21.7
-7.9
1.2
8.5
7.8
2.6
1.5
-30.2
-16.6
-22.2
-28.7
-22.4
-20.3
-11.3
0.1
6
8.7
6.4
-3.6
-37.7
-13.3
-23.8
-26.2
-31.4
-27
-14.1
-1.3
9.2
9.2
5.6
-0.6
-32.7
-9.4
-22.2
-24.2
-30.8
-28.7
-16.1
-1
7.4
10.2
8
-1.2
-32.1
-11.6
-24.9
-22.4
-25.7
-24.5
-11.6
0.6
7.5
8.4
5.6
1.4
-30
-13.7
-27.8
-33.1
-35.4
-24
-12.6
0.4
6
8.9
7.7
2.3
-33.6
-12.7
-28.4
-32
-25.6
-19.6
-13.9
0.5
7.6
10.2
6.3
-1.7
-29.5
-11.9
-17
-28.4
-31.6
-22
-9.9
-0.5
6.9
8.5
8.5
1.6
-20.4
-8.9
-26.5
-28.1
-21.2
-27.1
-15.3
-0.4
7.5
10.2
9.7
1.4
-20.5
-13.7
-18.2
-24
-22.9
-19.9
-10.2
-0.4
5.4
10.4
7.3
2.5
-22.8
-7.1
-14.1
-31.9
-33.9
-22.4
-11.6
1.8
6.5
9.4
8.9
1.3
-28.9
-8.7
-20
-34.4
-19.5
-19.6
-11.5
0.5
6.8
9
6
-2.5
-13.9
-9.1
-21.1
-25.6
-23.5
-15.2
-11.6
2.2
6.6
7.2
5.4
-0.8
-29.2
-16.2
-24.8
-24.1
-24.9
-20.8
-13.5
-1.7
7.4
10.2
6.5
1
-30.9
-14.6
-19.6
-24.3
-23
-21.6
-9.8
-1.6
7.8
9.2
4.9
-3.1
-29.3
-10.6
-27
-27.6
-34.8
-19.8
-15.5
-1.7
8.2
8.5
4.6
0.6
-18.3
-13.9
-24.6
-19.2
-29.3
-19.9
-17.9
-0.6
7.1
9.6
6.6
-0.8
-25.6
-12
-25.3
-20.8
-21.6
-24.8
-17.1
-1.5
8.2
9.3
5.2
1
-24.4
-7.3
-21.6
-24.7
-25.7
-21
-13.7
0.2
7.6
10.4
7.3
-1
-24.2
-16
-27.7
-22.2
-22.4
-18.9
-10
1.2
8
10.4
6.4
-0.4
-36.8
-10.2
-28.4
-22.1
-18
-22.2
-8.9
-1.2
7
9.8
8.2
1.1
-31.6
-10.3
-28.9
-29.6
-35.2
-17.4
-6.6
3.6
8.3
11.3
8.1
-0.8
-25.4
-10.5
-25.8
-26.7
-25.6
-22.4
-9.6
2.8
9.4
8.4
5.2
1.9
-24.8
-14.1
-22.1
-28.2
-28.3
-17.9
-12.9
-4.3
8.5
10.9
6.9
-3.3
-26.6
-8.2
-22.1
-21.2
-21.5
-17.8
-7.3
1.1
8.8
11.4
5.6
-1.4
-22.8
-11.2
-28
-27.4
-26.9
-23.4
-10.7
2.2
6.2
11.1
7.5
-1
-25.3
-9.7
-26.9
-27.3
-23.9
-24.5
-5.8
3.6
7
9.7
6.3
2.7
-31.8
-16.7
-25.1
-26.5
-26.3
-19.9
-12.6
-0.6
7.4
9.5
4.9
-2.1
-29.2
-13.9
-17.8
-24.2
-20.7
-24.4
-9.7
0.5
8.7
9.7
7.7
2.5
-20
-8.3
-18.8
-23.4
-24
-16.3
-6.2
3.1
7.8
11.5
7.5
2.3
-31
-12.1
-24.5
-30
-30.1
-22.6
-11.2
1
8.5
9.2
9.2
1.1
-27.9
-11.4
-19
-21.4
-20.2
-19
-11.9
-3.5
8.3
8.7
5.2
-0.5
-21.8
-12.7
-24.2
-28.2
-20.1
-21.6
-10.7
-2.5
8
8.3
6.7
1.2
-21.8
-8.1
-15.8
-21.1
-25.6
-21.9
-15.7
0.6
6.6
9.1
5.5
1.3
-24.8
-6.4
-20.3
-25.6
-20.3
-22.9
-11.1
-0.9
7.7
8.8
6.2
-0.4
-29
-8.4
-20.4
-24.8
-26.9
-23.9
-10.8
1.3
10.3
10.9
9.5
-1
-25.5
-8.9
-26.5
-22.2
-24.8
-17.4
-10.8
2.5
7.4
8.9
7.8
1.3
-30.6
-6.2
-25.3
-22.4
-20.4
-24.1
-12.9
1.9
7.9
9.3
6
2.8
-27.4
-10.4
-16.1
-22.4
-25.3
-27.2
-7.6
0.2
8.3
11.1
9.1
2.2
-28.4
-12.5
-22.5
-23.4
-25.8
-21.2
-9.5
1.2
8.1
9.7
6.2
1.3
-27.9
-8.5
-24.7
-25
-25
-24
-11.3
1.8
7.6
11.2
7.1
1.6
