Nr	Nb	time	environment	abf_r	abf_b
250.000000	250.000000	0.000000	0.000000	0.000000	0.000000
212.375087	221.489874	0.250000	19.437584	-0.607616	-0.444488
184.280235	199.972613	0.500000	19.437584	-0.533815	-0.378628
162.508484	183.174157	0.750000	19.437584	-0.476560	-0.327373
145.144880	169.712000	1.000000	19.437584	-0.430869	-0.286384
130.975514	158.723135	1.250000	19.463092	-0.393595	-0.252248
119.194161	149.577857	1.500000	19.463092	-0.362606	-0.224435
109.244776	141.859809	1.750000	19.463092	-0.336448	-0.200962
100.731303	135.269455	2.000000	19.463092	-0.314082	-0.180910
93.362180	129.783299	2.250000	19.692278	-0.294898	-0.157691
86.919703	125.010835	2.500000	19.692278	-0.278151	-0.142952
81.239486	120.829272	2.750000	19.692278	-0.263409	-0.130012
76.193814	117.142482	3.000000	19.692278	-0.250337	-0.118575
71.681131	113.989557	3.250000	19.841750	-0.238762	-0.104461
67.620445	111.181810	3.500000	19.841750	-0.228373	-0.095577
63.947050	108.671216	3.750000	19.841750	-0.218999	-0.087600
60.608024	106.418237	4.000000	19.841750	-0.210502	-0.080409
57.550160	106.036431	4.250000	21.955939	-0.204042	-0.012864
54.730588	105.736048	4.500000	21.955939	-0.198152	-0.010001
52.122525	105.507624	4.750000	21.955939	-0.192744	-0.007452
49.703076	105.342918	5.000000	21.955939	-0.187765	-0.005181
47.453596	105.015411	5.250000	21.691316	-0.183001	-0.011296
45.357821	104.749892	5.500000	21.691316	-0.178590	-0.009084
43.400591	104.539780	5.750000	21.691316	-0.174501	-0.007094
41.568690	104.379254	6.000000	21.691316	-0.170703	-0.005303
39.861276	101.587606	6.250000	17.864408	-0.165091	-0.105147
38.275880	99.035260	6.500000	17.864408	-0.159870	-0.098763
36.799650	96.694691	6.750000	17.864408	-0.155037	-0.092891
35.421494	94.542419	7.000000	17.864408	-0.150553	-0.087476
34.128569	93.495232	7.250000	19.488818	-0.147109	-0.043068
32.910101	92.529382	7.500000	19.488818	-0.143895	-0.040157
31.759820	91.637714	7.750000	19.488818	-0.140878	-0.037450
30.672149	90.813860	8.000000	19.488818	-0.138040	-0.034928
29.642754	89.834695	8.250000	19.120396	-0.135198	-0.042042
28.667669	88.925835	8.500000	19.120396	-0.132517	-0.039440
27.742689	88.081471	8.750000	19.120396	-0.129989	-0.037008
26.864033	87.296391	9.000000	19.120396	-0.127601	-0.034732
26.028312	86.559755	9.250000	19.109380	-0.125338	-0.032879
25.232463	85.873855	9.500000	19.109380	-0.123195	-0.030868
24.473694	85.234846	9.750000	19.109380	-0.121164	-0.028980
23.749474	84.639244	10.000000	19.109380	-0.119237	-0.027207
23.056506	84.511148	10.250000	19.868756	-0.117740	-0.005674
22.391890	84.399748	10.500000	19.868756	-0.116321	-0.004918
21.753964	84.303838	10.750000	19.868756	-0.114967	-0.004215
21.141195	84.222300	11.000000	19.868756	-0.113675	-0.003561
20.552541	83.972308	11.250000	19.550667	-0.112299	-0.011429
19.987001	83.742754	11.500000	19.550667	-0.110983	-0.010516
19.443268	83.532275	11.750000	19.550667	-0.109726	-0.009659
18.920133	83.339608	12.000000	19.550667	-0.108525	-0.008855
18.412894	85.109090	12.250000	22.619915	-0.108894	0.082539
17.917456	86.848627	12.500000	22.619915	-0.109295	0.079456
17.433607	88.556045	12.750000	22.619915	-0.109693	0.076427
16.961145	90.229365	13.000000	22.619915	-0.110087	0.073457
16.503694	89.558856	13.250000	19.193374	-0.108672	-0.029024
16.064268	88.930169	13.500000	19.193374	-0.107289	-0.027413
15.641815	88.340401	13.750000	19.193374	-0.105971	-0.025894
15.235369	87.786895	14.000000	19.193374	-0.104714	-0.024460
14.842576	88.246157	14.250000	20.798735	-0.104280	0.020583
14.461395	88.694559	14.500000	20.798735	-0.103876	0.019990
14.091401	89.132190	14.750000	20.798735	-0.103486	0.019411
13.732188	89.559151	15.000000	20.798735	-0.103109	0.018844
13.382990	90.261275	15.250000	21.221818	-0.102967	0.030699
13.043112	90.943688	15.500000	21.221818	-0.102833	0.029606
12.712287	91.606592	15.750000	21.221818	-0.102702	0.028544
12.390256	92.250215	16.000000	21.221818	-0.102573	0.027514
12.078334	91.587113	16.250000	19.247070	-0.101438	-0.028107
11.777583	90.963592	16.500000	19.247070	-0.100337	-0.026617
11.487406	90.376981	16.750000	19.247070	-0.099286	-0.025210
11.207252	89.824834	17.000000	19.247070	-0.098283	-0.023880
10.935206	90.580420	17.250000	21.249629	-0.098323	0.032888
10.669609	91.313288	17.500000	21.249629	-0.098378	0.031634
10.410327	92.023707	17.750000	21.249629	-0.098428	0.030420
10.157226	92.711983	18.000000	21.249629	-0.098473	0.029245
9.911198	92.352029	18.250000	19.715566	-0.097709	-0.015124
9.672975	92.013977	18.500000	19.715566	-0.096961	-0.014256
9.442203	91.696483	18.750000	19.715566	-0.096245	-0.013436
9.218551	91.398299	19.000000	19.715566	-0.095559	-0.012660
9.001392	91.468096	19.250000	20.267566	-0.095174	0.003069
8.790165	91.538655	19.500000	20.267566	-0.094808	0.003097
8.584668	91.609840	19.750000	20.267566	-0.094454	0.003120
8.384705	91.681521	20.000000	20.267566	-0.094111	0.003136
8.188784	93.343932	20.250000	22.505197	-0.095024	0.070366
7.995595	94.962262	20.500000	22.505197	-0.095932	0.067282
7.805220	96.535299	20.750000	22.505197	-0.096811	0.064286
7.617737	98.062075	21.000000	22.505197	-0.097658	0.061381
7.434381	97.976984	21.250000	20.451572	-0.097248	-0.003322
7.256213	97.899483	21.500000	20.451572	-0.096830	-0.003024
7.083041	97.829095	21.750000	20.451572	-0.096427	-0.002744
6.914685	97.765372	22.000000	20.451572	-0.096039	-0.002482
6.748699	101.075939	22.250000	24.579541	-0.098300	0.130100
6.582919	104.330655	22.500000	24.579541	-0.100573	0.123720
6.417605	107.520336	22.750000	24.579541	-0.102795	0.117471
6.253013	110.636599	23.000000	24.579541	-0.104960	0.111367
6.091225	110.673708	23.250000	21.403374	-0.104717	0.001367
5.934051	110.712265	23.500000	21.403374	-0.104433	0.001416
5.781335	110.752096	23.750000	21.403374	-0.104159	0.001459
5.632928	110.793040	24.000000	21.403374	-0.103895	0.001496
5.489007	110.256929	24.250000	20.704136	-0.103187	-0.018838
5.349697	109.754987	24.500000	20.704136	-0.102506	-0.017721
5.214787	109.284871	24.750000	20.704136	-0.101859	-0.016672
5.084079	108.844423	25.000000	20.704136	-0.101245	-0.015685
4.958136	106.940547	25.250000	18.648721	-0.099492	-0.068731
4.837389	105.169097	25.500000	18.648721	-0.097832	-0.065086
4.721476	103.517925	25.750000	18.648721	-0.096277	-0.061686
4.610073	101.976315	26.000000	18.648721	-0.094819	-0.058510
4.502489	101.408465	26.250000	19.970656	-0.094134	-0.021755
4.398134	100.873707	26.500000	19.970656	-0.093497	-0.020600
4.296864	100.369881	26.750000	19.970656	-0.092891	-0.019511
4.198546	99.894995	27.000000	19.970656	-0.092314	-0.018481
4.102507	100.774104	27.250000	21.762761	-0.092804	0.034245
4.008165	101.619078	27.500000	21.762761	-0.093291	0.032629
3.915526	102.430628	27.750000	21.762761	-0.093756	0.031079
3.824596	103.209513	28.000000	21.762761	-0.094198	0.029593
3.735590	103.388723	28.250000	21.049031	-0.094172	0.006803
3.648687	103.560968	28.500000	21.049031	-0.094136	0.006527
3.563838	103.726523	28.750000	21.049031	-0.094099	0.006264
3.480995	103.885652	29.000000	21.049031	-0.094061	0.006012
3.400312	103.453595	29.250000	20.274778	-0.093563	-0.016229
3.321909	103.046579	29.500000	20.274778	-0.093080	-0.015351
3.245696	102.663033	29.750000	20.274778	-0.092620	-0.014522
3.171587	102.301501	30.000000	20.274778	-0.092182	-0.013739
3.099191	102.954089	30.250000	21.580613	-0.092544	0.024841
3.028170	103.579238	30.500000	21.580613	-0.092902	0.023646
2.958517	104.177778	30.750000	21.580613	-0.093242	0.022504
2.890228	104.750546	31.000000	21.580613	-0.093564	0.021412
2.823530	104.471534	31.250000	20.527804	-0.093221	-0.010378
2.758611	104.208745	31.500000	20.527804	-0.092880	-0.009800
2.695408	103.961208	31.750000	20.527804	-0.092556	-0.009253
2.633863	103.728014	32.000000	20.527804	-0.092246	-0.008737
2.573976	103.280642	32.250000	20.218930	-0.091771	-0.016841
2.515744	102.858757	32.500000	20.218930	-0.091317	-0.015949
2.459101	102.460765	32.750000	20.218930	-0.090885	-0.015107
2.403987	102.085187	33.000000	20.218930	-0.090474	-0.014311
2.350111	102.711109	33.250000	21.516121	-0.090851	0.023874
2.297223	103.310328	33.500000	21.516121	-0.091225	0.022717
2.245320	103.883679	33.750000	21.516121	-0.091580	0.021611
2.194401	104.432000	34.000000	21.516121	-0.091917	0.020554
2.144657	104.044085	34.250000	20.340221	-0.091522	-0.014498
2.096251	103.678158	34.500000	20.340221	-0.091132	-0.013726
2.049131	103.332872	34.750000	20.340221	-0.090761	-0.012997
2.003252	103.006970	35.000000	20.340221	-0.090408	-0.012308
1.958225	104.440313	35.250000	22.528153	-0.091437	0.053925
1.913715	105.820101	35.500000	22.528153	-0.092453	0.051199
1.869752	107.146553	35.750000	22.528153	-0.093427	0.048580
1.826363	108.420086	36.000000	22.528153	-0.094360	0.046065
1.783905	107.804745	36.250000	20.325609	-0.093812	-0.022165
1.742679	107.225792	36.500000	20.325609	-0.093266	-0.020973
1.702631	106.680777	36.750000	20.325609	-0.092749	-0.019850
1.663713	106.167447	37.000000	20.325609	-0.092260	-0.018791
1.625886	105.629745	37.250000	20.253439	-0.091755	-0.019784
1.589114	105.122986	37.500000	20.253439	-0.091275	-0.018740
1.553356	104.645163	37.750000	20.253439	-0.090821	-0.017755
1.518569	104.194425	38.000000	20.253439	-0.090390	-0.016824
1.484746	103.578972	38.250000	19.991217	-0.089833	-0.023099
1.451874	102.998617	38.500000	19.991217	-0.089302	-0.021910
1.419913	102.451054	38.750000	19.991217	-0.088800	-0.020788
1.388825	101.934158	39.000000	19.991217	-0.088324	-0.019729
1.358710	100.464142	39.250000	18.496973	-0.087102	-0.056696
1.329646	99.086396	39.500000	18.496973	-0.085940	-0.053914
1.301569	97.793349	39.750000	18.496973	-0.084848	-0.051302
1.274423	96.578222	40.000000	18.496973	-0.083821	-0.048847
2.354237	119.929079	40.250000	54.861038	2.444573	0.842766
4.323882	147.015434	40.500000	54.861038	2.419070	0.787182
7.885109	177.543010	40.750000	54.861038	2.387659	0.723438
14.253276	210.805311	41.000000	54.861038	2.348495	0.651967
20.852877	243.812492	41.250000	56.540142	1.502623	0.547386
30.187113	276.912607	41.500000	56.540142	1.457592	0.473746
43.175963	308.740065	41.750000	56.540142	1.406288	0.399689
60.909823	337.960670	42.000000	56.540142	1.347605	0.327017
93.210231	364.627567	42.250000	55.697729	1.659127	0.265799
139.223539	385.698959	42.500000	55.697729	1.550754	0.186841
201.686483	400.027625	42.750000	55.697729	1.414942	0.108202
281.366131	406.861211	43.000000	55.697729	1.250655	0.030749
395.020371	406.138890	43.250000	55.245360	1.245939	-0.049872
522.423773	396.703837	43.500000	55.245360	0.998845	-0.133131
649.618256	380.149218	43.750000	55.245360	0.757307	-0.202136
763.153816	358.965116	44.000000	55.245360	0.546385	-0.251027
863.115115	335.647342	44.250000	55.154562	0.409034	-0.283011
938.718998	312.051930	44.500000	55.154562	0.275776	-0.296653
993.068433	289.712574	44.750000	55.154562	0.184221	-0.295687
1031.177558	269.383036	45.000000	55.154562	0.123751	-0.285648
1336.346707	246.460869	45.250000	52.381318	0.767497	-0.443662
1534.600118	217.273406	45.500000	52.381318	0.390070	-0.545673
1643.931762	188.598491	45.750000	52.381318	0.191574	-0.576815
1700.865364	163.294651	46.000000	52.381318	0.096516	-0.572198
1565.980221	143.927826	46.250000	53.830982	-0.212872	-0.443311
1511.626559	130.164356	46.500000	53.830982	-0.091151	-0.371371
1489.326772	119.293392	46.750000	53.830982	-0.036999	-0.331373
1480.913133	110.191640	47.000000	53.830982	-0.012505	-0.306236
1188.925727	104.563770	47.250000	56.331582	-0.634756	-0.108534
1055.097268	103.413581	47.500000	56.331582	-0.362427	0.002427
983.622536	104.312181	47.750000	56.331582	-0.218505	0.058535
942.186283	106.298867	48.000000	56.331582	-0.136349	0.088087
1108.231703	107.720416	48.250000	54.345878	0.498139	-0.008011
1217.248278	106.217933	48.500000	54.345878	0.279164	-0.093152
1281.741934	103.087653	48.750000	54.345878	0.151213	-0.139111
1317.865454	99.247917	49.000000	54.345878	0.081169	-0.160691
1140.941055	96.550033	49.250000	56.109890	-0.425908	-0.048224
1052.398847	96.388468	49.500000	56.109890	-0.246411	0.023904
1003.402111	97.487975	49.750000	56.109890	-0.148182	0.061379
974.664458	99.275459	50.000000	56.109890	-0.091536	0.081052
1047.288056	100.945715	50.250000	55.166265	0.221896	0.039352
1092.782105	101.403055	50.500000	55.166265	0.129625	0.001643
1120.061041	101.134510	50.750000	55.166265	0.074697	-0.019895
1136.050639	100.465334	51.000000	55.166265	0.042901	-0.031499
1358.918207	98.062442	51.250000	53.218953	0.518266	-0.173666
1490.192755	92.606779	51.500000	53.218953	0.256861	-0.269128
1558.609897	86.036076	51.750000	53.218953	0.123387	-0.311495
1592.603011	79.411299	52.000000	53.218953	0.059741	-0.325816
1588.912359	73.306193	52.250000	53.395286	-0.004161	-0.313108
1588.497509	67.889871	52.500000	53.395286	0.001094	-0.301886
1589.426756	63.030653	52.750000	53.395286	0.003164	-0.292877
1590.853408	58.640188	53.000000	53.395286	0.003841	-0.285216
1169.523255	56.438960	53.250000	57.064769	-0.887493	-0.014598
987.980986	57.434637	53.500000	57.064769	-0.519949	0.130816
891.638357	59.967216	53.750000	57.064769	-0.327058	0.203757
834.690474	63.453846	54.000000	57.064769	-0.214820	0.242821
1137.473185	66.421317	54.250000	53.303664	0.954517	0.067515
1357.494046	65.902471	54.500000	53.303664	0.510954	-0.109136
1486.440004	63.220039	54.750000	53.303664	0.252020	-0.208253
1553.077958	59.600775	55.000000	53.303664	0.119761	-0.255094
1431.102560	56.488928	55.250000	54.570714	-0.224029	-0.170936
1375.757111	54.510781	55.500000	54.570714	-0.110063	-0.122001
1349.135859	53.059816	55.750000	54.570714	-0.054885	-0.097480
1336.039072	51.878382	56.000000	54.570714	-0.027371	-0.084483
1418.863241	50.491546	56.250000	53.815149	0.169299	-0.135685
1461.977268	48.585847	56.500000	53.815149	0.083417	-0.166847
1483.662201	46.507778	56.750000	53.815149	0.041103	-0.180283
1494.552304	44.425787	57.000000	53.815149	0.020691	-0.184949
1316.190785	43.040508	57.250000	55.333336	-0.358581	-0.065895
1233.067668	42.756524	57.500000	55.333336	-0.189729	0.002147
1190.527879	42.989313	57.750000	55.333336	-0.103732	0.036167
1167.668098	43.489073	58.000000	55.333336	-0.057853	0.053686
1338.757547	43.551419	58.250000	53.689534	0.395131	-0.054855
1436.651763	42.484797	58.500000	53.689534	0.197753	-0.132041
1487.452637	40.878266	58.750000	53.689534	0.096029	-0.170042
1512.649889	39.079330	59.000000	53.689534	0.046351	-0.186895
1673.599122	36.782840	59.250000	52.345955	0.267338	-0.295113
1749.724896	33.883742	59.500000	52.345955	0.114961	-0.351202
1783.296818	30.935011	59.750000	52.345955	0.049051	-0.372609
1797.948430	28.154858	60.000000	52.345955	0.021492	-0.378955
1066.625063	26.964270	60.250000	59.550220	-1.518007	0.055866
791.587625	28.241044	60.500000	59.550220	-0.960353	0.276835
648.505323	30.746163	60.750000	59.550220	-0.672943	0.387625
561.458891	34.178528	61.000000	59.550220	-0.500028	0.451054
553.680397	38.652985	61.250000	58.129662	-0.050348	0.490615
547.400448	43.670632	61.500000	58.129662	-0.041744	0.485646
542.167625	49.265343	61.750000	58.129662	-0.035709	0.478680
537.654190	55.466980	62.000000	58.129662	-0.031610	0.469922
504.413553	62.153519	62.250000	58.906455	-0.227482	0.460886
479.413158	69.798454	62.500000	58.906455	-0.183313	0.465743
459.955871	78.410911	62.750000	58.906455	-0.151090	0.464196
444.340174	87.992382	63.000000	58.906455	-0.127379	0.457615
483.063853	98.953987	63.250000	57.473507	0.293839	0.444615
514.850863	109.894778	63.500000	57.473507	0.221232	0.397189
539.831416	120.696937	63.750000	57.473507	0.162364	0.355488
558.679206	131.278986	64.000000	57.473507	0.115971	0.319144
515.811216	141.171446	64.250000	58.809253	-0.284109	0.296566
484.083110	152.136222	64.500000	58.809253	-0.229054	0.300199
459.627800	163.931388	64.750000	58.809253	-0.189329	0.296297
440.128557	176.341936	65.000000	58.809253	-0.160086	0.287162
392.862043	187.981245	65.250000	60.105866	-0.415719	0.261595
357.076163	200.807519	65.500000	60.105866	-0.354023	0.264758
328.870159	214.448749	65.750000	60.105866	-0.308264	0.260167
305.915402	228.588399	66.000000	60.105866	-0.273483	0.250336
302.510524	244.217798	66.250000	59.178076	-0.047407	0.250972
298.765849	259.116148	66.500000	59.178076	-0.051860	0.224134
294.784486	273.151999	66.750000	59.178076	-0.055148	0.199208
290.657761	286.234149	67.000000	59.178076	-0.057381	0.176304
361.593147	301.087271	67.250000	56.491819	0.799569	0.161505
432.981278	310.335210	67.500000	56.491819	0.649227	0.085647
500.071033	314.406489	67.750000	56.491819	0.511462	0.023540
559.328277	314.226284	68.000000	56.491819	0.392672	-0.023798
472.031225	308.794292	68.250000	59.784466	-0.598864	-0.034203
413.127115	308.264304	68.500000	59.784466	-0.479728	0.014467
370.650760	310.664855	68.750000	59.784466	-0.396146	0.043944
338.512095	314.873670	69.000000	59.784466	-0.334878	0.061428
299.789054	318.419263	69.250000	60.702169	-0.451802	0.055339
269.818833	323.497237	69.500000	60.702169	-0.395618	0.069322
245.845584	329.501280	69.750000	60.702169	-0.352262	0.076601
226.163066	336.019181	70.000000	60.702169	-0.317959	0.079384
243.129389	347.523678	70.250000	58.287893	0.268997	0.117579
258.720901	356.433689	70.500000	58.287893	0.230590	0.087165
272.850564	363.077711	70.750000	58.287893	0.196923	0.062466
285.508194	367.813919	71.000000	58.287893	0.167732	0.042775
246.418137	363.196036	71.250000	61.864242	-0.551544	-0.032313
216.477314	361.636301	71.500000	61.864242	-0.490077	-0.005023
192.744044	362.094907	71.750000	61.864242	-0.442743	0.013195
173.419041	363.895999	72.000000	61.864242	-0.405366	0.025157
253.394062	378.646265	72.250000	55.487009	1.431855	0.114007
353.181097	384.914401	72.500000	55.487009	1.227832	0.021575
466.379381	382.610373	72.750000	55.487009	1.003489	-0.064569
582.038104	372.792686	73.000000	55.487009	0.779779	-0.137782
526.915624	357.512301	73.250000	58.385894	-0.342964	-0.134008
489.211375	348.103982	73.500000	58.385894	-0.259418	-0.084629
462.206351	342.385642	73.750000	58.385894	-0.200444	-0.051333
442.195459	339.082599	74.000000	58.385894	-0.157519	-0.028548
408.822874	336.654272	74.250000	58.995290	-0.282537	-0.014587
383.591582	336.401703	74.500000	58.995290	-0.231578	0.006280
363.914052	337.565675	74.750000	58.995290	-0.192950	0.019814
348.181895	339.646609	75.000000	58.995290	-0.163005	0.028321
326.595465	341.629562	75.250000	59.406510	-0.236840	0.029212
309.178469	344.532094	75.500000	59.406510	-0.204174	0.037427
294.824007	348.000775	75.750000	59.406510	-0.178128	0.042032
282.783734	351.788010	76.000000	59.406510	-0.156992	0.044132
282.671623	356.706408	76.250000	58.856128	-0.003282	0.050991
282.335544	360.889867	76.500000	58.856128	-0.005975	0.042863
281.841288	364.448545	76.750000	58.856128	-0.007847	0.036116
281.240519	367.478472	77.000000	58.856128	-0.009081	0.030516
256.841559	366.980555	77.250000	60.364667	-0.340317	0.003818
237.129252	368.033281	77.500000	60.364667	-0.301556	0.017597
220.829502	370.117325	77.750000	60.364667	-0.270493	0.026549
207.092927	372.872464	78.000000	60.364667	-0.245125	0.032085
209.841334	378.881566	78.250000	59.115936	0.047937	0.057337
212.129160	383.752165	78.500000	59.115936	0.039432	0.045717
214.030475	387.672933	78.750000	59.115936	0.032464	0.036314
215.609862	390.810186	79.000000	59.115936	0.026773	0.028743
201.963321	390.394075	79.250000	60.363499	-0.248690	0.001071
190.370162	390.941937	79.500000	60.363499	-0.225857	0.009311
180.378006	392.157057	79.750000	60.363499	-0.206779	0.014919
171.659646	393.823971	80.000000	60.363499	-0.190624	0.018593
147.289517	336.602637	80.250000	21.352273	-0.569453	-0.567299
128.959357	295.965925	80.500000	21.352273	-0.499883	-0.470767
114.630231	265.699354	80.750000	21.352273	-0.446745	-0.398383
103.097092	242.343007	81.000000	21.352273	-0.404807	-0.342177
93.626698	220.990957	81.250000	19.520919	-0.368686	-0.345623
85.722585	203.811811	81.500000	19.520919	-0.339023	-0.304777
79.017529	189.712696	81.750000	19.520919	-0.314249	-0.271091
73.252138	177.950877	82.000000	19.520919	-0.293242	-0.242859
68.226399	169.625697	82.250000	20.908195	-0.276455	-0.181961
63.794029	162.468656	82.500000	20.908195	-0.261826	-0.164051
59.854108	156.263611	82.750000	20.908195	-0.248950	-0.148447
56.327576	150.844446	83.000000	20.908195	-0.237535	-0.134752
53.154330	145.572568	83.250000	20.424102	-0.226956	-0.136137
50.285379	140.918377	83.500000	20.424102	-0.217474	-0.124506
47.678174	136.787242	83.750000	20.424102	-0.208938	-0.114135
45.297827	133.102819	84.000000	20.424102	-0.201214	-0.104842
43.114864	129.938014	84.250000	20.569731	-0.194301	-0.092442
41.104772	127.092210	84.500000	20.569731	-0.187993	-0.085128
39.247487	124.524989	84.750000	20.569731	-0.182215	-0.078495
37.525966	122.202401	85.000000	20.569731	-0.176905	-0.072461
35.917950	122.222240	85.250000	22.825185	-0.173665	0.001236
34.405394	122.277887	85.500000	22.825185	-0.170680	0.002338
32.980263	122.365095	85.750000	22.825185	-0.167896	0.003306
31.635414	122.480067	86.000000	22.825185	-0.165294	0.004154
30.374669	119.291861	86.250000	19.106082	-0.160270	-0.102007
29.199675	116.391771	86.500000	19.106082	-0.155592	-0.095254
28.101647	113.745447	86.750000	19.106082	-0.151272	-0.089073
27.072989	111.323754	87.000000	19.106082	-0.147271	-0.083397
26.101400	111.266807	87.250000	21.848242	-0.145244	-0.001625
25.176834	111.233472	87.500000	21.848242	-0.143366	-0.000818
24.296087	111.221469	87.750000	21.848242	-0.141593	-0.000087
23.456246	111.228721	88.000000	21.848242	-0.139917	0.000571
22.656854	110.289358	88.250000	20.701892	-0.137580	-0.032730
21.897182	109.424294	88.500000	20.701892	-0.135366	-0.030389
21.174341	108.627209	88.750000	20.701892	-0.133280	-0.028213
20.485722	107.892435	89.000000	20.701892	-0.131313	-0.026190
19.827949	107.722415	89.250000	21.334545	-0.129852	-0.005898
19.198082	107.575038	89.500000	21.334545	-0.128472	-0.005098
18.594465	107.448461	89.750000	21.334545	-0.127163	-0.004360
18.015571	107.340996	90.000000	21.334545	-0.125918	-0.003681
17.460481	106.973822	90.250000	20.991310	-0.124517	-0.013147
16.928283	106.638216	90.500000	20.991310	-0.123183	-0.012048
16.417639	106.331803	90.750000	20.991310	-0.121915	-0.011025
15.927315	106.052403	91.000000	20.991310	-0.120709	-0.010073
15.456609	105.517926	91.250000	20.631106	-0.119344	-0.019523
15.004817	105.022841	91.500000	20.631106	-0.118043	-0.018170
14.570845	104.564251	91.750000	20.631106	-0.116807	-0.016904
14.153684	104.139507	92.000000	20.631106	-0.115631	-0.015719
13.750527	105.104197	92.250000	22.318987	-0.115574	0.036116
13.358974	106.035970	92.500000	22.318987	-0.115537	0.034565
12.978698	106.935298	92.750000	22.318987	-0.115496	0.033069
12.609382	107.802714	93.000000	22.318987	-0.115451	0.031629
12.253695	106.228302	93.250000	19.260013	-0.113518	-0.057219
11.913730	104.763683	93.500000	19.260013	-0.111664	-0.054013
11.588399	103.399197	93.750000	19.260013	-0.109919	-0.051020
11.276719	102.126263	94.000000	19.260013	-0.108276	-0.048221
10.976279	102.309476	94.250000	21.176755	-0.107798	0.007109
10.685035	102.489767	94.500000	21.176755	-0.107360	0.006981
10.402639	102.667086	94.750000	21.176755	-0.106937	0.006853
10.128759	102.841391	95.000000	21.176755	-0.106528	0.006723
9.862041	104.060622	95.250000	22.460862	-0.106953	0.046081
9.601312	105.236823	95.500000	22.460862	-0.107373	0.043935
9.346522	106.370366	95.750000	22.460862	-0.107771	0.041871
9.097614	107.461747	96.000000	22.460862	-0.108147	0.039885
8.855818	107.064381	96.250000	20.730577	-0.107368	-0.014349
8.622135	106.694023	96.500000	20.730577	-0.106604	-0.013420
8.396184	106.348847	96.750000	20.730577	-0.105875	-0.012548
8.177607	106.027167	97.000000	20.730577	-0.105180	-0.011728
7.966572	105.105160	97.250000	19.898359	-0.104029	-0.033979
7.763172	104.241981	97.500000	19.898359	-0.102931	-0.032088
7.566985	103.433227	97.750000	19.898359	-0.101890	-0.030311
7.377623	102.674905	98.000000	19.898359	-0.100904	-0.028641
7.193960	103.019391	98.250000	21.318474	-0.100795	0.013139
7.015031	103.351304	98.500000	21.318474	-0.100702	0.012618
6.840711	103.671059	98.750000	21.318474	-0.100610	0.012118
6.670877	103.979064	99.000000	21.318474	-0.100516	0.011637
6.505254	104.517133	99.250000	21.618602	-0.100612	0.020196
6.343593	105.033729	99.500000	21.618602	-0.100702	0.019291
6.185817	105.529541	99.750000	21.618602	-0.100783	0.018425
6.031850	106.005252	100.000000	21.618602	-0.100856	0.017596
5.882151	105.555282	100.250000	20.476007	-0.100211	-0.016530
5.737090	105.133229	100.500000	20.476007	-0.099582	-0.015569
5.596464	104.737264	100.750000	20.476007	-0.098984	-0.014664
5.460081	104.365698	101.000000	20.476007	-0.098413	-0.013810
5.327811	103.929697	101.250000	20.358647	-0.097801	-0.016280
5.199523	103.520089	101.500000	20.358647	-0.097216	-0.015357
5.075047	103.135178	101.750000	20.358647	-0.096659	-0.014487
4.954226	102.773395	102.000000	20.358647	-0.096127	-0.013666
4.836997	102.249361	102.250000	20.103870	-0.095476	-0.019905
4.723296	101.756212	102.500000	20.103870	-0.094853	-0.018826
4.612966	101.291944	102.750000	20.103870	-0.094260	-0.017808
4.505865	100.854706	103.000000	20.103870	-0.093696	-0.016847
4.400925	102.547934	103.250000	22.799955	-0.094807	0.065021
4.297222	104.184984	103.500000	22.799955	-0.095910	0.061827
4.194829	105.765243	103.750000	22.799955	-0.096970	0.058746
4.093813	107.288382	104.000000	22.799955	-0.097988	0.055779
3.994777	107.407638	104.250000	21.236910	-0.097907	0.004368
3.898236	107.522828	104.500000	21.236910	-0.097806	0.004214
3.804123	107.634100	104.750000	21.236910	-0.097707	0.004067
3.712374	107.741598	105.000000	21.236910	-0.097609	0.003925
3.622788	108.220669	105.250000	21.688270	-0.097808	0.017324
3.535189	108.678346	105.500000	21.688270	-0.097999	0.016478
3.449550	109.115442	105.750000	21.688270	-0.098177	0.015672
3.365839	109.532755	106.000000	21.688270	-0.098344	0.014903
3.284504	108.497645	106.250000	19.900308	-0.097376	-0.036966
3.205905	107.527893	106.500000	19.900308	-0.096442	-0.034961
3.129895	106.618511	106.750000	19.900308	-0.095561	-0.033079
3.056340	105.764985	107.000000	19.900308	-0.094730	-0.031311
2.984559	106.815609	107.250000	22.236355	-0.095397	0.038564
2.913967	107.822728	107.500000	22.236355	-0.096063	0.036604
2.844584	108.787235	107.750000	22.236355	-0.096696	0.034729
2.776424	109.710105	108.000000	22.236355	-0.097299	0.032936
2.709992	108.793550	108.250000	20.056492	-0.096461	-0.032661
2.645705	107.933958	108.500000	20.056492	-0.095644	-0.030888
2.583455	107.127115	108.750000	20.056492	-0.094873	-0.029223
2.523142	106.369193	109.000000	20.056492	-0.094145	-0.027657
2.464246	107.371950	109.250000	22.198146	-0.094802	0.036598
2.406323	108.332250	109.500000	22.198146	-0.095455	0.034722
2.349387	109.251064	109.750000	22.198146	-0.096077	0.032928
2.293452	110.129428	110.000000	22.198146	-0.096668	0.031215
2.238077	112.965545	110.250000	24.286901	-0.098794	0.099017
2.182880	115.714282	110.500000	24.286901	-0.100884	0.093560
2.127953	118.371114	110.750000	24.286901	-0.102901	0.088287
2.073382	120.932395	111.000000	24.286901	-0.104843	0.083204
2.020055	119.445125	111.250000	20.243111	-0.103611	-0.048066
1.968715	118.062023	111.500000	20.243111	-0.102400	-0.045255
1.919241	116.774024	111.750000	20.243111	-0.101269	-0.042636
1.871521	115.573055	112.000000	20.243111	-0.100211	-0.040192
1.825315	115.205050	112.250000	21.144133	-0.099812	-0.012390
1.780417	114.859736	112.500000	21.144133	-0.099445	-0.011662
1.736778	114.535631	112.750000	21.144133	-0.099098	-0.010978
1.694352	114.231361	113.000000	21.144133	-0.098770	-0.010335
1.653052	114.200450	113.250000	21.438226	-0.098658	-0.001037
1.612800	114.172168	113.500000	21.438226	-0.098555	-0.000949
1.573569	114.146343	113.750000	21.438226	-0.098456	-0.000865
1.535329	114.122815	114.000000	21.438226	-0.098360	-0.000788
1.498039	114.201169	114.250000	21.551698	-0.098347	0.002685
1.461659	114.276041	114.500000	21.551698	-0.098334	0.002564
1.426167	114.347599	114.750000	21.551698	-0.098320	0.002449
1.391541	114.416002	115.000000	21.551698	-0.098306	0.002340
1.357995	112.781981	115.250000	19.468819	-0.096958	-0.055973
1.325698	111.259737	115.500000	19.468819	-0.095673	-0.052899
1.294569	109.839465	115.750000	19.468819	-0.094473	-0.050029
1.264539	108.512451	116.000000	19.468819	-0.093350	-0.047348
1.235288	109.286680	116.250000	22.015072	-0.093878	0.027712
1.206550	110.025450	116.500000	22.015072	-0.094412	0.026256
1.178327	110.729892	116.750000	22.015072	-0.094920	0.024868
1.150621	111.401153	117.000000	22.015072	-0.095402	0.023546
1.123401	112.346557	117.250000	22.354131	-0.096100	0.032912
1.096637	113.248294	117.500000	22.354131	-0.096768	0.031128
1.070336	114.107631	117.750000	22.354131	-0.097404	0.029429
1.044505	114.925885	118.000000	22.354131	-0.098007	0.027812
1.019230	114.900043	118.250000	21.471888	-0.097949	-0.000865
0.994583	114.876207	118.500000	21.471888	-0.097881	-0.000798
0.970549	114.854248	118.750000	21.471888	-0.097815	-0.000735
0.947111	114.834049	119.000000	21.471888	-0.097752	-0.000675
0.924415	113.096621	119.250000	19.355694	-0.096343	-0.059324
0.902574	111.479378	119.500000	19.355694	-0.095004	-0.056068
0.881534	109.971568	119.750000	19.355694	-0.093754	-0.053031
0.861245	108.563667	120.000000	19.355694	-0.092585	-0.050195
0.841097	113.976090	120.250000	26.640092	-0.096744	0.189425
0.820544	119.336851	120.500000	26.640092	-0.100992	0.178717
0.799650	124.618138	120.750000	26.640092	-0.105177	0.168168
0.778482	129.793805	121.000000	26.640092	-0.109277	0.157828
0.757503	129.567599	121.250000	22.189716	-0.109163	-0.006754
0.737130	129.356459	121.500000	22.189716	-0.108953	-0.006315
0.717342	129.159357	121.750000	22.189716	-0.108755	-0.005905
0.698118	128.975342	122.000000	22.189716	-0.108569	-0.005521
0.679275	131.216466	122.250000	24.368974	-0.110286	0.066780
0.660657	133.351078	122.500000	24.368974	-0.111958	0.062521
0.642289	135.379937	122.750000	24.368974	-0.113546	0.058474
0.624189	137.304405	123.000000	24.368974	-0.115051	0.054636
0.606525	136.734944	123.250000	22.337168	-0.114600	-0.016077
0.589430	136.205707	123.500000	22.337168	-0.114142	-0.015003
0.572880	135.713606	123.750000	22.337168	-0.113714	-0.014004
0.556853	135.255823	124.000000	22.337168	-0.113315	-0.013075
0.541132	138.384570	124.250000	25.317087	-0.115726	0.088498
0.525538	141.369869	124.500000	25.317087	-0.118086	0.082534
0.510100	144.209841	124.750000	25.317087	-0.120329	0.076860
0.000000	146.908553	125.000000	25.317087	-0.121469	0.071866
0.000000	148.270199	125.250000	24.434293	-0.122583	0.035610
0.000000	149.545856	125.500000	24.434293	-0.123605	0.033055
0.000000	150.739433	125.750000	24.434293	-0.124561	0.030665
0.000000	151.854877	126.000000	24.434293	-0.125455	0.028431
0.000000	153.288935	126.250000	24.718865	-0.126596	0.036235
0.000000	154.629276	126.500000	24.718865	-0.127670	0.033550
0.000000	155.880346	126.750000	24.718865	-0.128672	0.031045
0.000000	157.046629	127.000000	24.718865	-0.129607	0.028709
0.000000	158.212818	127.250000	24.774778	-0.130539	0.028486
0.000000	159.298012	127.500000	24.774778	-0.131409	0.026312
0.000000	160.306740	127.750000	24.774778	-0.132217	0.024292
0.000000	161.243444	128.000000	24.774778	-0.132967	0.022416
0.000000	159.713835	128.250000	23.067128	-0.131784	-0.036678
0.000000	158.314525	128.500000	23.067128	-0.130662	-0.033875
0.000000	157.032620	128.750000	23.067128	-0.129635	-0.031306
0.000000	155.856762	129.000000	23.067128	-0.128693	-0.028951
0.000000	155.511785	129.250000	23.624424	-0.128404	-0.008536
0.000000	155.193297	129.500000	23.624424	-0.128148	-0.007898
0.000000	154.899170	129.750000	23.624424	-0.127913	-0.007309
0.000000	154.627460	130.000000	23.624424	-0.127695	-0.006765
0.000000	159.802965	130.250000	27.335687	-0.131699	0.126758
0.000000	164.734819	130.500000	27.335687	-0.135649	0.116884
0.000000	169.411380	130.750000	27.335687	-0.139394	0.107520
0.000000	173.825178	131.000000	27.335687	-0.142929	0.098682
0.000000	172.800549	131.250000	24.187551	-0.142244	-0.022678
0.000000	171.866050	131.500000	24.187551	-0.141496	-0.020806
0.000000	171.012955	131.750000	24.187551	-0.140812	-0.019097
0.000000	170.233506	132.000000	24.187551	-0.140187	-0.017535
0.000000	168.549462	132.250000	23.526217	-0.138854	-0.038174
0.000000	167.016240	132.500000	23.526217	-0.137625	-0.035102
0.000000	165.618189	132.750000	23.526217	-0.136505	-0.032301
0.000000	164.341604	133.000000	23.526217	-0.135482	-0.029743
0.000000	166.214586	133.250000	25.583421	-0.136926	0.043551
0.000000	167.957077	133.500000	25.583421	-0.138322	0.040061
0.000000	169.575346	133.750000	25.583421	-0.139618	0.036820
0.000000	171.075815	134.000000	25.583421	-0.140820	0.033814
0.000000	169.968211	134.250000	23.971469	-0.139980	-0.024933
0.000000	168.957175	134.500000	23.971469	-0.139170	-0.022908
0.000000	168.033351	134.750000	23.971469	-0.138429	-0.021057
0.000000	167.188437	135.000000	23.971469	-0.137752	-0.019364
0.000000	166.400751	135.250000	23.961649	-0.137121	-0.018144
0.000000	165.679232	135.500000	23.961649	-0.136543	-0.016698
0.000000	165.017843	135.750000	23.961649	-0.136013	-0.015373
0.000000	164.411173	136.000000	23.961649	-0.135527	-0.014158
0.000000	164.934824	136.250000	24.700701	-0.135927	0.012223
0.000000	165.418500	136.500000	24.700701	-0.136315	0.011254
0.000000	165.865036	136.750000	24.700701	-0.136673	0.010360
0.000000	166.277101	137.000000	24.700701	-0.137003	0.009534
0.000000	164.957727	137.250000	23.536307	-0.135975	-0.030617
0.000000	163.752077	137.500000	23.536307	-0.135009	-0.028201
0.000000	162.649019	137.750000	23.536307	-0.134125	-0.025991
0.000000	161.638707	138.000000	23.536307	-0.133315	-0.023967
0.000000	159.955890	138.250000	22.977857	-0.131980	-0.040269
0.000000	158.417992	138.500000	22.977857	-0.130747	-0.037188
0.000000	157.010369	138.750000	22.977857	-0.129619	-0.034368
0.000000	155.720165	139.000000	22.977857	-0.128585	-0.031783
0.000000	153.499587	139.250000	22.151597	-0.126823	-0.055349
0.000000	151.471344	139.500000	22.151597	-0.125198	-0.051285
0.000000	149.615011	139.750000	22.151597	-0.123710	-0.047566
0.000000	147.912853	140.000000	22.151597	-0.122346	-0.044156
0.000000	156.004497	140.250000	70.970466	-0.128355	0.205305
0.000000	163.882793	140.500000	70.970466	-0.134662	0.189539
0.000000	171.493242	140.750000	70.970466	-0.140755	0.174306
0.000000	178.789268	141.000000	70.970466	-0.146597	0.159701
0.000000	183.686223	141.250000	72.073308	-0.150764	0.103429
0.000000	188.270500	141.500000	72.073308	-0.154436	0.094248
0.000000	192.542435	141.750000	72.073308	-0.157859	0.085692
0.000000	196.506337	142.000000	72.073308	-0.161035	0.077752
0.000000	201.076901	142.250000	71.619007	-0.164621	0.087635
0.000000	205.301905	142.500000	71.619007	-0.168006	0.079171
0.000000	209.191004	142.750000	71.619007	-0.171123	0.071380
0.000000	212.757001	143.000000	71.619007	-0.173980	0.064235
0.000000	216.225046	143.250000	71.521504	-0.176739	0.061393
0.000000	219.385909	143.500000	71.521504	-0.179273	0.055060
0.000000	222.257698	143.750000	71.521504	-0.181575	0.049305
0.000000	224.859359	144.000000	71.521504	-0.183660	0.044091
0.000000	228.827816	144.250000	70.811870	-0.186628	0.066225
0.000000	232.426412	144.500000	70.811870	-0.189513	0.059014
0.000000	235.677882	144.750000	70.811870	-0.192120	0.052497
0.000000	238.606164	145.000000	70.811870	-0.194467	0.046628
0.000000	241.553605	145.250000	70.680439	-0.196775	0.046326
0.000000	244.196208	145.500000	70.680439	-0.198894	0.041029
0.000000	246.559240	145.750000	70.680439	-0.200788	0.036292
0.000000	248.667280	146.000000	70.680439	-0.202479	0.032066
0.000000	245.919454	146.250000	72.569097	-0.200709	-0.041864
0.000000	243.514928	146.500000	72.569097	-0.198780	-0.037042
0.000000	241.405729	146.750000	72.569097	-0.197088	-0.032812
0.000000	239.551666	147.000000	72.569097	-0.195601	-0.029095
0.000000	237.433648	147.250000	72.779949	-0.193923	-0.033530
0.000000	235.568465	147.500000	72.779949	-0.192427	-0.029791
0.000000	233.922860	147.750000	72.779949	-0.191107	-0.026491
0.000000	232.468585	148.000000	72.779949	-0.189941	-0.023575
0.000000	230.521435	148.250000	73.076681	-0.188403	-0.031811
0.000000	228.800043	148.500000	73.076681	-0.187023	-0.028360
0.000000	227.275603	148.750000	73.076681	-0.185800	-0.025304
0.000000	225.923517	149.000000	73.076681	-0.184716	-0.022593
0.000000	232.854933	149.250000	69.502217	-0.188918	0.114309
0.000000	239.203599	149.500000	69.502217	-0.194007	0.101588
0.000000	244.981696	149.750000	69.502217	-0.198638	0.090009
0.000000	250.210185	150.000000	69.502217	-0.202829	0.079531
0.000000	255.878642	150.250000	69.129061	-0.206866	0.084253
0.000000	260.972740	150.500000	69.129061	-0.210950	0.074043
0.000000	265.527391	150.750000	69.129061	-0.214602	0.064912
0.000000	269.581186	151.000000	69.129061	-0.217853	0.056786
0.000000	266.025449	151.250000	71.790782	-0.216729	-0.049774
0.000000	262.951206	151.500000	71.790782	-0.214263	-0.043608
0.000000	260.285038	151.750000	71.790782	-0.212124	-0.038261
0.000000	257.966583	152.000000	71.790782	-0.210264	-0.033611
0.000000	258.215260	152.250000	70.898677	-0.210225	0.003620
0.000000	258.434015	152.500000	70.898677	-0.210400	0.003181
0.000000	258.626407	152.750000	70.898677	-0.210555	0.002796
0.000000	258.795580	153.000000	70.898677	-0.210690	0.002456
0.000000	253.743436	153.250000	72.972282	-0.207023	-0.074119
0.000000	249.375266	153.500000	72.972282	-0.203518	-0.065358
0.000000	245.581868	153.750000	72.972282	-0.200475	-0.057750
0.000000	242.275044	154.000000	72.972282	-0.197822	-0.051119
0.000000	239.939711	154.250000	72.731072	-0.195928	-0.036547
0.000000	237.887285	154.500000	72.731072	-0.194282	-0.032431
0.000000	236.079775	154.750000	72.731072	-0.192832	-0.028807
0.000000	234.485069	155.000000	72.731072	-0.191553	-0.025610
0.000000	239.816442	155.250000	69.861829	-0.194862	0.084885
0.000000	244.646964	155.500000	69.861829	-0.198734	0.075204
0.000000	249.002577	155.750000	69.861829	-0.202226	0.066475
0.000000	252.912883	156.000000	69.861829	-0.205361	0.058637
0.000000	254.275443	156.250000	70.694839	-0.206982	0.020208
0.000000	255.481424	156.500000	70.694839	-0.207949	0.017790
0.000000	256.547529	156.750000	70.694839	-0.208804	0.015653
0.000000	257.488975	157.000000	70.694839	-0.209559	0.013765
0.000000	255.982168	157.250000	71.610709	-0.208636	-0.022060
0.000000	254.663701	157.500000	71.610709	-0.207579	-0.019416
0.000000	253.508505	157.750000	71.610709	-0.206652	-0.017099
0.000000	252.495190	158.000000	71.610709	-0.205839	-0.015067
0.000000	252.726201	158.250000	71.161889	-0.205911	0.003440
0.000000	252.929965	158.500000	71.161889	-0.206075	0.003032
0.000000	253.109660	158.750000	71.161889	-0.206219	0.002672
0.000000	253.268099	159.000000	71.161889	-0.206346	0.002354
0.000000	256.070457	159.250000	70.116329	-0.208094	0.041374
0.000000	258.561732	159.500000	70.116329	-0.210092	0.036379
0.000000	260.770937	159.750000	70.116329	-0.211864	0.031950
0.000000	262.725674	160.000000	70.116329	-0.213431	0.028031
0.000000	239.304253	160.250000	17.762883	-0.195769	-0.351772
0.000000	220.283399	160.500000	17.762883	-0.180492	-0.313579
0.000000	204.536739	160.750000	17.762883	-0.167849	-0.281972
0.000000	191.292067	161.000000	17.762883	-0.157218	-0.255394
0.000000	180.671193	161.250000	18.409747	-0.148684	-0.218530
0.000000	171.484892	161.500000	18.409747	-0.141315	-0.200106
0.000000	163.465712	161.750000	18.409747	-0.134882	-0.184025
0.000000	156.408769	162.000000	18.409747	-0.129223	-0.169876
0.000000	152.825671	162.250000	21.046151	-0.126305	-0.089313
0.000000	149.579537	162.500000	21.046151	-0.123703	-0.082809
0.000000	146.629097	162.750000	21.046151	-0.121338	-0.076897
0.000000	143.939475	163.000000	21.046151	-0.119182	-0.071507
0.000000	141.580159	163.250000	21.140315	-0.117290	-0.063873
0.000000	139.416927	163.500000	21.140315	-0.115556	-0.059539
0.000000	137.429181	163.750000	21.140315	-0.113963	-0.055557
0.000000	135.599044	164.000000	21.140315	-0.112497	-0.051891
0.000000	131.324359	164.250000	18.227187	-0.109114	-0.124087
0.000000	127.443713	164.500000	18.227187	-0.106004	-0.116311
0.000000	123.907056	164.750000	18.227187	-0.103169	-0.109225
0.000000	120.672454	165.000000	18.227187	-0.100577	-0.102744
0.000000	118.233585	165.250000	18.960565	-0.098614	-0.079358
0.000000	115.979891	165.500000	18.960565	-0.096808	-0.074844
0.000000	113.892607	165.750000	18.960565	-0.095136	-0.070663
0.000000	111.955401	166.000000	18.960565	-0.093584	-0.066783
0.000000	110.818616	166.250000	19.873329	-0.092662	-0.039743
0.000000	109.753740	166.500000	19.873329	-0.091809	-0.037610
0.000000	108.755161	166.750000	19.873329	-0.091009	-0.035611
0.000000	107.817815	167.000000	19.873329	-0.090258	-0.033734
0.000000	107.242553	167.250000	20.283000	-0.089792	-0.020852
0.000000	106.700160	167.500000	20.283000	-0.089358	-0.019766
0.000000	106.188480	167.750000	20.283000	-0.088948	-0.018741
0.000000	105.705526	168.000000	20.283000	-0.088561	-0.017774
0.000000	102.867231	168.250000	16.473334	-0.086327	-0.106181
0.000000	100.241875	168.500000	16.473334	-0.084223	-0.100922
0.000000	97.807090	168.750000	16.473334	-0.082273	-0.096045
0.000000	95.543530	169.000000	16.473334	-0.080459	-0.091511
0.000000	94.844889	169.250000	19.106367	-0.079876	-0.028692
0.000000	94.183367	169.500000	19.106367	-0.079346	-0.027367
0.000000	93.556579	169.750000	19.106367	-0.078844	-0.026112
0.000000	92.962327	170.000000	19.106367	-0.078369	-0.024922
0.000000	92.395192	170.250000	19.100666	-0.077914	-0.023937
0.000000	91.856892	170.500000	19.100666	-0.077483	-0.022860
0.000000	91.345686	170.750000	19.100666	-0.077074	-0.021836
0.000000	90.859961	171.000000	19.100666	-0.076685	-0.020864
0.000000	90.676536	171.250000	19.568001	-0.076534	-0.007908
0.000000	90.501588	171.500000	19.568001	-0.076393	-0.007558
0.000000	90.334695	171.750000	19.568001	-0.076260	-0.007224
0.000000	90.175460	172.000000	19.568001	-0.076132	-0.006905
0.000000	90.161489	172.250000	19.794144	-0.076119	-0.000606
0.000000	90.148135	172.500000	19.794144	-0.076108	-0.000580
0.000000	90.135371	172.750000	19.794144	-0.076098	-0.000554
0.000000	90.123172	173.000000	19.794144	-0.076088	-0.000530
0.000000	90.290249	173.250000	20.080730	-0.076219	0.007249
0.000000	90.450240	173.500000	20.080730	-0.076347	0.006929
0.000000	90.603422	173.750000	20.080730	-0.076470	0.006622
0.000000	90.750062	174.000000	20.080730	-0.076587	0.006329
0.000000	91.829811	174.250000	21.476493	-0.077436	0.046280
0.000000	92.873100	174.500000	21.476493	-0.078271	0.044192
0.000000	93.880110	174.750000	21.476493	-0.079078	0.042177
0.000000	94.851125	175.000000	21.476493	-0.079855	0.040233
0.000000	94.377353	175.250000	19.411886	-0.079499	-0.019578
0.000000	93.927626	175.500000	19.411886	-0.079139	-0.018678
0.000000	93.500530	175.750000	19.411886	-0.078797	-0.017823
0.000000	93.094753	176.000000	19.411886	-0.078472	-0.017011
0.000000	92.255917	176.250000	18.646550	-0.077807	-0.035407
0.000000	91.461955	176.500000	18.646550	-0.077171	-0.033818
0.000000	90.709868	176.750000	18.646550	-0.076569	-0.032312
0.000000	89.996912	177.000000	18.646550	-0.075998	-0.030884
0.000000	90.561115	177.250000	20.686444	-0.076429	0.024460
0.000000	91.103646	177.500000	20.686444	-0.076864	0.023374
0.000000	91.625055	177.750000	20.686444	-0.077281	0.022330
0.000000	92.125903	178.000000	20.686444	-0.077682	0.021328
0.000000	91.041507	178.250000	18.106074	-0.076839	-0.046331
0.000000	90.017299	178.500000	18.106074	-0.076019	-0.044280
0.000000	89.048945	178.750000	18.106074	-0.075244	-0.042341
0.000000	88.132512	179.000000	18.106074	-0.074510	-0.040506
0.000000	86.763595	179.250000	17.075888	-0.073422	-0.061315
0.000000	85.472734	179.500000	17.075888	-0.072388	-0.058731
0.000000	84.253905	179.750000	17.075888	-0.071412	-0.056290
0.000000	83.101683	180.000000	17.075888	-0.070489	-0.053983
0.000000	92.941204	180.250000	68.483999	-0.075151	0.438064
0.000000	103.418854	180.500000	68.483999	-0.083524	0.417133
0.000000	114.459864	180.750000	68.483999	-0.092348	0.395072
0.000000	125.966959	181.000000	68.483999	-0.101547	0.372074
0.000000	137.477601	181.250000	68.725170	-0.111316	0.338678
0.000000	149.171368	181.500000	68.725170	-0.120669	0.315295
0.000000	160.913327	181.750000	68.725170	-0.130063	0.291811
0.000000	172.566312	182.000000	68.725170	-0.139388	0.268499
0.000000	181.355671	182.250000	70.133052	-0.148238	0.190326
0.000000	189.774084	182.500000	70.133052	-0.154979	0.173474
0.000000	197.769681	182.750000	70.133052	-0.161383	0.157465
0.000000	205.303270	183.000000	70.133052	-0.167417	0.142378
0.000000	213.116644	183.250000	69.777943	-0.173390	0.141982
0.000000	220.394148	183.500000	69.777943	-0.179221	0.127405
0.000000	227.123397	183.750000	69.777943	-0.184613	0.113925
0.000000	233.303962	184.000000	69.777943	-0.189566	0.101542
0.000000	236.717174	184.250000	70.707350	-0.192909	0.054871
0.000000	239.791351	184.500000	70.707350	-0.195374	0.048709
0.000000	242.551657	184.750000	70.707350	-0.197587	0.043177
0.000000	245.023298	185.000000	70.707350	-0.199569	0.038222
0.000000	254.058278	185.250000	68.006367	-0.202606	0.136286
0.000000	262.291631	185.500000	68.006367	-0.209206	0.119787
0.000000	269.732948	185.750000	68.006367	-0.215171	0.104873
0.000000	276.408532	186.000000	68.006367	-0.220524	0.091492
0.000000	280.200141	186.250000	68.771291	-0.225719	0.050927
0.000000	283.538442	186.500000	68.771291	-0.228396	0.044233
0.000000	286.467813	186.750000	68.771291	-0.230746	0.038359
0.000000	289.030810	187.000000	68.771291	-0.232802	0.033219
0.000000	283.198599	187.250000	71.597137	-0.230471	-0.076081
0.000000	278.232243	187.500000	71.597137	-0.226485	-0.066117
0.000000	273.982036	187.750000	71.597137	-0.223074	-0.057591
0.000000	270.329145	188.000000	71.597137	-0.220143	-0.050263
0.000000	272.399261	188.250000	69.652747	-0.220788	0.028566
0.000000	274.218774	188.500000	69.652747	-0.222248	0.024918
0.000000	275.815106	188.750000	69.652747	-0.223528	0.021717
0.000000	277.213394	189.000000	69.652747	-0.224650	0.018912
0.000000	278.299669	189.250000	69.701798	-0.225571	0.014622
0.000000	279.248308	189.500000	69.701798	-0.226332	0.012720
0.000000	280.075962	189.750000	69.701798	-0.226996	0.011060
0.000000	280.797462	190.000000	69.701798	-0.227575	0.009613
0.000000	279.243799	190.250000	70.481278	-0.226907	-0.020735
0.000000	277.899613	190.500000	70.481278	-0.225828	-0.018039
0.000000	276.735089	190.750000	70.481278	-0.224894	-0.015704
0.000000	275.725036	191.000000	70.481278	-0.224084	-0.013678
0.000000	277.277855	191.250000	69.601187	-0.224647	0.021004
0.000000	278.636791	191.500000	69.601187	-0.225737	0.018278
0.000000	279.824432	191.750000	69.601187	-0.226689	0.015897
0.000000	280.861135	192.000000	69.601187	-0.227521	0.013818
0.000000	281.545153	192.250000	69.679183	-0.228152	0.009087
0.000000	282.140707	192.500000	69.679183	-0.228630	0.007893
0.000000	282.658927	192.750000	69.679183	-0.229045	0.006853
0.000000	283.109623	193.000000	69.679183	-0.229407	0.005949
0.000000	286.619559	193.250000	68.587454	-0.230457	0.045984
0.000000	289.696153	193.500000	68.587454	-0.232924	0.039814
0.000000	292.384603	193.750000	68.587454	-0.235081	0.034423
0.000000	294.727552	194.000000	68.587454	-0.236961	0.029724
0.000000	297.200124	194.250000	68.440674	-0.238572	0.031095
0.000000	299.347965	194.500000	68.440674	-0.240295	0.026787
0.000000	301.209709	194.750000	68.440674	-0.241789	0.023053
0.000000	302.820454	195.000000	68.440674	-0.243081	0.019822
0.000000	294.487355	195.250000	71.718299	-0.239557	-0.103834
0.000000	287.480501	195.500000	71.718299	-0.233933	-0.089773
0.000000	281.547138	195.750000	71.718299	-0.229171	-0.077867
0.000000	276.492737	196.000000	71.718299	-0.225114	-0.067727
0.000000	277.403861	196.250000	69.797437	-0.224945	0.012303
0.000000	278.199434	196.500000	69.797437	-0.225583	0.010707
0.000000	278.893557	196.750000	69.797437	-0.226140	0.009315
0.000000	279.498745	197.000000	69.797437	-0.226625	0.008102
0.000000	282.618191	197.250000	68.878328	-0.227872	0.041461
0.000000	285.354873	197.500000	68.878328	-0.230067	0.035973
0.000000	287.749178	197.750000	68.878328	-0.231988	0.031172
0.000000	289.838919	198.000000	68.878328	-0.233664	0.026981
0.000000	287.035932	198.250000	70.478434	-0.233157	-0.036244
0.000000	284.629689	198.500000	70.478434	-0.231227	-0.031417
0.000000	282.559037	198.750000	70.478434	-0.229565	-0.027264
0.000000	280.773463	199.000000	70.478434	-0.228132	-0.023682
0.000000	280.173643	199.250000	70.140402	-0.227444	-0.007991
0.000000	279.653275	199.500000	70.140402	-0.227027	-0.006947
0.000000	279.201599	199.750000	70.140402	-0.226664	-0.006042
0.000000	278.809369	200.000000	70.140402	-0.226349	-0.005255
0.000000	251.791947	200.250000	82.491274	-0.205808	-0.382701
0.000000	230.158111	200.500000	82.491274	-0.188428	-0.339251
0.000000	212.451998	200.750000	82.491274	-0.174209	-0.303703
0.000000	197.699257	201.000000	82.491274	-0.162366	-0.274094
0.000000	183.900855	201.250000	83.924337	-0.151313	-0.276496
0.000000	172.157779	201.500000	83.924337	-0.141890	-0.252937
0.000000	162.045117	201.750000	83.924337	-0.133776	-0.232653
0.000000	153.247527	202.000000	83.924337	-0.126719	-0.215011
0.000000	145.233131	202.250000	84.370235	-0.120296	-0.207315
0.000000	138.157099	202.500000	84.370235	-0.114622	-0.193128
0.000000	131.865037	202.750000	84.370235	-0.109577	-0.180515
0.000000	126.234658	203.000000	84.370235	-0.105063	-0.169230
0.000000	120.713396	203.250000	85.271473	-0.100644	-0.173680
0.000000	115.736574	203.500000	85.271473	-0.096654	-0.163706
0.000000	111.228067	203.750000	85.271473	-0.093041	-0.154672
0.000000	107.125309	204.000000	85.271473	-0.089752	-0.146451
0.000000	104.934477	204.250000	82.164157	-0.087971	-0.080573
0.000000	102.897093	204.500000	82.164157	-0.086339	-0.076493
0.000000	100.998542	204.750000	82.164157	-0.084818	-0.072690
0.000000	99.225996	205.000000	82.164157	-0.083398	-0.069140
0.000000	97.069952	205.250000	83.104730	-0.081679	-0.085825
0.000000	95.059659	205.500000	83.104730	-0.080068	-0.081799
0.000000	93.181488	205.750000	83.104730	-0.078564	-0.078038
0.000000	91.423454	206.000000	83.104730	-0.077155	-0.074517
0.000000	89.029104	206.250000	84.891120	-0.075250	-0.103882
0.000000	86.797718	206.500000	84.891120	-0.073462	-0.099413
0.000000	84.713553	206.750000	84.891120	-0.071793	-0.095239
0.000000	82.762832	207.000000	84.891120	-0.070230	-0.091332
0.000000	80.905311	207.250000	84.974909	-0.068742	-0.089033
0.000000	79.160701	207.500000	84.974909	-0.067345	-0.085539
0.000000	77.519275	207.750000	84.974909	-0.066030	-0.082252
0.000000	75.972390	208.000000	84.974909	-0.064791	-0.079155
0.000000	74.116640	208.250000	86.399080	-0.063312	-0.097155
0.000000	72.371313	208.500000	86.399080	-0.061914	-0.093660
0.000000	70.726970	208.750000	86.399080	-0.060597	-0.090368
0.000000	69.175215	209.000000	86.399080	-0.059354	-0.087261
0.000000	68.973383	209.250000	82.289679	-0.059171	-0.011495
0.000000	68.778952	209.500000	82.289679	-0.059016	-0.011106
0.000000	68.591614	209.750000	82.289679	-0.058866	-0.010731
0.000000	68.411077	210.000000	82.289679	-0.058721	-0.010370
0.000000	67.772327	210.250000	83.576677	-0.058217	-0.036914
0.000000	67.160530	210.500000	83.576677	-0.057727	-0.035689
0.000000	66.574191	210.750000	83.576677	-0.057258	-0.034516
0.000000	66.011919	211.000000	83.576677	-0.056808	-0.033390
0.000000	64.868499	211.250000	85.717024	-0.055902	-0.068804
0.000000	63.780446	211.500000	85.717024	-0.055031	-0.066625
0.000000	62.743950	211.750000	85.717024	-0.054201	-0.064550
0.000000	61.755543	212.000000	85.717024	-0.053409	-0.062572
0.000000	60.723484	212.250000	86.119302	-0.052584	-0.066429
0.000000	59.738777	212.500000	86.119302	-0.051796	-0.064458
0.000000	58.798322	212.750000	86.119302	-0.051043	-0.062576
0.000000	57.899287	213.000000	86.119302	-0.050323	-0.060776
0.000000	57.804794	213.250000	83.068368	-0.050235	-0.006443
0.000000	57.713140	213.500000	83.068368	-0.050161	-0.006260
0.000000	57.624232	213.750000	83.068368	-0.050090	-0.006082
0.000000	57.537981	214.000000	83.068368	-0.050021	-0.005909
0.000000	56.951646	214.250000	84.935521	-0.049560	-0.040411
0.000000	56.387499	214.500000	84.935521	-0.049108	-0.039282
0.000000	55.844394	214.750000	84.935521	-0.048673	-0.038195
0.000000	55.321262	215.000000	84.935521	-0.048255	-0.037148
0.000000	54.444079	215.250000	86.801457	-0.047558	-0.063096
0.000000	53.603811	215.500000	86.801457	-0.046886	-0.061414
0.000000	52.798226	215.750000	86.801457	-0.046241	-0.059802
0.000000	52.025271	216.000000	86.801457	-0.045622	-0.058255
0.000000	51.723712	216.250000	84.534195	-0.045373	-0.022965
0.000000	51.431533	216.500000	84.534195	-0.045139	-0.022380
0.000000	51.148360	216.750000	84.534195	-0.044913	-0.021814
0.000000	50.873839	217.000000	84.534195	-0.044693	-0.021264
0.000000	50.600571	217.250000	84.565914	-0.044474	-0.021283
0.000000	50.335544	217.500000	84.565914	-0.044262	-0.020752
0.000000	50.078441	217.750000	84.565914	-0.044056	-0.020238
0.000000	49.828960	218.000000	84.565914	-0.043857	-0.019739
0.000000	49.473678	218.250000	85.105020	-0.043574	-0.028283
0.000000	49.129518	218.500000	85.105020	-0.043298	-0.027594
0.000000	48.796017	218.750000	85.105020	-0.043031	-0.026927
0.000000	48.472738	219.000000	85.105020	-0.042773	-0.026280
0.000000	48.367926	219.250000	84.115010	-0.042685	-0.008558
0.000000	48.265837	219.500000	84.115010	-0.042604	-0.008354
0.000000	48.166391	219.750000	84.115010	-0.042524	-0.008155
0.000000	48.069508	220.000000	84.115010	-0.042447	-0.007961
0.000000	58.710277	220.250000	61.458333	0.237907	0.789381
0.000000	71.291979	220.500000	61.458333	0.227874	0.764299
0.000000	85.982239	220.750000	61.458333	0.216157	0.735006
0.000000	102.884007	221.000000	61.458333	0.202671	0.701291
0.000000	118.697212	221.250000	64.441665	-0.041842	0.556510
0.000000	135.817105	221.500000	64.441665	-0.055519	0.522319
0.000000	154.037679	221.750000	64.441665	-0.070079	0.485916
0.000000	173.080450	222.000000	64.441665	-0.085303	0.447857
0.000000	196.401946	222.250000	62.327361	0.027156	0.483120
0.000000	220.248270	222.500000	62.327361	0.008083	0.435438
0.000000	244.058900	222.750000	62.327361	-0.010971	0.387804
0.000000	267.276640	223.000000	62.327361	-0.029559	0.341334
0.000000	290.900518	223.250000	61.716364	0.018708	0.316299
0.000000	313.007786	223.500000	61.716364	0.000995	0.272016
0.000000	333.244664	223.750000	61.716364	-0.015227	0.231462
0.000000	351.398924	224.000000	61.716364	-0.029785	0.195068
0.000000	363.478289	224.250000	62.983857	-0.161925	0.123851
0.000000	373.868787	224.500000	62.983857	-0.170263	0.103005
0.000000	382.713946	224.750000	62.983857	-0.177363	0.085256
0.000000	390.177087	225.000000	62.983857	-0.183354	0.070278
0.000000	396.669668	225.250000	62.912930	-0.183343	0.059952
0.000000	402.075266	225.500000	62.912930	-0.187684	0.049101
0.000000	406.551483	225.750000	62.912930	-0.191278	0.040114
0.000000	410.241464	226.000000	62.912930	-0.194242	0.032705
0.000000	414.035186	226.250000	62.696654	-0.180288	0.033288
0.000000	417.145524	226.500000	62.696654	-0.182786	0.027043
0.000000	419.687612	226.750000	62.696654	-0.184828	0.021938
0.000000	421.759959	227.000000	62.696654	-0.186493	0.017776
0.000000	425.840923	227.250000	62.019444	-0.124952	0.034722
0.000000	429.168293	227.500000	62.019444	-0.127625	0.028040
0.000000	431.872157	227.750000	62.019444	-0.129797	0.022610
0.000000	434.063378	228.000000	62.019444	-0.131557	0.018209
0.000000	430.123557	228.250000	63.575256	-0.252885	-0.032821
0.000000	426.972391	228.500000	63.575256	-0.250352	-0.026491
0.000000	424.443988	228.750000	63.575256	-0.248321	-0.021412
0.000000	422.410091	229.000000	63.575256	-0.246687	-0.017326
0.000000	421.077073	229.250000	63.492307	-0.240978	-0.011405
0.000000	420.000239	229.500000	63.492307	-0.240112	-0.009242
0.000000	419.129411	229.750000	63.492307	-0.239413	-0.007493
0.000000	418.424560	230.000000	63.492307	-0.238847	-0.006078
0.000000	424.805833	230.250000	61.525157	-0.064092	0.054601
0.000000	430.037597	230.500000	61.525157	-0.068294	0.044095
0.000000	434.304409	230.750000	61.525157	-0.071722	0.035526
0.000000	437.769334	231.000000	61.525157	-0.074506	0.028567
0.000000	435.006978	231.250000	63.062695	-0.224973	-0.022760
0.000000	432.797352	231.500000	63.062695	-0.223198	-0.018321
0.000000	431.025914	231.750000	63.062695	-0.221774	-0.014763
0.000000	429.603230	232.000000	63.062695	-0.220631	-0.011905
0.000000	426.500529	232.250000	63.589904	-0.250773	-0.026117
0.000000	424.010188	232.500000	63.589904	-0.248772	-0.021114
0.000000	422.006324	232.750000	63.589904	-0.247162	-0.017089
0.000000	420.390645	233.000000	63.589904	-0.245864	-0.013844
0.000000	425.872239	233.250000	61.686057	-0.085779	0.046718
0.000000	430.355077	233.500000	61.686057	-0.089380	0.037716
0.000000	434.004634	233.750000	61.686057	-0.092311	0.030387
0.000000	436.964909	234.000000	61.686057	-0.094690	0.024441
0.000000	428.045134	234.250000	64.716238	-0.298669	-0.074246
0.000000	420.977979	234.500000	64.716238	-0.292990	-0.060047
0.000000	415.338549	234.750000	64.716238	-0.288458	-0.048718
0.000000	410.812725	235.000000	64.716238	-0.284821	-0.039627
0.000000	415.185174	235.250000	62.502350	-0.164487	0.038277
0.000000	418.772442	235.500000	62.502350	-0.167369	0.031074
0.000000	421.704927	235.750000	62.502350	-0.169724	0.025185
0.000000	424.095080	236.000000	62.502350	-0.171644	0.020385
0.000000	420.732458	236.250000	63.949671	-0.264065	-0.028723
0.000000	418.027476	236.500000	63.949671	-0.261892	-0.023289
0.000000	415.845576	236.750000	63.949671	-0.260139	-0.018907
0.000000	414.081730	237.000000	63.949671	-0.258722	-0.015364
0.000000	424.217334	237.250000	60.613582	0.080690	0.087277
0.000000	432.598316	237.500000	60.613582	0.073959	0.070450
0.000000	439.470306	237.750000	60.613582	0.068440	0.056650
0.000000	445.066191	238.000000	60.613582	0.063944	0.045412
0.000000	444.501604	238.250000	62.068557	-0.145288	-0.004554
0.000000	444.050051	238.500000	62.068557	-0.144925	-0.003647
0.000000	443.688739	238.750000	62.068557	-0.144635	-0.002921
0.000000	443.399526	239.000000	62.068557	-0.144403	-0.002340
0.000000	442.594008	239.250000	62.226529	-0.160231	-0.006527
0.000000	441.949467	239.500000	62.226529	-0.159713	-0.005232
0.000000	441.433398	239.750000	62.226529	-0.159299	-0.004195
0.000000	441.019979	240.000000	62.226529	-0.158966	-0.003365
0.000000	465.170331	240.250000	48.263595	3.450219	0.190685
0.000000	485.252718	240.500000	48.263595	3.434091	0.150364
0.000000	501.619369	240.750000	48.263595	3.420941	0.117490
0.000000	514.740224	241.000000	48.263595	3.410397	0.091129
0.000000	525.595125	241.250000	49.139480	3.576245	0.073438
0.000000	534.098592	241.500000	49.139480	3.569408	0.056346
0.000000	540.703099	241.750000	49.139480	3.564097	0.043069
0.000000	545.798616	242.000000	49.139480	3.559999	0.032825
0.000000	547.856816	242.250000	46.944633	2.936942	0.013162
0.000000	549.427102	242.500000	46.944633	2.935679	0.010004
0.000000	550.623234	242.750000	46.944633	2.934717	0.007599
0.000000	551.533261	243.000000	46.944633	2.933985	0.005769
0.000000	551.443261	243.250000	46.398438	2.700600	-0.000570
0.000000	551.374958	243.500000	46.398438	2.700655	-0.000433
0.000000	551.323119	243.750000	46.398438	2.700697	-0.000328
0.000000	551.283773	244.000000	46.398438	2.700728	-0.000249
0.000000	554.022263	244.250000	49.572399	3.597361	0.017302
0.000000	556.107339	244.500000	49.572399	3.595684	0.013108
0.000000	557.691563	244.750000	49.572399	3.594410	0.009923
0.000000	558.893313	245.000000	49.572399	3.593443	0.007506
0.000000	556.496441	245.250000	46.081545	2.552175	-0.014991
0.000000	554.688675	245.500000	46.081545	2.553630	-0.011355
0.000000	553.322724	245.750000	46.081545	2.554728	-0.008607
0.000000	552.289179	246.000000	46.081545	2.555560	-0.006529
0.000000	550.149574	246.250000	45.338199	2.202081	-0.013561
0.000000	548.530121	246.500000	45.338199	2.203384	-0.010304
0.000000	547.302355	246.750000	45.338199	2.204372	-0.007835
0.000000	546.370382	247.000000	45.338199	2.205121	-0.005960
0.000000	547.140351	247.250000	46.160936	2.596376	0.004925
0.000000	547.726770	247.500000	46.160936	2.595904	0.003746
0.000000	548.173130	247.750000	46.160936	2.595545	0.002848
0.000000	548.512729	248.000000	46.160936	2.595272	0.002165
0.000000	551.195557	248.250000	48.140644	3.348030	0.017048
0.000000	553.241008	248.500000	48.140644	3.346385	0.012935
0.000000	554.797283	248.750000	48.140644	3.345133	0.009805
0.000000	555.979506	249.000000	48.140644	3.344182	0.007428
0.000000	556.378593	249.250000	47.604652	3.177751	0.002503
0.000000	556.680957	249.500000	47.604652	3.177508	0.001895
0.000000	556.909969	249.750000	47.604652	3.177324	0.001435
0.000000	557.083383	250.000000	47.604652	3.177184	0.001086
