688
2947
641
563
1336
970
783
2063
1949
1136
8190
1140
418
210
1390
2414
429
651
462
3225
2810
2352
2202
512
1154
3438
455
615
783
804
1612
969
1022
1007
5030
867
1107
618
1609
1169
1176
1621
673
1574
6218
5890
2496
140
1982
829
620
1182
1138
2688
1126
2164
2673
3674
2422
1455
1257
1026
513
625
485
725
1046
3739
416
2784
1308
4820
395
1320
379
895
638
296
1252
1568
3147
1004
1193
503
792
1430
835
4125
1134
2471
2109
1881
1098
1122
2642
1048
588
2814
1217
511
651
1056
1351
2446
1133
1341
70
1488
369
236
820
507
532
1572
2871
1398
471
464
1262
4616
538
727
424
700
807
1297
1624
2390
1362
3813
4981
3083
894
1361
425
2512
367
372
503
959
2700
707
5589
3086
875
434
566
1246
630
1222
950
1437
1430
4254
1020
2280
319
1050
1172
654
701
1816
700
1233
1578
2512
4431
2692
646
2586
1920
728
397
1225
955
4378
2426
646
733
656
2367
3023
2286
1230
1355
981
882
1173
1550
261
2053
2394
710
1287
399
843
454
1330
2415
1938
1137
2355
3431
1863
136
4126
1168
719
1381
1429
255
981
1725
4866
4400
320
404
1047
1136
892
399
705
1427
2286
3121
732
7764
525
410
479
706
2269
707
2490
1352
2421
1075
6858
684
838
1049
386
1726
1344
1158
1676
551
2512
1479
2846
3245
1360
502
1774
897
1439
1653
1119
1067
2669
2268
1536
3316
4099
689
727
565
694
1392
1538
1358
529
1742
2996
2250
558
470
3191
207
2314
2446
1673
2933
784
1937
2942
3308
969
995
239
1219
754
485
1573
3523
2621
686
4477
2128
3381
481
2106
204
824
867
1208
1965
2050
1724
1524
1122
3143
1466
344
569
1145
2431
1413
2766
5238
3609
5827
2101
689
779
437
1159
766
767
2038
1495
2155
2444
1619
2475
3108
859
135
842
501
627
351
394
2041
1711
5794
5276
607
712
432
691
1266
719
1279
667
3375
1271
5691
485
581
370
2215
1068
1046
817
1662
2590
3462
1190
3130
4966
2205
252
3412
474
1346
748
1227
801
1586
2095
1940
1238
1370
592
1006
1396
371
602
2720
658
2282
1822
3388
282
1723
494
806
1207
1024
1542
2842
1081
2430
722
1940
1010
4050
636
660
522
841
1005
1409
937
1411
2023
4230
7464
2323
647
327
185
1399
1722
1494
441
1799
1185
878
3610
844
1513
627
524
2218
718
1812
1454
1406
1717
438
4515
1355
500
1365
1101
1135
1597
3206
1000
1814
1405
676
2440
2870
1248
2653
3443
546
811
1237
1947
3668
1773
8965
1844
1085
796
701
849
372
1029
1581
1233
2958
1562
4036
4653
1884
1377
795
940
2035
1161
2029
885
1878
3071
1599
4087
942
615
465
514
909
392
1598
1705
1804
2323
4187
448
2051
528
673
1444
1527
2227
1163
741
1306
3576
8232
2468
1172
758
944
956
909
933
2483
1471
1858
2643
1465
3772
1848
374
1300
1571
1047
1289
655
840
1764
5117
336
2002
5281
652
831
881
1069
529
1487
713
1945
5905
1410
1257
1925
796
1851
2482
3664
762
1334
1416
3071
4939
392
5562
1644
368
642
1997
1148
857
611
1986
1396
2330
1242
815
3896
404
3520
1254
2055
810
423
392
778
1648
3104
2761
4764
494
5307
469
592
719
796
1126
1673
2335
1495
2488
768
1537
940
705
2181
629
1068
2452
2740
3341
1366
7490
2582
454
288
2500
1254
436
862
1438
2222
2008
3940
1892
2719
583
1754
2730
2143
782
1102
1570
1768
1952
1744
3336
2644
835
2025
3619
1121
889
1031
2196
487
1619
704
4161
1576
777
648
1398
463
385
1131
771
660
1110
1091
7319
1191
1283
515
322
1837
1340
1887
1792
2078
1858
275
1132
7348
673
682
1655
1097
1356
1942
354
2723
4671
663
1375
3287
568
764
1126
1757
1407
2007
562
2371
2958
5243
3082
1780
1156
338
3271
2011
1166
1349
1899
2556
901
544
3884
1897
626
911
706
740
763
1177
1523
2174
3685
1717
5162
2334
703
522
1427
1307
1529
1334
741
6304
445
3048
5158
2251
1672
1119
827
508
1003
1136
1057
897
2715
3058
6294
2213
652
425
1119
1898
593
823
617
594
3126
3463
299
1715
1678
3701
572
1049
790
1372
2167
2175
1883
578
3514
2138
1202
322
2656
401
846
864
1565
3336
4139
3983
1135
1591
523
200
623
1202
945
1380
1730
4138
2893
1327
921
1932
825
2153
4360
1060
763
1608
3864
1651
3198
1809
3862
866
869
2054
559
592
3150
2114
652
653
2198
4991
2615
3969
410
1994
594
544
1053
929
1686
1189
3977
2174
900
5718
1184
3256
549
1565
398
1312
2723
2244
2781
1430
1608
1632
2117
2810
573
1380
1911
1874
691
2296
1405
2818
168
2303
959
470
1957
1460
1250
729
531
1236
2192
7986
1907
580
853
3312
439
652
1019
1485
1218
673
2073
2397
8459
494
887
5401
3238
2475
826
933
2177
2098
2787
511
2404
2730
1025
2186
1018
1174
578
1554
1992
2169
1111
361
5627
1841
953
471
383
926
1277
400
271
2520
2811
2714
1694
2203
1094
598
1218
1174
681
504
625
1303
1952
4870
2486
3306
524
1274
1368
957
753
1560
2113
2148
2098
295
7802
1372
758
245
1260
963
601
1126
754
2003
1925
1403
3932
416
516
620
2775
435
715
863
1112
1593
865
1134
1980
2685
847
246
1495
691
757
1144
682
2785
5667
2619
514
4451
809
199
1966
552
905
810
1107
694
1021
4240
3722
1275
1119
1374
215
504
2808
3235
727
1725
318
1199
1059
642
278
2191
601
448
687
1247
1902
3143
2129
1167
7777
1072
798
708
404
816
2697
776
996
2485
5133
1761
4109
3675
544
770
3015
1325
1028
1109
378
3091
3274
3150
2579
2219
721
2160
1916
782
778
1564
428
1628
5334
2085
582
2231
1110
5304
630
1575
492
853
1493
2744
2155
602
1922
3661
593
907
980
1804
680
1626
1427
3640
432
1424
3124
4076
1420
702
560
378
1011
1546
2734
3757
6553
1607
2152
6149
822
2486
930
1170
1056
600
388
389
1480
2251
1063
2993
908
239
1738
931
1646
1773
1582
3318
1141
282
7132
3751
495
440
930
689
539
1156
1112
1260
1209
481
1189
1552
716
1086
865
2455
1144
667
1349
1967
1058
3580
5481
1018
383
1413
1402
454
1157
746
543
1975
2895
5587
2682
1433
441
2106
3237
917
323
442
1265
2480
960
3708
3142
1260
552
975
154
1001
1344
1041
505
887
2781
779
5822
368
689
5832
1553
980
1827
1570
1261
3679
2578
183
2021
3047
857
1229
895
925
584
715
871
2271
3097
685
2910
2312
688
3162
3168
2162
1396
742
1457
877
1796
2892
5522
724
1196
1335
544
562
1206
1401
2227
3901
1512
2334
2616
6555
430
4278
1146
1847
545
891
210
1083
742
3080
3394
2515
913
1099
677
152
787
398
1136
1228
3559
447
2343
1865
790
344
447
884
1078
398
999
2277
3165
1297
5934
2406
324
1667
899
503
1131
902
479
3206
3466
4163
2596
2284
983
190
1752
1563
1170
1417
1121
2181
2812
5879
2229
1395
1054
2038
2110
984
1068
1316
727
1224
2132
514
3793
2411
1332
1623
1104
341
1536
1408
926
2233
2677
4533
1929
3219
397
2332
1726
988
343
763
1882
1517
2578
3192
3724
754
