0
0
2
0
2
6
0
5
39
52
37
3
0
0
2
0
2
6
0
5
39
52
37
3
0
0
1.6
0
2.4
8.5
0
3.6
27.5
48.4
37
2.2
0
0
1.3
0
2.1
5.1
0
3.8
26.9
50.2
44.2
2.1
0
0
2.4
0
2.2
3.6
0
6.1
39.8
79.3
40.5
2.3
0
0
1.8
0
1.9
5.3
0
4.1
31.4
59.6
31.2
2
0
0
1.5
0
2
5.8
0
3.9
37.4
46.6
34.4
6.8
0
0
1.6
0
1.6
7.4
0
4.7
31.6
36.8
25.5
3.9
0
0
1.7
0
1.2
3.5
0
4.1
41.2
51.5
35.3
2.2
0
0
1.7
0
1.4
3.3
0
4.1
47.6
33.5
33.4
4.2
0
0
1.4
0
3.9
5.2
0
8.6
26.3
44.9
34.8
3
0
0
1.3
0
2.3
8.5
0
7.3
45.9
46.7
40.9
2.7
0
0
2.4
0
1.9
8.6
0
4.5
25.8
53.2
48.1
2.3
0
0
1.4
0
2
9.9
0
5
37.8
54.2
35.5
3.4
0
0
1.8
0
3.6
13.3
0
2.7
41.1
46.6
46
5.8
0
0
1.7
0
2.2
3.4
0
6.1
47.6
56.7
40.6
3.7
0
0
1.5
0
2
4.5
0
4
34.3
74.2
31.7
2
0
0
1.6
0
4
19.9
0
4
32.6
52.8
35.4
1.7
0
0
2.4
0
1.1
3.2
0
8
46.6
62.7
27.5
3
0
0
0.8
0
3.2
7.9
0
3.6
34.8
38.2
32.9
3
0
0
0.8
0
1.2
16.9
0
5.1
29.3
39.4
25.3
3.5
0
0
1.2
0
2.5
3.3
0
5.1
27.5
119.1
18.6
3.7
0
0
1.5
0
3.2
9.2
0
8.9
37.9
24.9
19.6
4.3
0
0
1.2
0
1.3
2.6
0
3.4
39.5
58
40.2
3.7
0
0
2.7
0
2.7
8.2
0
1.9
30.2
44.2
18.9
6.6
0
0
0.8
0
1.2
3.8
0
6.9
22.7
62.7
24.4
6.1
0
0
0.9
0
1.6
6.9
0
3.6
36.6
18.9
26
3
0
0
1.5
0
3.1
7
0
5.8
39.9
28.3
26
3.3
0
0
1.3
0
4.6
7
0
8.7
41.6
79.1
28.7
2.3
0
0
1.7
0
2
10.9
0
4.6
55
31
109.9
3.8
0
0
2.1
0
1.8
3.3
0
5.8
31.6
38.5
39
4.7
0
0
1.1
0
7.2
2.2
0
2.8
42.4
61.2
53.9
3.4
0
0
2.1
0
2.9
2.2
0
7.4
35.8
38.8
36.9
1.9
0
0
0.7
0
0.9
4.3
0
2.4
21.4
48.3
53.1
1.8
0
0
4.9
0
2.2
26.5
0
6.6
37.7
48.6
38.8
5.3
0
0
3
0
0.9
6
0
5.5
28.4
73.9
57
8.3
0
0
1.2
0
2.5
1.6
0
2.7
25.9
43.4
55.2
2.3
0
0
1.3
0
2.4
3.7
0
4.3
12.8
80.4
48.7
2.7
0
0
1.6
0
1.7
4
0
6.5
47.1
55
30.1
3.8
0
0
1.3
0
0.8
1.7
0
8.9
40.6
29
29.3
3.3
0
0
2.4
0
0.7
5.1
0
9.6
33.4
60
24
3.4
0
0
2.3
0
1.6
3.9
0
3.5
50.7
54.6
52.1
7.6
0
0
0.7
0
2.3
10.5
0
4.5
14.8
33.2
51.8
3.4
0
0
0.7
0
6
12.3
0
17.1
35.1
34.2
43.7
5.7
0
0
1.7
0
1.8
4.9
0
7.1
57
38.8
89.5
4.1
0
0
1.4
0
1
6.9
0
14.4
29.6
19.9
37.5
3.6
0
0
1.7
0
1.6
11.2
0
1.7
28.2
34.3
35.5
3.3
0
0
1.6
0
1.2
12.4
0
6
23.8
76.7
30.8
2.9
0
0
1.9
0
1.7
8.2
0
4
27.2
28.8
20
2.5
0
0
4.2
0
0.8
1.2
0
8.9
31.1
51.1
19
2.3
0
0
2.9
0
2.9
3.9
0
1.6
44.7
44
61.9
5.3
0
0
2.2
0
1
6.6
0
5.4
74.6
56.2
55.7
2
0
0
0.6
0
3.1
2
0
4.2
96.6
26.3
48.7
3.7
0
0
2.4
0
1.3
8.3
0
8.1
21.1
73.9
33.4
5.2
0
0
1.1
0
3.1
10.3
0
7.3
57.6
42
70.6
4
0
0
1.7
0
1.4
3.3
0
4.2
81.1
32.7
56.6
3.4
0
0
1.7
0
3
3.4
0
3.8
11.9
32.4
25.9
7.1
0
0
1.6
0
0.9
11
0
2.9
39.8
29.4
8.2
1.6
0
0
2.1
0
6.8
2.3
0
2.1
6.1
98.1
33.3
1.7
0
0
0.4
0
2.6
1.2
0
1.8
38.5
83.2
35.1
5.3
0
0
1.1
0
1
4.7
0
3.1
51.7
82.4
58.4
6
0
0
0.9
0
4.9
6
0
2.4
10.2
40.7
31.3
3.5
0
0
1.3
0
1.3
28.8
0
1.5
36.5
116.2
77.7
1.2
0
0
1.3
0
6.4
0.9
0
6.3
37.5
21.6
38.7
2.9
0
0
3.5
0
0.6
17
0
5.9
64.6
57.1
63.7
5.4
0
0
3.7
0
2
4.7
0
4.4
45.2
46
45.8
2.8
0
0
6.1
0
2.2
20.6
0
8.9
40.6
96.5
33.3
2.5
0
0
1.4
0
3.5
4.5
0
6.6
50.3
25.3
16.6
1.5
0
0
2.1
0
1.2
2.1
0
1.6
11.8
35.7
41.6
0.6
0
0
3.5
0
3.8
8.9
0
3.6
33.7
59.2
30.4
1.3
0
0
2.8
0
2.6
3.9
0
6.8
18.2
88.5
24.8
3.4
0
0
1.3
0
0.9
5.8
0
3.9
47
21
32.4
1.5
0
0
1.8
0
0.6
2.1
0
6.3
26
29.6
34.3
2.1
0
0
2.3
0
0.5
2.4
0
3
51.8
36.3
22.4
2.6
0
0
1.3
0
1.7
2.1
0
1.9
31.9
28.9
13.1
3.4
0
0
2.5
0
4
11.7
0
12.8
37
57.6
21.7
2.5
0
0
0.4
0
1.5
4.4
0
9.1
43.7
25.6
22.5
4.9
0
0
2.3
0
1.5
3.2
0
1.2
59.5
12.8
17
2.4
0
0
5.2
0
0.1
3.6
0
4.8
53.3
54.8
25.2
2.1
0
0
0.8
0
2.4
3.8
0
6.1
46.9
50.9
32.7
1.8
0
0
1.8
0
2.7
3.6
0
3.5
32.4
83.6
44.6
2.2
0
0
1.2
0
1.1
8.4
0
2.4
57.7
84.8
37.4
7.2
0
0
0.8
0
0.7
0.9
0
3.2
19.6
41.9
53.5
3.3
0
0
0.6
0
0.9
1.2
0
3.8
30.6
94.9
54.3
0.5
0
0
1.7
0
1.4
7.9
0
5.9
33.7
37.8
26.7
6.8
0
0
0.8
0
0.9
1.7
0
4.5
45.3
44.5
39.6
3.3
0
0
2.7
0
0.7
1.2
0
5.8
48.1
49.7
29.1
4.7
0
0
1.2
0
1.4
1.5
0
5.9
27.1
36.1
56.2
2.6
0
0
2.2
0
4.5
3
0
7.5
55.4
39.3
32.5
2.1
0
0
2.1
0
1.6
2.4
0
3
50
124.5
58.1
3.6
0
0
0.9
0
1
16.8
0
6.5
19.1
35.5
22.7
2.3
0
0
3.2
0
1.9
3
0
5.2
65.6
69
24.8
2.3
0
0
2.2
0
1.2
5.5
0
4.8
38.3
28.5
34
6.7
0
0
2.5
0
1.1
5.6
0
3.8
53.2
42.9
32.5
1.4
0
0
0.6
0
0.9
3.6
0
8.3
49.5
41.9
39.5
2.9
0
0
1.1
0
4.4
4.7
0
2.3
39.3
40
16.2
0.8
0
0
1.3
0
1.6
0.1
0
1.1
14.7
33.1
23.3
2.6
0
0
0.9
0
5.7
8.1
0
3.3
34.8
16.7
10.5
1
0
0
0.5
0
0.8
2.7
0
3.3
15.6
57.2
25.3
1.9
0
0
2.3
0
1.2
3.5
0
2.4
19
65.1
22.6
3
0
0
0.6
0
1.6
3.2
0
4
26
70.4
37.2
1.2
0
0
0.6
0
0.7
2.7
0
3
28.7
74
50.8
2.6
0
0
2.3
0
1.8
6
0
2.6
18.1
148.4
36.1
2.6
0
0
1.2
0
1
3.4
0
8.8
18.1
40.3
15.1
2.8
0
0
1.4
0
0.9
4.3
0
6.7
47.8
91.7
13.5
3.3
0
0
0.6
0
1.7
3.2
0
2.2
26.9
65.1
39.3
1.6
0
0
0.7
0
0.7
3.2
0
5
53.6
97
30.9
3.1
0
0
0.9
0
0.9
2.4
0
3.7
58
107.6
46.1
1.7
0
0
0.9
0
1.5
8.5
0
1.9
45.6
16.4
46.6
1.6
