rep	outcome	time
1	0	2000.000000
2	-1	681.000000
3	-1	1765.675000
4	0	2000.000000
5	0	2000.000000
6	0	2000.000000
7	0	2000.000000
8	0	2000.000000
9	0	2000.000000
10	0	2000.000000
11	0	2000.000000
12	0	2000.000000
13	0	2000.000000
14	-1	1926.050000
15	0	2000.000000
16	0	2000.000000
17	0	2000.000000
18	0	2000.000000
19	-1	455.525000
20	0	2000.000000
21	-1	1190.595000
22	0	2000.000000
23	0	2000.000000
24	-1	1386.235000
25	0	2000.000000
26	0	2000.000000
27	0	2000.000000
28	1	1717.015000
29	0	2000.000000
30	-1	1031.415000
31	0	2000.000000
32	-1	1253.090000
33	0	2000.000000
34	0	2000.000000
35	0	2000.000000
36	0	2000.000000
37	0	2000.000000
38	0	2000.000000
39	0	2000.000000
40	1	1857.810000
41	0	2000.000000
42	0	2000.000000
43	0	2000.000000
44	-1	1105.445000
45	0	2000.000000
46	0	2000.000000
47	0	2000.000000
48	0	2000.000000
49	0	2000.000000
50	0	2000.000000
51	0	2000.000000
52	0	2000.000000
53	1	1471.815000
54	1	1991.615000
55	0	2000.000000
56	0	2000.000000
57	0	2000.000000
58	0	2000.000000
59	0	2000.000000
60	0	2000.000000
61	0	2000.000000
62	0	2000.000000
63	-1	443.390000
64	0	2000.000000
65	0	2000.000000
66	0	2000.000000
67	0	2000.000000
68	0	2000.000000
69	-1	1581.495000
70	0	2000.000000
71	0	2000.000000
72	0	2000.000000
73	0	2000.000000
74	0	2000.000000
75	-1	1219.710000
76	0	2000.000000
77	0	2000.000000
78	-1	1537.555000
79	-1	1404.525000
80	0	2000.000000
81	-1	1126.960000
82	0	2000.000000
83	0	2000.000000
84	-1	1381.845000
85	0	2000.000000
86	0	2000.000000
87	-1	1401.495000
88	0	2000.000000
89	-1	1325.520000
90	0	2000.000000
91	0	2000.000000
92	0	2000.000000
93	-1	1643.660000
94	0	2000.000000
95	-1	1742.045000
96	0	2000.000000
97	0	2000.000000
98	0	2000.000000
99	0	2000.000000
100	0	2000.000000
101	0	2000.000000
102	0	2000.000000
103	0	2000.000000
104	0	2000.000000
105	-1	1831.810000
106	0	2000.000000
107	0	2000.000000
108	0	2000.000000
109	-1	1949.870000
110	0	2000.000000
111	0	2000.000000
112	0	2000.000000
113	0	2000.000000
114	0	2000.000000
115	0	2000.000000
116	0	2000.000000
117	0	2000.000000
118	0	2000.000000
119	0	2000.000000
120	0	2000.000000
121	0	2000.000000
122	0	2000.000000
123	0	2000.000000
124	0	2000.000000
125	0	2000.000000
126	-1	1745.125000
127	0	2000.000000
128	-1	1717.610000
129	0	2000.000000
130	0	2000.000000
131	0	2000.000000
132	0	2000.000000
133	0	2000.000000
134	-1	1205.795000
135	0	2000.000000
136	0	2000.000000
137	0	2000.000000
138	0	2000.000000
139	0	2000.000000
140	0	2000.000000
141	-1	1261.615000
142	0	2000.000000
143	1	1955.940000
144	0	2000.000000
145	-1	1876.465000
146	0	2000.000000
147	0	2000.000000
148	0	2000.000000
149	0	2000.000000
150	0	2000.000000
151	0	2000.000000
152	0	2000.000000
153	0	2000.000000
154	0	2000.000000
155	0	2000.000000
156	-1	758.890000
157	0	2000.000000
158	0	2000.000000
159	-1	808.580000
160	0	2000.000000
161	-1	1409.220000
162	-1	1528.590000
163	-1	1906.095000
164	0	2000.000000
165	-1	1461.320000
166	0	2000.000000
167	-1	1856.225000
168	0	2000.000000
169	-1	1426.520000
170	-1	1781.545000
171	0	2000.000000
172	0	2000.000000
173	0	2000.000000
174	0	2000.000000
175	-1	1491.985000
176	0	2000.000000
177	1	1042.875000
178	0	2000.000000
179	-1	1524.560000
180	0	2000.000000
181	0	2000.000000
182	-1	1163.655000
183	0	2000.000000
184	0	2000.000000
185	0	2000.000000
186	0	2000.000000
187	-1	1792.680000
188	-1	740.585000
189	-1	684.170000
190	0	2000.000000
191	0	2000.000000
192	-1	1803.770000
193	0	2000.000000
194	0	2000.000000
195	0	2000.000000
196	0	2000.000000
197	0	2000.000000
198	0	2000.000000
199	0	2000.000000
200	0	2000.000000
201	0	2000.000000
202	0	2000.000000
203	0	2000.000000
204	0	2000.000000
205	0	2000.000000
206	0	2000.000000
207	0	2000.000000
208	0	2000.000000
209	0	2000.000000
210	-1	727.285000
211	0	2000.000000
212	0	2000.000000
213	1	1720.045000
214	0	2000.000000
215	0	2000.000000
216	0	2000.000000
217	0	2000.000000
218	0	2000.000000
219	1	1776.530000
220	0	2000.000000
221	0	2000.000000
222	0	2000.000000
223	0	2000.000000
224	0	2000.000000
225	0	2000.000000
226	0	2000.000000
227	0	2000.000000
228	0	2000.000000
229	1	1738.550000
230	-1	548.630000
231	1	1370.990000
232	0	2000.000000
233	0	2000.000000
234	-1	1121.895000
235	0	2000.000000
236	0	2000.000000
237	1	1113.430000
238	0	2000.000000
239	0	2000.000000
240	0	2000.000000
241	1	1600.850000
242	0	2000.000000
243	-1	1100.045000
244	-1	1742.605000
245	0	2000.000000
246	0	2000.000000
247	0	2000.000000
248	0	2000.000000
249	0	2000.000000
250	0	2000.000000
251	0	2000.000000
252	0	2000.000000
253	0	2000.000000
254	0	2000.000000
255	-1	745.275000
256	0	2000.000000
257	-1	1320.805000
258	0	2000.000000
259	0	2000.000000
260	0	2000.000000
261	0	2000.000000
262	0	2000.000000
263	0	2000.000000
264	0	2000.000000
265	0	2000.000000
266	1	1416.340000
267	0	2000.000000
268	0	2000.000000
269	0	2000.000000
270	0	2000.000000
271	0	2000.000000
272	0	2000.000000
273	-1	1989.405000
274	0	2000.000000
275	-1	1500.645000
276	0	2000.000000
277	-1	907.380000
278	-1	1823.100000
279	0	2000.000000
280	-1	1581.235000
281	0	2000.000000
282	0	2000.000000
283	0	2000.000000
284	0	2000.000000
285	0	2000.000000
286	0	2000.000000
287	-1	1217.385000
288	-1	1638.975000
289	0	2000.000000
290	-1	1783.645000
291	0	2000.000000
292	-1	606.835000
293	0	2000.000000
294	0	2000.000000
295	0	2000.000000
296	0	2000.000000
297	0	2000.000000
298	0	2000.000000
299	0	2000.000000
300	-1	669.540000
301	0	2000.000000
302	0	2000.000000
303	1	1884.450000
304	0	2000.000000
305	-1	1296.500000
306	0	2000.000000
307	0	2000.000000
308	0	2000.000000
309	0	2000.000000
310	0	2000.000000
311	0	2000.000000
312	0	2000.000000
313	0	2000.000000
314	0	2000.000000
315	0	2000.000000
316	0	2000.000000
317	-1	930.920000
318	0	2000.000000
319	0	2000.000000
320	0	2000.000000
321	0	2000.000000
322	0	2000.000000
323	0	2000.000000
324	-1	473.775000
325	0	2000.000000
326	-1	1553.595000
327	-1	1338.210000
328	0	2000.000000
329	0	2000.000000
330	0	2000.000000
331	0	2000.000000
332	0	2000.000000
333	-1	1363.730000
334	0	2000.000000
335	0	2000.000000
336	-1	701.875000
337	0	2000.000000
338	0	2000.000000
339	0	2000.000000
340	0	2000.000000
341	0	2000.000000
342	-1	1497.640000
343	0	2000.000000
344	0	2000.000000
345	0	2000.000000
346	0	2000.000000
347	0	2000.000000
348	0	2000.000000
349	-1	1483.095000
350	0	2000.000000
351	-1	1743.845000
352	0	2000.000000
353	0	2000.000000
354	0	2000.000000
355	0	2000.000000
356	0	2000.000000
357	-1	1395.075000
358	-1	1053.775000
359	0	2000.000000
360	0	2000.000000
361	0	2000.000000
362	0	2000.000000
363	-1	537.965000
364	0	2000.000000
365	-1	1528.080000
366	-1	1279.055000
367	0	2000.000000
368	0	2000.000000
369	0	2000.000000
370	0	2000.000000
371	0	2000.000000
372	0	2000.000000
373	0	2000.000000
374	-1	1686.900000
375	0	2000.000000
376	0	2000.000000
377	0	2000.000000
378	0	2000.000000
379	0	2000.000000
380	0	2000.000000
381	0	2000.000000
382	0	2000.000000
383	0	2000.000000
384	1	1649.345000
385	-1	901.500000
386	0	2000.000000
387	0	2000.000000
388	0	2000.000000
389	-1	1582.175000
390	0	2000.000000
391	0	2000.000000
392	1	1740.970000
393	0	2000.000000
394	0	2000.000000
395	0	2000.000000
396	0	2000.000000
397	0	2000.000000
398	0	2000.000000
399	0	2000.000000
400	0	2000.000000
401	0	2000.000000
402	0	2000.000000
403	0	2000.000000
404	0	2000.000000
405	0	2000.000000
406	0	2000.000000
407	0	2000.000000
408	-1	1348.725000
409	0	2000.000000
410	0	2000.000000
411	0	2000.000000
412	0	2000.000000
413	0	2000.000000
414	0	2000.000000
415	-1	544.670000
416	0	2000.000000
417	0	2000.000000
418	0	2000.000000
419	0	2000.000000
420	0	2000.000000
421	0	2000.000000
422	0	2000.000000
423	0	2000.000000
424	0	2000.000000
425	0	2000.000000
426	0	2000.000000
427	0	2000.000000
428	0	2000.000000
429	0	2000.000000
430	0	2000.000000
431	-1	1788.075000
432	-1	1365.850000
433	0	2000.000000
434	0	2000.000000
435	0	2000.000000
436	0	2000.000000
437	0	2000.000000
438	0	2000.000000
439	0	2000.000000
440	0	2000.000000
441	0	2000.000000
442	1	1979.345000
443	0	2000.000000
444	0	2000.000000
445	0	2000.000000
446	0	2000.000000
447	-1	861.585000
448	-1	1453.370000
449	-1	1063.350000
450	1	1547.600000
451	-1	1880.220000
452	0	2000.000000
453	0	2000.000000
454	0	2000.000000
455	-1	1178.030000
456	-1	1714.390000
457	0	2000.000000
458	0	2000.000000
459	0	2000.000000
460	0	2000.000000
461	-1	1800.310000
462	0	2000.000000
463	0	2000.000000
464	0	2000.000000
465	0	2000.000000
466	0	2000.000000
467	0	2000.000000
468	0	2000.000000
469	-1	1050.480000
470	0	2000.000000
471	0	2000.000000
472	0	2000.000000
473	-1	1399.250000
474	0	2000.000000
475	0	2000.000000
476	-1	1562.095000
477	-1	500.490000
478	0	2000.000000
479	0	2000.000000
480	0	2000.000000
481	0	2000.000000
482	-1	1900.650000
483	-1	1605.540000
484	0	2000.000000
485	0	2000.000000
486	-1	1888.790000
487	0	2000.000000
488	0	2000.000000
489	0	2000.000000
490	0	2000.000000
491	0	2000.000000
492	0	2000.000000
493	-1	1867.065000
494	0	2000.000000
495	0	2000.000000
496	-1	1644.430000
497	0	2000.000000
498	0	2000.000000
499	0	2000.000000
500	-1	1455.640000
501	0	2000.000000
502	0	2000.000000
503	0	2000.000000
504	0	2000.000000
505	0	2000.000000
506	0	2000.000000
507	0	2000.000000
508	0	2000.000000
509	0	2000.000000
510	0	2000.000000
511	0	2000.000000
512	0	2000.000000
513	-1	818.945000
514	-1	1120.690000
515	0	2000.000000
516	0	2000.000000
517	0	2000.000000
518	0	2000.000000
519	0	2000.000000
520	0	2000.000000
521	0	2000.000000
522	0	2000.000000
523	0	2000.000000
524	-1	999.070000
525	0	2000.000000
526	0	2000.000000
527	0	2000.000000
528	0	2000.000000
529	0	2000.000000
530	0	2000.000000
531	0	2000.000000
532	1	1408.960000
533	0	2000.000000
534	0	2000.000000
535	0	2000.000000
536	-1	1700.930000
537	0	2000.000000
538	0	2000.000000
539	0	2000.000000
540	0	2000.000000
541	0	2000.000000
542	0	2000.000000
543	0	2000.000000
544	0	2000.000000
545	0	2000.000000
546	-1	1408.025000
547	-1	1380.935000
548	1	1773.340000
549	0	2000.000000
550	0	2000.000000
551	0	2000.000000
552	0	2000.000000
553	-1	1460.890000
554	-1	1330.885000
555	0	2000.000000
556	0	2000.000000
557	0	2000.000000
558	-1	1678.585000
559	0	2000.000000
560	-1	1516.430000
561	0	2000.000000
562	0	2000.000000
563	0	2000.000000
564	0	2000.000000
565	0	2000.000000
566	0	2000.000000
567	0	2000.000000
568	0	2000.000000
569	0	2000.000000
570	0	2000.000000
571	0	2000.000000
572	0	2000.000000
573	0	2000.000000
574	0	2000.000000
575	1	1247.440000
576	0	2000.000000
577	0	2000.000000
578	0	2000.000000
579	0	2000.000000
580	0	2000.000000
581	-1	1792.505000
582	0	2000.000000
583	-1	1446.970000
584	-1	1487.455000
585	0	2000.000000
586	0	2000.000000
587	0	2000.000000
588	0	2000.000000
589	-1	680.190000
590	0	2000.000000
591	0	2000.000000
592	-1	764.930000
593	0	2000.000000
594	0	2000.000000
595	0	2000.000000
596	0	2000.000000
597	0	2000.000000
598	-1	1662.805000
599	0	2000.000000
600	0	2000.000000
601	0	2000.000000
602	0	2000.000000
603	0	2000.000000
604	0	2000.000000
605	0	2000.000000
606	0	2000.000000
607	0	2000.000000
608	-1	387.875000
609	0	2000.000000
610	0	2000.000000
611	0	2000.000000
612	-1	1620.790000
613	0	2000.000000
614	0	2000.000000
615	1	1475.680000
616	0	2000.000000
617	0	2000.000000
618	0	2000.000000
619	0	2000.000000
620	0	2000.000000
621	0	2000.000000
622	1	1472.550000
623	0	2000.000000
624	0	2000.000000
625	0	2000.000000
626	-1	1498.985000
627	1	1197.415000
628	0	2000.000000
629	-1	660.600000
630	0	2000.000000
631	0	2000.000000
632	-1	1079.465000
633	0	2000.000000
634	0	2000.000000
635	-1	1465.315000
636	0	2000.000000
637	-1	1846.265000
638	0	2000.000000
639	0	2000.000000
640	0	2000.000000
641	0	2000.000000
642	-1	831.860000
643	0	2000.000000
644	0	2000.000000
645	0	2000.000000
646	0	2000.000000
647	-1	1962.405000
648	0	2000.000000
649	0	2000.000000
650	-1	947.535000
651	0	2000.000000
652	0	2000.000000
653	0	2000.000000
654	0	2000.000000
655	-1	1506.510000
656	0	2000.000000
657	0	2000.000000
658	0	2000.000000
659	1	1667.275000
660	0	2000.000000
661	-1	644.620000
662	-1	1660.205000
663	0	2000.000000
664	0	2000.000000
665	0	2000.000000
666	-1	709.020000
667	0	2000.000000
668	0	2000.000000
669	0	2000.000000
670	0	2000.000000
671	0	2000.000000
672	0	2000.000000
673	-1	1621.390000
674	0	2000.000000
675	-1	1880.480000
676	-1	1482.480000
677	0	2000.000000
678	0	2000.000000
679	-1	612.090000
680	0	2000.000000
681	0	2000.000000
682	-1	1646.770000
683	0	2000.000000
684	-1	1341.410000
685	0	2000.000000
686	-1	1052.065000
687	-1	1921.985000
688	0	2000.000000
689	0	2000.000000
690	-1	479.560000
691	-1	1062.060000
692	0	2000.000000
693	-1	1043.785000
694	0	2000.000000
695	-1	1172.580000
696	0	2000.000000
697	0	2000.000000
698	-1	782.300000
699	-1	1625.800000
700	0	2000.000000
701	0	2000.000000
702	0	2000.000000
703	-1	543.495000
704	0	2000.000000
705	-1	1965.745000
706	0	2000.000000
707	-1	1583.515000
708	0	2000.000000
709	0	2000.000000
710	0	2000.000000
711	0	2000.000000
712	0	2000.000000
713	0	2000.000000
714	-1	1965.245000
715	0	2000.000000
716	0	2000.000000
717	-1	1087.190000
718	0	2000.000000
719	0	2000.000000
720	-1	1160.005000
721	-1	870.870000
722	0	2000.000000
723	0	2000.000000
724	0	2000.000000
725	1	1461.955000
726	0	2000.000000
727	0	2000.000000
728	0	2000.000000
729	0	2000.000000
730	0	2000.000000
731	0	2000.000000
732	0	2000.000000
733	1	1467.980000
734	0	2000.000000
735	0	2000.000000
736	0	2000.000000
737	-1	1117.715000
738	0	2000.000000
739	0	2000.000000
740	0	2000.000000
741	-1	907.910000
742	-1	1767.745000
743	1	1436.875000
744	-1	1583.905000
745	-1	1305.200000
746	-1	491.515000
747	0	2000.000000
748	0	2000.000000
749	-1	1336.655000
750	0	2000.000000
751	0	2000.000000
752	0	2000.000000
753	0	2000.000000
754	0	2000.000000
755	0	2000.000000
756	0	2000.000000
757	0	2000.000000
758	-1	1273.405000
759	-1	916.405000
760	-1	1964.100000
761	0	2000.000000
762	0	2000.000000
763	0	2000.000000
764	0	2000.000000
765	0	2000.000000
766	0	2000.000000
767	0	2000.000000
768	0	2000.000000
769	0	2000.000000
770	0	2000.000000
771	0	2000.000000
772	0	2000.000000
773	0	2000.000000
774	-1	1478.075000
775	0	2000.000000
776	-1	947.490000
777	0	2000.000000
778	-1	1526.690000
779	0	2000.000000
780	0	2000.000000
781	-1	650.825000
782	0	2000.000000
783	0	2000.000000
784	0	2000.000000
785	0	2000.000000
786	0	2000.000000
787	-1	1255.030000
788	0	2000.000000
789	0	2000.000000
790	0	2000.000000
791	0	2000.000000
792	0	2000.000000
793	0	2000.000000
794	-1	1056.125000
795	0	2000.000000
796	0	2000.000000
797	0	2000.000000
798	0	2000.000000
799	0	2000.000000
800	-1	836.270000
801	0	2000.000000
802	0	2000.000000
803	0	2000.000000
804	0	2000.000000
805	0	2000.000000
806	0	2000.000000
807	-1	1921.905000
808	0	2000.000000
809	0	2000.000000
810	0	2000.000000
811	0	2000.000000
812	0	2000.000000
813	0	2000.000000
814	0	2000.000000
815	0	2000.000000
816	-1	930.090000
817	0	2000.000000
818	0	2000.000000
819	0	2000.000000
820	0	2000.000000
821	0	2000.000000
822	-1	1395.715000
823	0	2000.000000
824	0	2000.000000
825	0	2000.000000
826	-1	1811.100000
827	0	2000.000000
828	0	2000.000000
829	0	2000.000000
830	0	2000.000000
831	0	2000.000000
832	0	2000.000000
833	0	2000.000000
834	-1	951.610000
835	0	2000.000000
836	0	2000.000000
837	0	2000.000000
838	-1	1251.895000
839	-1	1444.010000
840	-1	1958.815000
841	0	2000.000000
842	0	2000.000000
843	0	2000.000000
844	0	2000.000000
845	0	2000.000000
846	0	2000.000000
847	0	2000.000000
848	0	2000.000000
849	-1	1640.380000
850	0	2000.000000
851	-1	1362.145000
852	-1	1020.145000
853	0	2000.000000
854	0	2000.000000
855	-1	1849.460000
856	0	2000.000000
857	0	2000.000000
858	0	2000.000000
859	0	2000.000000
860	0	2000.000000
861	-1	1101.570000
862	0	2000.000000
863	0	2000.000000
864	0	2000.000000
865	-1	1883.095000
866	-1	1189.405000
867	0	2000.000000
868	-1	872.520000
869	0	2000.000000
870	0	2000.000000
871	0	2000.000000
872	-1	1536.155000
873	0	2000.000000
874	0	2000.000000
875	-1	1158.335000
876	0	2000.000000
877	0	2000.000000
878	0	2000.000000
879	0	2000.000000
880	0	2000.000000
881	0	2000.000000
882	0	2000.000000
883	0	2000.000000
884	0	2000.000000
885	0	2000.000000
886	0	2000.000000
887	-1	1810.645000
888	-1	1678.370000
889	0	2000.000000
890	0	2000.000000
891	0	2000.000000
892	0	2000.000000
893	0	2000.000000
894	0	2000.000000
895	0	2000.000000
896	0	2000.000000
897	0	2000.000000
898	-1	1641.420000
899	0	2000.000000
900	0	2000.000000
901	1	1671.755000
902	0	2000.000000
903	0	2000.000000
904	1	1812.370000
905	-1	1764.085000
906	0	2000.000000
907	0	2000.000000
908	0	2000.000000
909	0	2000.000000
910	0	2000.000000
911	0	2000.000000
912	0	2000.000000
913	-1	1782.265000
914	0	2000.000000
915	0	2000.000000
916	0	2000.000000
917	-1	1316.030000
918	0	2000.000000
919	0	2000.000000
920	-1	1070.965000
921	0	2000.000000
922	0	2000.000000
923	0	2000.000000
924	0	2000.000000
925	-1	935.255000
926	-1	1221.375000
927	0	2000.000000
928	-1	1904.910000
929	0	2000.000000
930	0	2000.000000
931	0	2000.000000
932	0	2000.000000
933	-1	1832.160000
934	0	2000.000000
935	-1	1103.105000
936	0	2000.000000
937	-1	1766.045000
938	0	2000.000000
939	-1	1083.445000
940	-1	1912.535000
941	0	2000.000000
942	-1	1339.180000
943	-1	1797.800000
944	-1	682.795000
945	-1	1503.210000
946	0	2000.000000
947	-1	1762.290000
948	-1	1921.975000
949	0	2000.000000
950	0	2000.000000
951	0	2000.000000
952	-1	1775.865000
953	-1	1755.310000
954	0	2000.000000
955	0	2000.000000
956	0	2000.000000
957	0	2000.000000
958	-1	947.200000
959	0	2000.000000
960	0	2000.000000
961	0	2000.000000
962	0	2000.000000
963	0	2000.000000
964	-1	1463.140000
965	-1	1621.235000
966	0	2000.000000
967	0	2000.000000
968	-1	620.210000
969	0	2000.000000
970	-1	1143.510000
971	-1	619.025000
972	0	2000.000000
973	0	2000.000000
974	0	2000.000000
975	0	2000.000000
976	-1	1869.930000
977	0	2000.000000
978	0	2000.000000
979	0	2000.000000
980	0	2000.000000
981	0	2000.000000
982	0	2000.000000
983	0	2000.000000
984	-1	1805.705000
985	0	2000.000000
986	0	2000.000000
987	0	2000.000000
988	-1	433.765000
989	0	2000.000000
990	-1	871.005000
991	0	2000.000000
992	0	2000.000000
993	-1	1585.155000
994	0	2000.000000
995	0	2000.000000
996	-1	433.715000
997	0	2000.000000
998	0	2000.000000
999	0	2000.000000
1000	0	2000.000000
