Nr	Nb	time	environment	abf_r	abf_b
250.000000	250.000000	0.000000	0.000000	0.000000	0.000000
211.959674	244.283247	0.250000	69.371794	-0.623325	-0.073484
182.885690	240.832985	0.500000	69.371794	-0.562093	-0.043131
159.934455	238.972938	0.750000	69.371794	-0.514476	-0.020915
141.350712	238.258399	1.000000	69.371794	-0.476572	-0.004520
180.699833	263.776697	1.250000	57.070829	0.934111	0.367422
225.118682	286.127446	1.500000	57.070829	0.827508	0.287107
272.926976	304.396687	1.750000	57.070829	0.717300	0.212185
321.912363	318.141402	2.000000	57.070829	0.608261	0.145324
297.463641	323.624492	2.250000	59.938165	-0.295426	0.072042
277.594209	329.697201	2.500000	59.938165	-0.260382	0.075872
261.082351	336.053154	2.750000	59.938165	-0.232325	0.076422
247.107651	342.475233	3.000000	59.938165	-0.209424	0.074793
262.650177	351.822205	3.250000	58.289545	0.225852	0.093215
276.661988	358.887067	3.500000	58.289545	0.192081	0.067767
289.146545	364.019009	3.750000	58.289545	0.162918	0.047421
300.166135	367.564933	4.000000	58.289545	0.137962	0.031433
309.426338	369.821899	4.250000	58.305522	0.112030	0.018999
317.484266	371.123289	4.500000	58.305522	0.094814	0.009898
324.471109	371.698947	4.750000	58.305522	0.080330	0.003116
330.515511	371.737036	5.000000	58.305522	0.068168	-0.001828
267.518381	354.625644	5.250000	64.914710	-0.782835	-0.150542
222.942503	344.219908	5.500000	64.914710	-0.684707	-0.093632
189.711905	338.071893	5.750000	64.914710	-0.612908	-0.054468
163.964742	334.757330	6.000000	64.914710	-0.558478	-0.027049
340.205869	354.599711	6.250000	52.213875	2.728234	0.139553
627.276033	356.573776	6.500000	52.213875	2.156393	-0.093196
983.040647	337.218069	6.750000	52.213875	1.460852	-0.339577
1302.825119	301.782943	7.000000	52.213875	0.846147	-0.526298
1229.154956	266.805900	7.250000	54.920005	-0.158313	-0.436408
1196.352395	241.816086	7.500000	54.920005	-0.071514	-0.359458
1182.558976	222.562384	7.750000	54.920005	-0.027931	-0.309528
1178.037963	206.977210	8.000000	54.920005	-0.006116	-0.274517
1078.611997	195.179125	8.250000	55.867928	-0.263057	-0.190123
1026.209652	187.642257	8.500000	55.867928	-0.150892	-0.132492
997.085798	182.399597	8.750000	55.867928	-0.087752	-0.098371
980.506955	178.496489	9.000000	55.867928	-0.051083	-0.077111
696.990994	175.228530	9.250000	60.625732	-1.124301	0.023798
548.802026	179.145411	9.500000	60.625732	-0.827685	0.136033
457.442083	186.898007	9.750000	60.625732	-0.649550	0.194362
395.216751	197.054616	10.000000	60.625732	-0.532326	0.224254
404.824899	211.336811	10.250000	58.208969	0.081841	0.262780
411.815443	224.719438	10.500000	58.208969	0.057042	0.230347
416.623813	237.134662	10.750000	58.208969	0.037399	0.201598
419.667204	248.555401	11.000000	58.208969	0.022097	0.176257
584.579907	259.509949	11.250000	54.887503	1.161872	0.099294
748.296103	261.247516	11.500000	54.887503	0.832349	-0.035728
887.700347	255.359200	11.750000	54.887503	0.556873	-0.136239
992.317030	244.617763	12.000000	54.887503	0.354763	-0.199154
665.808413	230.677249	12.250000	62.098732	-1.317944	-0.114401
502.137239	228.632333	12.500000	62.098732	-0.985012	0.022470
403.442353	232.307129	12.750000	62.098732	-0.788731	0.094950
337.150017	239.236903	13.000000	62.098732	-0.660696	0.134607
306.307930	251.139552	13.250000	60.431223	-0.359806	0.194118
281.477409	263.490460	13.500000	60.431223	-0.319820	0.189373
260.944903	275.977184	13.750000	60.431223	-0.288597	0.180884
243.595650	288.348136	14.000000	60.431223	-0.263688	0.170057
220.261401	298.395751	14.250000	61.384072	-0.384929	0.136016
200.883450	308.543915	14.500000	61.384072	-0.354155	0.131275
184.477437	318.563724	14.750000	61.384072	-0.329259	0.124393
170.367603	328.284894	15.000000	61.384072	-0.308740	0.116257
160.860440	338.774665	15.250000	60.907412	-0.224686	0.119451
152.264174	348.469169	15.500000	60.907412	-0.215228	0.106921
144.450337	357.364509	15.750000	60.907412	-0.206700	0.095361
137.316328	365.477617	16.000000	60.907412	-0.198909	0.084821
215.967311	383.335679	16.250000	55.033621	1.725375	0.143061
323.368440	392.023578	16.500000	55.033621	1.504598	0.039826
455.532721	390.642680	16.750000	55.033621	1.242002	-0.063232
599.267679	379.751487	17.000000	55.033621	0.963220	-0.156739
784.077404	360.732111	17.250000	54.424792	0.907251	-0.256217
944.459553	334.719152	17.500000	54.424792	0.605838	-0.333239
1065.886835	306.125502	17.750000	54.424792	0.384231	-0.373868
1149.625988	278.248993	18.000000	54.424792	0.237729	-0.385576
784.133502	256.507876	18.250000	59.920119	-1.219900	-0.186664
608.564095	250.341726	18.500000	59.920119	-0.859338	-0.031747
505.396673	251.267456	18.750000	59.920119	-0.651728	0.049912
437.398161	256.066343	19.000000	59.920119	-0.518498	0.095241
602.112408	265.483385	19.250000	54.899947	1.115826	0.073015
762.591825	265.695278	19.500000	54.899947	0.793900	-0.056400
897.215483	258.580653	19.750000	54.899947	0.528948	-0.150628
997.288374	246.993447	20.000000	54.899947	0.336643	-0.208188
841.366259	235.978004	20.250000	57.480694	-0.541517	-0.119358
753.774266	231.645551	20.500000	57.480694	-0.360962	-0.039699
699.416057	230.838961	20.750000	57.480694	-0.250593	0.005892
663.481604	232.049532	21.000000	57.480694	-0.179105	0.032505
534.166176	232.691832	21.250000	60.184523	-0.753507	0.055271
452.448047	237.812743	21.500000	60.184523	-0.592772	0.111075
395.950665	245.565447	21.750000	60.184523	-0.485186	0.141153
354.390165	254.937113	22.000000	60.184523	-0.409072	0.155897
288.582939	253.455688	22.250000	65.740413	-0.761712	0.001424
241.616272	254.794878	22.500000	65.740413	-0.668231	0.036642
206.355851	257.936564	22.750000	65.740413	-0.599823	0.058775
178.870608	262.252701	23.000000	65.740413	-0.548033	0.072272
157.590911	269.778313	23.250000	64.783192	-0.489748	0.113814
139.978585	277.531685	23.500000	64.783192	-0.460597	0.112452
125.148342	285.319465	23.750000	64.783192	-0.437070	0.108778
112.484313	292.994454	24.000000	64.783192	-0.417807	0.103584
123.092967	314.802064	24.250000	58.882340	0.342113	0.262514
133.447398	334.071715	24.500000	58.882340	0.305933	0.215580
143.423603	350.643296	24.750000	58.882340	0.272663	0.174341
152.929822	364.534750	25.000000	58.882340	0.242475	0.138840
142.325685	369.866966	25.250000	61.339305	-0.279510	0.056975
132.977887	375.037912	25.500000	61.339305	-0.264909	0.054122
124.666428	379.988587	25.750000	61.339305	-0.252212	0.050875
117.221849	384.681726	26.000000	61.339305	-0.241050	0.047446
120.097869	393.911577	26.250000	59.578099	0.090803	0.085160
122.671602	401.459901	26.500000	59.578099	0.079580	0.067937
124.977646	407.564029	26.750000	59.578099	0.070054	0.053827
127.048716	412.449154	27.000000	59.578099	0.061977	0.042352
170.392692	422.777219	27.250000	56.396029	1.127537	0.072642
222.777595	427.609595	27.500000	56.396029	1.019162	0.020991
283.034780	427.175991	27.750000	56.396029	0.899187	-0.026440
348.607968	421.988405	28.000000	56.396029	0.772267	-0.068641
422.384541	412.883407	28.250000	56.248485	0.700673	-0.106283
494.438322	400.281046	28.500000	56.248485	0.566443	-0.138901
560.594980	385.374512	28.750000	56.248485	0.445727	-0.162202
618.124606	369.315351	29.000000	56.248485	0.343128	-0.176284
578.340805	353.163692	29.250000	57.783211	-0.224537	-0.150034
551.527122	342.215785	29.500000	57.783211	-0.161680	-0.106359
532.866109	334.626840	29.750000	57.783211	-0.117980	-0.076039
519.582221	329.291920	30.000000	57.783211	-0.086938	-0.054597
446.567727	323.471900	30.250000	59.696928	-0.538085	-0.040299
395.927194	322.183332	30.500000	59.696928	-0.435037	0.003203
358.715914	323.664524	30.750000	59.696928	-0.361339	0.030267
330.180115	326.882971	31.000000	59.696928	-0.306536	0.046827
579.813949	334.110319	31.250000	52.959049	1.998480	-0.017701
884.398881	323.043735	31.500000	52.959049	1.398655	-0.239639
1165.731524	296.999148	31.750000	52.959049	0.854252	-0.414026
1368.257355	264.003454	32.000000	52.959049	0.472079	-0.511563
781.960805	223.526285	32.250000	68.255309	-1.757210	-0.445741
541.828203	206.702044	32.500000	68.255309	-1.256331	-0.216667
411.145922	199.185526	32.750000	68.255309	-0.986097	-0.095730
328.899448	196.443501	33.000000	68.255309	-0.817989	-0.023760
279.992649	206.631251	33.250000	63.054754	-0.603179	0.210158
242.955705	218.020794	33.500000	63.054754	-0.537818	0.217200
213.803101	230.190876	33.750000	63.054754	-0.488978	0.216311
190.160790	242.806977	34.000000	63.054754	-0.451595	0.210079
208.303859	263.982295	34.250000	58.483878	0.339216	0.307492
225.269260	283.124235	34.500000	58.483878	0.289883	0.255526
240.776079	299.956561	34.750000	58.483878	0.245303	0.209336
254.667346	314.389178	35.000000	58.483878	0.205870	0.169236
244.404049	324.229271	35.250000	59.806651	-0.158610	0.117790
235.245389	333.434329	35.500000	59.806651	-0.147627	0.106697
227.011837	341.975892	35.750000	59.806651	-0.137970	0.096187
219.565122	349.847513	36.000000	59.806651	-0.129355	0.086387
325.393396	363.003198	36.250000	55.156197	1.463529	0.094204
453.869230	366.352406	36.500000	55.156197	1.204440	-0.015393
592.025022	360.178312	36.750000	55.156197	0.932983	-0.113900
722.972972	346.374498	37.000000	55.156197	0.681436	-0.191541
512.148027	320.098419	37.250000	63.453739	-1.188623	-0.220758
394.011411	308.097002	37.500000	63.453739	-0.940208	-0.100899
318.305793	303.414665	37.750000	63.453739	-0.783753	-0.030268
265.527720	302.965437	38.000000	63.453739	-0.677088	0.013264
401.359934	318.232214	38.250000	54.823481	1.512064	0.129384
561.826135	322.797546	38.500000	54.823481	1.187906	-0.008317
724.721478	316.995798	38.750000	54.823481	0.866212	-0.127564
867.188850	303.353789	39.000000	54.823481	0.590946	-0.214959
605.912956	283.813195	39.250000	61.799084	-1.205388	-0.161514
466.792912	277.511237	39.500000	61.799084	-0.918950	-0.036052
380.107932	277.746413	39.750000	61.799084	-0.744231	0.033602
320.680617	281.682426	40.000000	61.799084	-0.627664	0.073712
444.837871	295.456809	40.250000	55.352899	1.182699	0.130369
577.256762	300.553265	40.500000	55.352899	0.913660	0.013904
701.879764	297.751506	40.750000	55.352899	0.665947	-0.080711
806.536334	289.104097	41.000000	55.352899	0.462539	-0.147703
865.678592	277.304923	41.250000	55.595329	0.233624	-0.176786
908.199643	264.923278	41.500000	55.595329	0.157900	-0.186277
938.158742	252.832248	41.750000	55.595329	0.107238	-0.186210
959.206306	241.491946	42.000000	55.595329	0.073934	-0.180450
867.536126	232.223315	42.250000	56.838007	-0.318388	-0.116430
813.903502	227.263903	42.500000	56.838007	-0.206023	-0.063046
780.562000	224.718742	42.750000	56.838007	-0.136667	-0.030966
759.009839	223.600841	43.000000	56.838007	-0.092285	-0.011298
578.520295	221.495615	43.250000	60.663475	-0.928806	0.025776
472.408339	225.425466	43.500000	60.663475	-0.717674	0.103775
402.287818	232.743017	43.750000	60.663475	-0.582197	0.145760
352.270806	242.136208	44.000000	60.663475	-0.489033	0.167300
342.142039	255.082669	44.250000	59.095375	-0.112090	0.199805
333.054180	267.531897	44.500000	59.095375	-0.103845	0.182169
324.822000	279.371656	44.750000	59.095375	-0.096832	0.165062
317.310488	290.519286	45.000000	59.095375	-0.090712	0.148758
518.299492	303.314319	45.250000	53.853518	1.757316	0.081572
756.397897	301.981556	45.500000	53.853518	1.282547	-0.106574
982.417124	287.923743	45.750000	53.853518	0.840148	-0.260274
1157.392141	266.067690	46.000000	53.853518	0.505213	-0.357699
734.025501	243.616589	46.250000	62.095246	-1.466432	-0.195734
538.783623	237.767873	46.500000	62.095246	-1.066085	-0.025421
426.055208	239.255150	46.750000	62.095246	-0.839567	0.062863
352.355911	244.730073	47.000000	62.095246	-0.695373	0.111445
604.407388	258.785193	47.250000	53.225102	1.900721	0.110643
900.276172	257.897169	47.500000	53.225102	1.309753	-0.124763
1164.182226	243.691076	47.750000	53.225102	0.790567	-0.308932
1349.491105	222.124734	48.000000	53.225102	0.433812	-0.415544
827.442452	203.678580	48.250000	61.340828	-1.529479	-0.164236
603.014154	200.908136	48.500000	61.340828	-1.072066	0.023702
477.766174	204.830571	48.750000	61.340828	-0.822096	0.117262
397.509650	212.427284	49.000000	61.340828	-0.666336	0.166898
353.742934	223.666686	49.250000	60.419471	-0.430817	0.211320
320.131325	235.918938	49.500000	60.419471	-0.373053	0.213868
293.350623	248.769255	49.750000	60.419471	-0.329538	0.209700
271.381506	261.885584	50.000000	60.419471	-0.295927	0.201113
234.042151	269.538522	50.250000	63.046919	-0.560719	0.121447
204.863597	278.115470	50.500000	63.046919	-0.508943	0.127771
181.363841	287.196850	50.750000	63.046919	-0.469011	0.128499
161.983388	296.475790	51.000000	63.046919	-0.437530	0.125505
148.837681	308.312472	51.250000	62.035285	-0.330705	0.150251
137.286376	319.561694	51.500000	62.035285	-0.316554	0.136991
127.044374	330.135586	51.750000	62.035285	-0.304493	0.124028
117.895791	339.979828	52.000000	62.035285	-0.294043	0.111645
212.759557	363.120795	52.250000	53.985779	2.255112	0.203332
360.220760	375.228759	52.500000	53.985779	1.952521	0.061527
558.463256	373.479914	52.750000	53.985779	1.558865	-0.093484
779.697287	357.813865	53.000000	53.985779	1.128822	-0.239609
895.327067	333.512241	53.250000	54.932803	0.455753	-0.300424
982.235957	308.445304	53.500000	54.932803	0.300875	-0.320250
1043.700888	284.564460	53.750000	54.932803	0.196176	-0.321949
1085.884110	262.839131	54.000000	54.932803	0.128580	-0.312409
771.109585	246.122361	54.250000	59.569734	-1.099720	-0.143928
613.277106	242.115383	54.500000	59.569734	-0.777006	-0.007831
518.563739	244.150277	54.750000	59.569734	-0.587420	0.064733
455.410688	249.556287	55.000000	59.569734	-0.464468	0.104918
405.921482	256.740540	55.250000	59.760034	-0.417844	0.124435
369.032997	265.340644	55.500000	59.760034	-0.350528	0.136951
340.376400	274.770355	55.750000	59.760034	-0.300478	0.141149
317.384459	284.619850	56.000000	59.760034	-0.262179	0.139930
267.779327	287.961654	56.250000	62.943053	-0.635900	0.061260
230.625839	293.212527	56.500000	62.943053	-0.565371	0.080700
201.672871	299.640029	56.750000	62.943053	-0.512322	0.091152
178.414267	306.755860	57.000000	62.943053	-0.471297	0.095624
355.701902	328.075225	57.250000	52.649472	2.568049	0.176431
631.324159	333.022369	57.500000	52.649472	2.016109	-0.053292
960.889316	318.531674	57.750000	52.649472	1.368696	-0.288535
1253.051575	289.139422	58.000000	52.649472	0.804673	-0.465122
934.047677	262.493432	58.250000	57.862368	-0.900554	-0.258320
780.637272	251.328390	58.500000	57.862368	-0.580775	-0.111318
692.559290	247.205163	58.750000	57.862368	-0.399478	-0.031704
636.665941	246.847289	59.000000	57.862368	-0.286419	0.014215
824.757988	247.284343	59.250000	54.546320	0.858070	-0.063035
980.314330	239.722687	59.500000	54.546320	0.551241	-0.173280
1092.060853	227.415980	59.750000	54.546320	0.335817	-0.238881
1165.204603	213.251858	60.000000	54.546320	0.199514	-0.269632
731.791575	198.443649	60.250000	62.923705	-1.500329	-0.134329
532.943741	196.538334	60.500000	62.923705	-1.095840	0.030940
418.416118	200.478521	60.750000	62.923705	-0.867659	0.115736
343.653480	207.719744	61.000000	62.923705	-0.722739	0.161626
283.409077	211.449314	61.250000	65.756001	-0.717781	0.089177
239.582419	216.960000	61.500000	65.756001	-0.633998	0.113481
206.190407	223.636689	61.750000	65.756001	-0.572201	0.127014
179.848048	231.070169	62.000000	65.756001	-0.525218	0.133339
157.899993	234.852477	62.250000	67.504429	-0.501699	0.069375
139.901112	239.160918	62.500000	67.504429	-0.469006	0.075229
124.865476	243.803146	62.750000	67.504429	-0.442540	0.078025
112.113527	248.633872	63.000000	67.504429	-0.420818	0.078602
101.126742	252.511388	63.250000	67.909500	-0.403740	0.062281
91.612200	256.470485	63.500000	67.909500	-0.387825	0.061997
83.296640	260.438183	63.750000	67.909500	-0.374325	0.060731
75.972001	264.358071	64.000000	67.909500	-0.362776	0.058763
78.733679	287.623273	64.250000	60.121320	0.131375	0.314219
81.124925	309.276847	64.500000	60.121320	0.109227	0.268921
83.151533	328.990270	64.750000	60.121320	0.089355	0.227785
84.832675	346.581618	65.000000	60.121320	0.071872	0.191166
77.571672	351.705868	65.250000	63.718858	-0.353020	0.056572
71.104977	356.509251	65.500000	63.718858	-0.343905	0.052137
65.316463	360.982548	65.750000	63.718858	-0.335887	0.047818
60.112267	365.126131	66.000000	63.718858	-0.328777	0.043690
54.387531	355.680295	66.250000	67.603581	-0.391457	-0.093975
49.421954	348.302266	66.500000	67.603581	-0.375568	-0.075163
45.073202	342.514200	66.750000	67.603581	-0.362195	-0.060043
41.233575	337.965706	67.000000	67.603581	-0.350841	-0.047823
38.554112	347.034767	67.250000	63.691716	-0.269628	0.098402
36.034207	355.017166	67.500000	63.691716	-0.270984	0.084414
33.669760	362.004695	67.750000	63.691716	-0.271854	0.072295
31.455374	368.094862	68.000000	63.691716	-0.272305	0.061854
43.004287	392.238599	68.250000	56.783778	1.230322	0.226895
58.146507	412.273066	68.500000	56.783778	1.184101	0.174606
77.666357	427.992507	68.750000	56.783778	1.132607	0.127453
102.325045	439.372100	69.000000	56.783778	1.074336	0.084883
218.015167	450.697640	69.250000	52.191972	2.899679	0.043814
428.342802	446.784992	69.500000	52.191972	2.486159	-0.115622
739.860939	423.068577	69.750000	52.191972	1.885037	-0.316921
1086.733542	380.780953	70.000000	52.191972	1.224245	-0.510701
771.485877	339.247394	70.250000	59.257886	-1.092595	-0.321671
615.422197	320.485311	70.500000	59.257886	-0.761487	-0.157216
522.720490	312.151577	70.750000	59.257886	-0.567580	-0.065403
461.511422	309.462011	71.000000	59.257886	-0.442016	-0.010515
359.153703	298.878705	71.250000	64.450017	-0.908225	-0.093755
291.763767	294.544958	71.500000	64.450017	-0.768884	-0.030578
243.953744	293.929040	71.750000	64.450017	-0.672121	0.009260
208.210624	295.654280	72.000000	64.450017	-0.601597	0.034634
179.544620	296.794080	72.250000	65.204809	-0.566547	0.024665
156.759424	299.193677	72.500000	65.204809	-0.522682	0.038214
138.201521	302.425087	72.750000	65.204809	-0.487996	0.046682
122.788809	306.188024	73.000000	65.204809	-0.460065	0.051547
111.701249	315.580009	73.250000	63.347796	-0.371704	0.116077
101.957848	324.451302	73.500000	63.347796	-0.359274	0.106127
93.331476	332.752099	73.750000	63.347796	-0.348631	0.096419
85.646299	340.456291	74.000000	63.347796	-0.339399	0.087149
78.783194	347.608644	74.250000	63.330895	-0.330336	0.078977
72.606842	354.158706	74.500000	63.330895	-0.323207	0.070805
67.027480	360.127650	74.750000	63.330895	-0.316811	0.063317
61.970862	365.544946	75.000000	63.330895	-0.311020	0.056514
56.897347	368.280157	75.250000	63.992380	-0.337917	0.029125
52.336972	370.896187	75.500000	63.992380	-0.330872	0.027543
48.221919	373.378254	75.750000	63.992380	-0.324613	0.025872
44.496037	375.718165	76.000000	63.992380	-0.319021	0.024173
44.255573	387.832980	76.250000	60.881284	-0.025969	0.115691
43.924329	398.127770	76.500000	60.881284	-0.033573	0.095296
43.521139	406.796278	76.750000	60.881284	-0.039729	0.078220
43.062529	414.042375	77.000000	60.881284	-0.044631	0.064041
39.067228	402.563548	77.250000	65.827251	-0.381494	-0.100383
35.580732	393.681810	77.500000	65.827251	-0.367361	-0.079733
32.509480	386.764188	77.750000	65.827251	-0.355642	-0.063366
29.782837	381.355342	78.000000	65.827251	-0.345828	-0.050309
30.277511	394.724484	78.250000	60.524878	0.060423	0.125126
30.697676	406.017308	78.500000	60.524878	0.050514	0.102124
31.053348	415.446968	78.750000	60.524878	0.042228	0.082909
31.354059	423.245110	79.000000	60.524878	0.035362	0.067011
32.405887	431.162570	79.250000	60.033921	0.128037	0.066373
33.427860	437.571611	79.500000	60.033921	0.120842	0.052682
34.425023	442.710557	79.750000	60.033921	0.114717	0.041559
35.401900	446.793924	80.000000	60.033921	0.109481	0.032572
31.970114	397.518418	80.250000	73.778523	-0.386723	-0.421281
29.160798	361.440284	80.500000	73.778523	-0.352052	-0.346447
26.800731	334.019932	80.750000	73.778523	-0.325266	-0.289427
24.778493	312.582768	81.000000	73.778523	-0.303979	-0.244729
23.535258	326.453963	81.250000	63.453715	-0.209950	0.161065
22.309659	338.797582	81.500000	63.453715	-0.217397	0.137298
21.111684	349.659787	81.750000	63.453715	-0.223713	0.116474
19.949273	359.127143	82.000000	63.453715	-0.228982	0.098417
18.573717	362.870029	82.250000	64.795070	-0.285880	0.038482
17.292436	366.110630	82.500000	64.795070	-0.285914	0.033008
16.099780	368.914585	82.750000	64.795070	-0.285775	0.028339
14.990180	371.340589	83.000000	64.795070	-0.285499	0.024362
13.861044	367.756140	83.250000	66.417885	-0.310854	-0.035045
12.832134	364.872049	83.500000	66.417885	-0.306475	-0.028427
11.891610	362.551426	83.750000	66.417885	-0.302726	-0.023012
11.029582	360.686252	84.000000	66.417885	-0.299500	-0.018575
10.247965	360.465321	84.250000	66.049146	-0.293187	-0.001957
9.525651	360.330428	84.500000	66.049146	-0.291631	-0.001105
8.857502	360.263570	84.750000	66.049146	-0.290238	-0.000433
8.238930	360.250087	85.000000	66.049146	-0.288988	0.000091
7.694831	363.343064	85.250000	65.155591	-0.273928	0.031506
7.184451	365.977859	85.500000	65.155591	-0.275021	0.026629
6.706316	368.219923	85.750000	65.155591	-0.275862	0.022513
6.258859	370.126731	86.000000	65.155591	-0.276497	0.019045
5.802039	362.999557	86.250000	67.636030	-0.300072	-0.070979
5.386670	357.189465	86.500000	67.636030	-0.294573	-0.058979
5.007301	352.427123	86.750000	67.636030	-0.289988	-0.049113
4.659526	348.506613	87.000000	67.636030	-0.286143	-0.040963
4.368959	353.668476	87.250000	65.143673	-0.259214	0.054086
4.093181	358.071382	87.500000	65.143673	-0.262195	0.045472
3.832210	361.812566	87.750000	65.143673	-0.264675	0.038174
3.585859	364.981613	88.000000	65.143673	-0.266726	0.032012
3.334003	361.284320	88.250000	66.973510	-0.289682	-0.037189
3.102294	358.242741	88.500000	66.973510	-0.286775	-0.030897
2.888607	355.734216	88.750000	66.973510	-0.284332	-0.025689
2.691143	353.661329	89.000000	66.973510	-0.282272	-0.021370
3.764255	381.855517	89.250000	56.752403	1.330611	0.279767
5.234063	406.752592	89.500000	56.752403	1.307716	0.228666
7.237923	428.139371	89.750000	56.752403	1.286567	0.184158
9.958054	446.039196	90.000000	56.752403	1.266785	0.146059
9.344964	440.642388	90.250000	63.111486	-0.251601	-0.043474
8.780611	436.406392	90.500000	63.111486	-0.247065	-0.034509
8.258796	433.072776	90.750000	63.111486	-0.243340	-0.027392
7.774555	430.445736	91.000000	63.111486	-0.240259	-0.021725
7.454366	431.507979	91.250000	62.247040	-0.168316	0.008991
7.147098	432.390379	91.500000	62.247040	-0.168410	0.007465
6.852422	433.125967	91.750000	62.247040	-0.168411	0.006225
6.569958	433.741724	92.000000	62.247040	-0.168340	0.005215
6.395494	436.201221	92.250000	61.698198	-0.108403	0.020398
6.223434	438.202595	92.500000	61.698198	-0.109666	0.016516
6.054331	439.830353	92.750000	61.698198	-0.110635	0.013383
5.888583	441.154432	93.000000	61.698198	-0.111368	0.010856
8.951762	458.925017	93.250000	55.874260	1.665605	0.140185
13.539247	473.244150	93.500000	55.874260	1.644995	0.107773
20.368218	484.374018	93.750000	55.874260	1.622491	0.079971
30.455049	492.557918	94.000000	55.874260	1.595880	0.055481
27.353331	459.951685	94.250000	66.696776	-0.414848	-0.243026
24.741073	435.826147	94.500000	66.696776	-0.390195	-0.192399
22.499835	417.534767	94.750000	66.696776	-0.370988	-0.153822
20.549070	403.412015	95.000000	66.696776	-0.355721	-0.123870
19.929763	410.035636	95.250000	61.777846	-0.124284	0.059197
19.311690	415.558795	95.500000	61.777846	-0.127483	0.048605
18.699675	420.147498	95.750000	61.777846	-0.129943	0.039883
18.097404	423.950590	96.000000	61.777846	-0.131792	0.032730
21.408838	437.975522	96.250000	58.218864	0.663676	0.115842
25.217351	449.292767	96.500000	58.218864	0.646985	0.090066
29.583054	458.208756	96.750000	58.218864	0.631109	0.068661
34.569317	465.037308	97.000000	58.218864	0.615669	0.050948
41.590512	471.051900	97.250000	57.851826	0.730525	0.043160
49.797407	475.213955	97.500000	57.851826	0.710804	0.028221
59.320726	477.766320	97.750000	57.851826	0.689747	0.015460
70.278931	478.911245	98.000000	57.851826	0.666953	0.004374
62.057252	443.256425	98.250000	67.550932	-0.477030	-0.273923
55.338225	417.186680	98.500000	67.550932	-0.442561	-0.216075
49.722934	397.605817	98.750000	67.550932	-0.415540	-0.172190
44.947281	382.606165	99.000000	67.550932	-0.393898	-0.138203
40.805849	366.529111	99.250000	68.775254	-0.376840	-0.155319
37.223424	353.912650	99.500000	68.775254	-0.359514	-0.127092
34.089120	343.890163	99.750000	68.775254	-0.345175	-0.104443
31.320984	335.854126	100.000000	68.775254	-0.333169	-0.086081
31.828619	354.520251	100.250000	60.702259	0.056805	0.198577
32.223981	370.923544	100.500000	60.702259	0.042851	0.165362
32.519080	385.104723	100.750000	60.702259	0.030877	0.136675
32.726778	397.193629	101.000000	60.702259	0.020755	0.112250
31.912391	405.022512	101.250000	61.457375	-0.102939	0.071072
31.086351	411.592419	101.500000	61.457375	-0.106562	0.058547
30.257807	417.081838	101.750000	61.457375	-0.109312	0.048191
29.433966	421.655030	102.000000	61.457375	-0.111336	0.039670
31.134626	431.135398	102.250000	59.655465	0.219526	0.079472
32.849233	438.798760	102.500000	59.655465	0.209939	0.062707
34.580891	444.914110	102.750000	59.655465	0.201562	0.049034
36.332552	449.731207	103.000000	59.655465	0.194187	0.037951
37.231270	452.216600	103.250000	60.058775	0.095961	0.019407
38.118473	454.136411	103.500000	60.058775	0.092643	0.014837
38.996469	455.600217	103.750000	60.058775	0.089709	0.011191
39.867095	456.697834	104.000000	60.058775	0.087084	0.008286
47.911401	463.867505	104.250000	57.849186	0.724686	0.052599
57.259697	468.904492	104.500000	57.849186	0.701982	0.034989
68.033334	472.079108	104.750000	57.849186	0.677927	0.019975
80.331799	473.625516	105.000000	57.849186	0.652131	0.007007
74.656863	461.487506	105.250000	61.844272	-0.283283	-0.090609
69.712699	452.501604	105.500000	61.844272	-0.266137	-0.068564
65.348752	445.831673	105.750000	61.844272	-0.252020	-0.051645
61.455140	440.891102	106.000000	61.844272	-0.240240	-0.038582
55.007968	421.975031	106.250000	65.908772	-0.430354	-0.155646
49.546363	407.693452	106.500000	65.908772	-0.407908	-0.122543
44.852276	396.769607	106.750000	65.908772	-0.389707	-0.096814
40.770217	388.339574	107.000000	65.908772	-0.374743	-0.076593
37.788757	389.722941	107.250000	63.674306	-0.301468	0.014029
35.065695	391.067233	107.500000	63.674306	-0.297089	0.013521
32.572679	392.361669	107.750000	63.674306	-0.293130	0.012928
30.285386	393.599158	108.000000	63.674306	-0.289539	0.012284
74.523539	421.049681	108.250000	50.598857	3.543735	0.225205
176.301422	439.092058	108.500000	50.598857	3.328755	0.108504
385.868363	441.835740	108.750000	50.598857	2.912443	-0.063268
735.429528	422.077158	109.000000	50.598857	2.233872	-0.302341
507.852785	373.884589	109.250000	64.467457	-1.269857	-0.365786
384.085284	348.586051	109.500000	64.467457	-0.999224	-0.214513
306.253457	334.613885	109.750000	64.467457	-0.830956	-0.123452
252.730304	327.083134	110.000000	64.467457	-0.717072	-0.065079
380.379945	340.636326	110.250000	54.888958	1.503625	0.100033
532.605319	343.456472	110.500000	54.888958	1.197398	-0.027561
689.901555	336.027521	110.750000	54.888958	0.888354	-0.139011
830.742403	320.853991	111.000000	54.888958	0.617722	-0.221977
989.584969	300.517897	111.250000	54.386179	0.561488	-0.300189
1105.402852	276.907736	111.500000	54.386179	0.347008	-0.346363
1182.666923	253.310239	111.750000	54.386179	0.210032	-0.361472
1232.064067	231.473937	112.000000	54.386179	0.127839	-0.357590
748.368296	210.633847	112.250000	63.735156	-1.594493	-0.203848
534.919978	205.568516	112.500000	63.735156	-1.157649	-0.020277
414.367359	207.294809	112.750000	63.735156	-0.915448	0.073865
336.641301	212.721893	113.000000	63.735156	-0.763067	0.125796
446.991481	229.859738	113.250000	55.783840	1.020623	0.251402
559.465008	241.129275	113.500000	55.783840	0.786402	0.138576
662.176354	246.500841	113.750000	55.783840	0.576010	0.045209
747.229872	246.938491	114.000000	55.783840	0.404699	-0.024194
802.915671	243.959261	114.250000	55.901855	0.237856	-0.065719
843.102522	239.202316	114.500000	55.901855	0.160715	-0.088627
871.333033	233.566142	114.750000	55.901855	0.108345	-0.100125
890.949723	227.646727	115.000000	55.901855	0.073559	-0.104097
1080.641023	219.561838	115.250000	54.057868	0.601632	-0.205393
1212.167306	206.200544	115.500000	54.057868	0.346934	-0.284939
1293.735718	190.998838	115.750000	54.057868	0.194269	-0.320486
1341.746901	176.020079	116.000000	54.057868	0.109202	-0.329321
903.447991	166.113531	116.250000	59.258462	-1.220381	-0.081073
705.393362	166.601929	116.500000	59.258462	-0.819319	0.078753
593.039612	171.883149	116.750000	59.258462	-0.596542	0.159110
520.841983	179.944218	117.000000	59.258462	-0.457406	0.201296
402.613229	181.347263	117.250000	65.325899	-0.925699	0.071094
326.161836	185.974947	117.500000	65.325899	-0.775260	0.123579
272.511283	192.627619	117.750000	65.325899	-0.672559	0.153539
232.665735	200.630384	118.000000	65.325899	-0.598813	0.169630
203.582228	211.992929	118.250000	64.099274	-0.511583	0.220130
180.058710	223.866659	118.500000	64.099274	-0.473841	0.215291
160.579916	235.996633	118.750000	64.099274	-0.444445	0.206676
144.143912	248.161563	119.000000	64.099274	-0.421200	0.195535
134.022581	264.435757	119.250000	62.246390	-0.287863	0.242356
124.815412	280.075842	119.500000	62.246390	-0.281938	0.218426
116.398022	294.906699	119.750000	62.246390	-0.276953	0.195475
108.674044	308.797418	120.000000	62.246390	-0.272607	0.173844
137.872426	332.419338	120.250000	57.189045	0.914359	0.261263
171.448481	351.795428	120.500000	57.189045	0.831799	0.195536
208.735932	366.524859	120.750000	57.189045	0.745495	0.136110
248.645487	376.587507	121.000000	57.189045	0.657631	0.083906
235.949287	377.706049	121.250000	59.864234	-0.198248	0.015427
225.150680	379.441192	121.500000	59.864234	-0.177964	0.020642
215.841690	381.576998	121.750000	59.864234	-0.160996	0.023852
207.724509	383.956650	122.000000	59.864234	-0.146620	0.025611
184.449967	380.832892	122.250000	61.964791	-0.452702	-0.021401
165.576420	379.711797	122.500000	61.964791	-0.413881	-0.003934
149.928141	379.971017	122.750000	61.964791	-0.382662	0.008157
136.717183	381.179586	123.000000	61.964791	-0.357109	0.016374
206.850481	396.708317	123.250000	55.343770	1.580196	0.117716
299.772767	403.877911	123.500000	55.343770	1.389368	0.029046
412.346226	402.216889	123.750000	55.343770	1.166050	-0.057784
535.140927	392.317301	124.000000	55.343770	0.928419	-0.136459
465.243849	374.683078	124.250000	59.217396	-0.490866	-0.143326
417.472007	364.473234	124.500000	59.217396	-0.386393	-0.084191
382.891989	358.825061	124.750000	59.217396	-0.312239	-0.044919
356.783937	356.118950	125.000000	59.217396	-0.257544	-0.018414
301.188929	350.135055	125.250000	61.649810	-0.625009	-0.042565
260.566731	348.199516	125.500000	61.649810	-0.541694	-0.005880
229.488101	348.839977	125.750000	61.649810	-0.479706	0.017909
204.867461	351.150216	126.000000	61.649810	-0.432076	0.033125
228.268063	362.561276	126.250000	57.955255	0.406052	0.108498
250.932345	370.799359	126.500000	57.955255	0.354046	0.073756
272.441584	376.266363	126.750000	57.955255	0.306561	0.045491
292.484672	379.418079	127.000000	57.955255	0.263856	0.023044
277.199665	378.017446	127.250000	59.533100	-0.200025	-0.007972
264.584343	377.814031	127.500000	59.533100	-0.174523	0.002603
253.994780	378.439803	127.750000	59.533100	-0.153762	0.009880
244.977804	379.632052	128.000000	59.533100	-0.136619	0.014749
519.594235	385.483107	128.250000	50.116531	2.720320	-0.055709
927.886450	366.361917	128.500000	50.116531	1.922283	-0.343679
1346.605093	324.690844	128.750000	50.116531	1.115119	-0.597106
1644.272034	273.958520	129.000000	50.116531	0.554499	-0.736186
1383.495083	234.772087	129.250000	54.957472	-0.464208	-0.498246
1275.510455	211.341782	129.500000	54.957472	-0.225813	-0.363189
1225.588378	195.010835	129.750000	54.957472	-0.111317	-0.289785
1201.938580	182.507617	130.000000	54.957472	-0.053248	-0.245454
742.201717	170.300875	130.250000	63.728543	-1.549031	-0.117587
535.236133	169.485223	130.500000	63.728543	-1.128877	0.052085
417.171187	173.848889	130.750000	63.728543	-0.893864	0.138887
340.568639	181.205103	131.000000	63.728543	-0.745315	0.186028
420.110174	198.585362	131.250000	56.509771	0.756690	0.319557
496.696551	212.561030	131.500000	56.509771	0.592042	0.230097
564.891571	222.876157	131.750000	56.509771	0.446928	0.154601
621.586736	229.796732	132.000000	56.509771	0.327464	0.095083
597.186629	233.925325	132.250000	57.714085	-0.139557	0.076058
579.269418	238.598461	132.500000	57.714085	-0.107244	0.081146
565.739871	243.536615	132.750000	57.714085	-0.083987	0.082158
555.272296	248.549103	133.000000	57.714085	-0.066959	0.080548
418.582231	241.281651	133.250000	65.390407	-1.007544	-0.064691
333.308018	239.825459	133.500000	65.390407	-0.834325	0.007188
274.915048	241.721785	133.750000	65.390407	-0.718207	0.050537
232.334938	245.703458	134.000000	65.390407	-0.635708	0.076904
211.951418	259.716128	134.250000	61.503399	-0.353626	0.216017
194.635058	273.640368	134.500000	61.503399	-0.330029	0.202056
179.680767	287.253405	134.750000	61.503399	-0.310934	0.186811
166.593122	300.372189	135.000000	61.503399	-0.295195	0.171047
228.355569	321.960439	135.250000	56.183156	1.192301	0.233280
301.481424	337.317863	135.500000	56.183156	1.034051	0.143957
382.025018	345.909951	135.750000	56.183156	0.866173	0.062144
464.177708	348.036171	136.000000	56.183156	0.700010	-0.008097
420.718648	342.771180	136.250000	59.134076	-0.351831	-0.040671
388.776277	340.714279	136.500000	59.134076	-0.285891	-0.010753
364.379024	340.727786	136.750000	59.134076	-0.236833	0.008903
345.178358	342.093534	137.000000	59.134076	-0.199332	0.021646
418.434001	347.094842	137.250000	56.385090	0.697954	0.025996
489.007074	346.725854	137.500000	56.385090	0.556829	-0.029997
552.811226	342.155676	137.750000	56.385090	0.432489	-0.072175
607.417346	334.686528	138.000000	56.385090	0.328823	-0.101170
441.081886	306.167732	138.250000	66.825005	-1.125137	-0.273532
342.891764	290.421605	138.500000	66.825005	-0.914185	-0.162392
278.071446	281.596195	138.750000	66.825005	-0.776424	-0.092283
232.052146	276.946659	139.000000	66.825005	-0.680031	-0.045804
268.719863	295.081977	139.250000	57.525644	0.544885	0.222748
304.576644	309.587568	139.500000	57.525644	0.461450	0.164882
338.382098	320.504616	139.750000	57.525644	0.384948	0.115824
369.218655	328.144488	140.000000	57.525644	0.316982	0.075699
295.684218	316.167573	140.250000	65.297274	-0.817964	-0.111783
244.600700	309.768637	140.500000	65.297274	-0.709926	-0.057671
207.011514	306.863859	140.750000	65.297274	-0.631950	-0.021506
178.166836	306.251986	141.000000	65.297274	-0.573455	0.002983
154.332710	295.275432	141.250000	69.320451	-0.548402	-0.127165
135.370268	287.254579	141.500000	69.320451	-0.503856	-0.095788
119.923354	281.378014	141.750000	69.320451	-0.468111	-0.071555
107.097321	277.096252	142.000000	69.320451	-0.438920	-0.052639
97.787395	288.440630	142.250000	64.071899	-0.359312	0.153209
89.482770	299.125183	142.500000	64.071899	-0.351225	0.138470
82.036383	309.093252	142.750000	64.071899	-0.344286	0.124475
75.331164	318.314295	143.000000	64.071899	-0.338237	0.111378
69.208565	326.504905	143.250000	64.164502	-0.336394	0.096180
63.669195	333.985807	143.500000	64.164502	-0.331289	0.085630
58.644186	340.780869	143.750000	64.164502	-0.326667	0.076041
54.075382	346.924195	144.000000	64.164502	-0.322437	0.067391
49.438881	347.753892	144.250000	65.608083	-0.354523	0.010481
45.290917	348.732909	144.500000	65.608083	-0.346991	0.011854
41.564053	349.809366	144.750000	65.608083	-0.340381	0.012691
38.202965	350.943163	145.000000	65.608083	-0.334552	0.013120
39.103946	368.162229	145.250000	60.412210	0.085920	0.175073
39.881109	383.073110	145.500000	60.412210	0.072396	0.144537
40.546996	395.789881	145.750000	60.412210	0.060853	0.118484
41.115040	406.494773	146.000000	60.412210	0.051119	0.096542
39.221038	410.382458	146.250000	61.994028	-0.188296	0.035152
37.421870	413.714512	146.500000	61.994028	-0.187368	0.029908
35.714464	416.575750	146.750000	61.994028	-0.186245	0.025536
34.095193	419.039298	147.000000	61.994028	-0.184980	0.021891
33.137609	423.101191	147.250000	61.418483	-0.114550	0.035163
32.198266	426.490501	147.500000	61.418483	-0.115391	0.029111
31.280676	429.320643	147.750000	61.418483	-0.115828	0.024165
30.387246	431.688144	148.000000	61.418483	-0.115941	0.020128
27.652292	417.637866	148.250000	65.753090	-0.369510	-0.118383
25.258183	406.762461	148.500000	65.753090	-0.355966	-0.094602
23.141872	398.262151	148.750000	65.753090	-0.344889	-0.075822
21.256165	391.571789	149.000000	65.753090	-0.335732	-0.060866
23.681386	408.281950	149.250000	59.023840	0.423568	0.150592
26.269656	422.244961	149.500000	59.023840	0.407186	0.120492
29.028166	433.693033	149.750000	59.023840	0.392479	0.095297
31.964751	442.909391	150.000000	59.023840	0.379207	0.074434
56.576090	459.998725	150.250000	54.477814	2.252005	0.125600
98.243150	471.282808	150.500000	54.477814	2.160388	0.069786
165.802989	475.771397	150.750000	54.477814	2.022783	0.006955
268.235306	472.138042	151.000000	54.477814	1.822209	-0.067467
235.042579	449.048218	151.250000	61.074654	-0.489664	-0.167638
209.755312	433.660193	151.500000	61.074654	-0.426423	-0.116282
189.783717	423.360608	151.750000	61.074654	-0.377996	-0.079468
173.558759	416.551918	152.000000	61.074654	-0.339925	-0.052703
238.272790	422.711823	152.250000	55.951435	1.201494	0.028129
315.498181	422.295606	152.500000	55.951435	1.047714	-0.032900
401.267364	415.757209	152.750000	55.951435	0.881546	-0.088575
489.402414	404.074521	153.000000	55.951435	0.714510	-0.135915
372.203879	374.100886	153.250000	64.079880	-0.980849	-0.240620
297.947362	356.938713	153.500000	64.079880	-0.817239	-0.146026
246.630687	347.077275	153.750000	64.079880	-0.705932	-0.084746
208.997721	341.734928	154.000000	64.079880	-0.625901	-0.043637
234.929158	354.265632	154.250000	57.851008	0.438402	0.122603
260.152706	363.408630	154.500000	57.851008	0.380549	0.083993
284.124848	369.547422	154.750000	57.851008	0.327590	0.052403
306.435681	373.150292	155.000000	57.851008	0.279977	0.027228
566.919899	375.122199	155.250000	52.410789	2.195844	-0.084052
902.567462	356.366498	155.500000	52.410789	1.540676	-0.315289
1221.602139	320.982936	155.750000	52.410789	0.928176	-0.501251
1450.844212	278.984273	156.000000	52.410789	0.499201	-0.602340
834.599303	245.102147	156.250000	62.498252	-1.711889	-0.295674
585.982326	235.142093	156.500000	62.498252	-1.199208	-0.073408
451.246254	234.541322	156.750000	62.498252	-0.926305	0.036979
366.411629	238.752298	157.000000	62.498252	-0.758546	0.097129
395.890996	252.665086	157.250000	57.645687	0.276669	0.202484
420.881064	264.247098	157.500000	57.645687	0.217206	0.159165
441.458485	273.666704	157.750000	57.645687	0.168313	0.123713
457.999920	281.184489	158.000000	57.645687	0.129036	0.095314
355.988948	271.662727	158.250000	65.830906	-0.913719	-0.093362
288.767798	267.711923	158.500000	65.830906	-0.775033	-0.031107
241.068924	267.109194	158.750000	65.830906	-0.678508	0.008604
205.418655	268.641875	159.000000	65.830906	-0.608020	0.034282
195.006717	283.926359	159.250000	60.649774	-0.204041	0.210712
185.491849	298.444567	159.500000	60.649774	-0.196606	0.189267
176.749135	312.072832	159.750000	60.649774	-0.190009	0.168979
168.682970	324.730160	160.000000	60.649774	-0.183993	0.150087
149.135543	328.296788	160.250000	63.680095	-0.475878	0.047440
132.928706	332.440589	160.500000	63.680095	-0.446656	0.052182
119.264729	336.910759	160.750000	63.680095	-0.422811	0.054218
107.585251	341.525991	161.000000	63.680095	-0.403073	0.054362
100.359881	350.838677	161.250000	62.101953	-0.274774	0.101532
93.776385	359.302870	161.500000	62.101953	-0.268368	0.089846
87.759490	366.954064	161.750000	62.101953	-0.262446	0.079334
82.245962	373.839909	162.000000	62.101953	-0.256921	0.069952
74.626843	373.616293	162.250000	64.081430	-0.381646	0.000595
67.954676	373.915941	162.500000	64.081430	-0.368500	0.005365
62.067095	374.591880	162.750000	64.081430	-0.357232	0.008747
56.837840	375.532443	163.000000	64.081430	-0.347498	0.011068
96.093176	399.551039	163.250000	54.828475	2.051192	0.209672
157.807511	416.564896	163.500000	54.828475	1.915073	0.126380
248.863726	425.018115	163.750000	54.828475	1.727320	0.036766
371.729088	423.683904	164.000000	54.828475	1.483704	-0.058780
624.284922	410.943940	164.250000	53.010776	1.826877	-0.208366
916.406310	381.127251	164.500000	53.010776	1.266446	-0.382952
1176.844396	340.179367	164.750000	53.010776	0.775762	-0.510665
1362.510227	296.599829	165.000000	53.010776	0.436147	-0.573264
1070.164719	263.907499	165.250000	56.743055	-0.712105	-0.342263
933.728716	247.327621	165.500000	56.743055	-0.422140	-0.198077
859.223762	238.025821	165.750000	56.743055	-0.263939	-0.118997
815.000163	232.570076	166.000000	56.743055	-0.170204	-0.072241
910.289884	228.150282	166.250000	55.243276	0.357134	-0.106776
977.571797	220.882214	166.500000	55.243276	0.227330	-0.146554
1022.669713	212.329315	166.750000	55.243276	0.143212	-0.165856
1052.186650	203.499893	167.000000	55.243276	0.090735	-0.172011
1448.832924	189.722935	167.250000	51.108129	0.921988	-0.410640
1700.602655	167.257340	167.500000	51.108129	0.430371	-0.569688
1828.285681	143.770204	167.750000	51.108129	0.190008	-0.626330
1887.918066	122.754221	168.000000	51.108129	0.085768	-0.632615
986.263201	110.241882	168.250000	62.445193	-1.906797	-0.146558
672.343218	110.354967	168.500000	62.445193	-1.268662	0.108741
512.349119	115.364174	168.750000	62.445193	-0.948957	0.228327
415.007780	123.243250	169.000000	62.445193	-0.758827	0.291221
346.811228	132.783006	169.250000	62.807512	-0.659999	0.313531
297.705221	143.975380	169.500000	62.807512	-0.570126	0.330727
260.452993	156.518293	169.750000	62.807512	-0.505255	0.335644
231.054936	170.163782	170.000000	62.807512	-0.457099	0.332015
248.462036	190.152816	170.250000	58.641606	0.266424	0.418526
263.942179	209.704114	170.500000	58.641606	0.219731	0.366981
277.306458	228.401041	170.750000	58.641606	0.177942	0.318820
288.515420	245.915325	171.000000	58.641606	0.141406	0.274737
244.663714	252.202279	171.250000	63.990173	-0.621750	0.110796
211.194412	259.733629	171.500000	63.990173	-0.560483	0.122682
184.741759	268.019584	171.750000	63.990173	-0.513963	0.127389
163.261383	276.710908	172.000000	63.990173	-0.477782	0.127269
175.127989	296.860338	172.250000	58.851547	0.261780	0.257620
186.078044	314.741157	172.500000	58.851547	0.225499	0.212988
196.026596	330.234660	172.750000	58.851547	0.193128	0.173930
204.947844	343.372401	173.000000	58.851547	0.164698	0.140409
345.597366	358.710627	173.250000	54.098063	1.942007	0.104671
535.341103	360.867587	173.500000	54.098063	1.562211	-0.051342
749.243201	349.302405	173.750000	54.098063	1.143659	-0.199764
947.656450	327.056783	174.000000	54.098063	0.763170	-0.314865
701.099386	303.159282	174.250000	59.505134	-0.987326	-0.199629
569.385928	293.626282	174.500000	59.505134	-0.713261	-0.073663
487.596847	291.176389	174.750000	59.505134	-0.546243	-0.002566
431.910420	292.711768	175.000000	59.505134	-0.435268	0.039348
362.731083	293.771647	175.250000	61.169112	-0.636263	0.037903
313.479687	297.890967	175.500000	61.169112	-0.540404	0.069406
276.474445	303.876906	175.750000	61.169112	-0.470767	0.087253
247.531844	310.990115	176.000000	61.169112	-0.418293	0.096321
221.057922	317.739998	176.250000	61.593857	-0.430534	0.089123
199.504898	325.041670	176.500000	61.593857	-0.393096	0.091844
181.561502	332.581221	176.750000	61.593857	-0.363114	0.091174
166.350394	340.133245	177.000000	61.593857	-0.338638	0.088274
286.376022	359.039748	177.250000	54.131654	2.043528	0.150725
457.180235	365.724686	177.500000	54.131654	1.698256	0.000933
663.454254	358.618383	177.750000	54.131654	1.291980	-0.150093
869.390121	339.491793	178.000000	54.131654	0.894459	-0.277307
613.438829	313.705394	178.250000	61.232707	-1.168361	-0.207438
476.846318	303.480695	178.500000	61.232707	-0.883877	-0.076117
391.669071	300.891803	178.750000	61.232707	-0.709928	-0.002000
333.265974	302.599304	179.000000	61.232707	-0.593634	0.041760
407.690127	313.350437	179.250000	56.419016	0.730957	0.101584
479.919779	318.473573	179.500000	56.419016	0.582129	0.033268
545.447598	318.810820	179.750000	56.419016	0.450400	-0.020133
601.507423	315.530439	180.000000	56.419016	0.340450	-0.058703
471.263301	305.726309	180.250000	61.124521	-0.857913	-0.072315
389.241794	303.281944	180.500000	61.124521	-0.690473	-0.001050
332.643834	305.010052	180.750000	61.124521	-0.577843	0.041206
291.071597	309.258888	181.000000	61.124521	-0.497592	0.066234
243.044880	306.880381	181.250000	64.339682	-0.676722	-0.011552
207.232588	307.199031	181.500000	64.339682	-0.604926	0.016704
179.460053	309.269220	181.750000	64.339682	-0.550749	0.034944
157.266066	312.483522	182.000000	64.339682	-0.508730	0.046383
138.262351	313.795390	182.250000	65.238696	-0.498027	0.022424
122.566345	315.926766	182.500000	65.238696	-0.468214	0.030791
109.383467	318.602789	182.750000	65.238696	-0.443894	0.036038
98.157879	321.623512	183.000000	65.238696	-0.423786	0.039015
87.924778	306.148109	183.250000	71.272927	-0.425122	-0.179143
79.346039	293.976623	183.500000	71.272927	-0.398124	-0.147800
72.044780	284.278173	183.750000	71.272927	-0.375683	-0.122458
65.751890	276.474134	184.000000	71.272927	-0.356791	-0.101734
89.596595	305.568301	184.250000	56.793225	1.202931	0.363180
119.792201	331.316573	184.500000	56.793225	1.122144	0.287476
156.756480	352.642741	184.750000	56.793225	1.031348	0.215168
200.280851	368.844606	185.000000	56.793225	0.931501	0.147831
192.519217	373.827154	185.250000	60.060969	-0.152673	0.051860
185.559994	378.517555	185.500000	60.060969	-0.142482	0.048046
179.281583	382.903846	185.750000	60.060969	-0.133414	0.044294
173.587192	386.984474	186.000000	60.060969	-0.125273	0.040685
148.709429	367.370503	186.250000	67.313897	-0.588678	-0.181032
129.237727	353.227159	186.500000	67.313897	-0.538168	-0.136915
113.575793	342.890108	186.750000	67.313897	-0.498393	-0.103531
100.702055	335.290325	187.000000	67.313897	-0.466432	-0.077900
112.578075	354.494483	187.250000	58.577276	0.427286	0.200221
124.661142	370.613173	187.500000	58.577276	0.390181	0.158196
136.806680	383.715270	187.750000	58.577276	0.355361	0.122158
148.880342	394.011498	188.000000	58.577276	0.322929	0.091798
269.183404	407.461716	188.250000	53.697234	2.240538	0.073497
450.748566	407.441453	188.500000	53.697234	1.879613	-0.071335
681.121006	392.273929	188.750000	53.697234	1.432038	-0.225382
917.867960	364.114297	189.000000	53.697234	0.980151	-0.359184
887.524047	333.079618	189.250000	56.093634	-0.097040	-0.317626
872.315636	310.140235	189.500000	56.093634	-0.047728	-0.259149
865.431448	292.333050	189.750000	56.093634	-0.019400	-0.217762
863.213537	277.997419	190.000000	56.093634	-0.003311	-0.187145
625.287079	264.743463	190.250000	60.795623	-1.081937	-0.103468
495.270366	262.095400	190.500000	60.795623	-0.816951	0.007220
413.062979	264.849884	190.750000	60.795623	-0.653328	0.068176
356.162880	270.715521	191.000000	60.795623	-0.543420	0.102366
289.857410	268.758787	191.250000	65.098097	-0.763447	-0.003698
242.604569	269.860745	191.500000	65.098097	-0.669195	0.032233
207.163044	272.901237	191.750000	65.098097	-0.600339	0.054719
179.553901	277.192818	192.000000	65.098097	-0.548279	0.068367
159.323832	285.976548	192.250000	63.686442	-0.462676	0.123869
142.433684	294.826085	192.500000	63.686442	-0.435859	0.119727
128.102644	303.557473	192.750000	63.686442	-0.414095	0.113757
115.781903	312.032463	193.000000	63.686442	-0.396167	0.106680
105.086632	320.177120	193.250000	63.676885	-0.380743	0.099330
95.706241	327.889956	193.500000	63.676885	-0.368112	0.091409
87.417512	335.126067	193.750000	63.676885	-0.357291	0.083565
80.047380	341.861391	194.000000	63.676885	-0.347914	0.075983
75.106426	351.971262	194.250000	62.390745	-0.253975	0.108912
70.503766	360.995945	194.500000	62.390745	-0.251993	0.094508
66.217525	369.007399	194.750000	62.390745	-0.249833	0.081880
62.226737	376.088499	195.000000	62.390745	-0.247519	0.070880
58.974274	383.340022	195.250000	62.068997	-0.214365	0.070814
55.904411	389.656311	195.500000	62.068997	-0.213285	0.060605
53.010868	395.146603	195.750000	62.068997	-0.211896	0.051911
50.286201	399.914173	196.000000	62.068997	-0.210265	0.044532
52.882180	411.437501	196.250000	59.644546	0.194565	0.101900
55.424762	420.869390	196.500000	59.644546	0.181901	0.080923
57.918006	428.476522	196.750000	59.644546	0.170799	0.063645
60.366467	434.524480	197.000000	59.644546	0.161040	0.049533
62.515957	439.062142	197.250000	59.712997	0.136220	0.036543
64.621364	442.571016	197.500000	59.712997	0.129185	0.027803
66.687067	445.237240	197.750000	59.712997	0.122907	0.020787
68.716610	447.218894	198.000000	59.712997	0.117252	0.015175
66.595793	444.878951	198.250000	60.916870	-0.122531	-0.018040
64.632246	443.176480	198.500000	60.916870	-0.117228	-0.013039
62.804183	441.967105	198.750000	60.916870	-0.112592	-0.009139
61.094133	441.139672	199.000000	60.916870	-0.108500	-0.006101
72.189991	449.142528	199.250000	57.940859	0.653770	0.060277
84.685327	454.677825	199.500000	57.940859	0.624371	0.039141
98.602270	458.051582	199.750000	57.940859	0.593862	0.021202
113.915167	459.548420	200.000000	57.940859	0.562066	0.005910
106.744633	450.267862	200.250000	61.184422	-0.249943	-0.070443
100.519671	443.523267	200.500000	61.184422	-0.232029	-0.051874
95.043830	438.651885	200.750000	61.184422	-0.217128	-0.037675
90.173164	435.181578	201.000000	61.184422	-0.204569	-0.026780
146.119601	446.895953	201.250000	54.918699	1.869571	0.073209
228.423227	450.874311	201.500000	54.918699	1.702801	-0.000459
340.193524	446.208914	201.750000	54.918699	1.484002	-0.080441
476.828250	432.660158	202.000000	54.918699	1.222209	-0.162686
357.829174	381.052654	202.250000	68.312636	-1.025306	-0.420530
283.739777	349.006971	202.500000	68.312636	-0.850006	-0.296096
233.196363	327.847348	202.750000	68.312636	-0.731150	-0.212724
196.516360	313.374585	203.000000	68.312636	-0.645690	-0.154046
170.797246	315.146671	203.250000	64.338487	-0.538017	0.030182
150.095625	318.018982	203.500000	64.338487	-0.498727	0.041102
133.060788	321.601243	203.750000	64.338487	-0.467388	0.047639
118.791641	325.617227	204.000000	64.338487	-0.441960	0.051074
112.984216	338.281495	204.250000	61.370788	-0.199756	0.142857
107.504892	349.721645	204.500000	61.370788	-0.197956	0.124317
102.341585	359.976662	204.750000	61.370788	-0.195840	0.107897
97.481575	369.111457	205.000000	61.370788	-0.193433	0.093476
86.625951	355.949736	205.250000	67.804188	-0.457295	-0.129092
77.540724	345.925288	205.500000	67.804188	-0.431000	-0.101642
69.822384	338.232167	205.750000	67.804188	-0.409328	-0.079981
63.183248	332.306869	206.000000	67.804188	-0.391246	-0.062742
77.333089	356.009385	206.250000	57.762590	0.785548	0.247787
93.525542	376.101321	206.500000	57.762590	0.737111	0.194532
111.732352	392.377258	206.750000	57.762590	0.687694	0.147293
131.830862	404.871108	207.000000	57.762590	0.637515	0.106107
115.072261	389.642608	207.250000	65.769831	-0.522739	-0.133249
101.469144	378.578498	207.500000	65.769831	-0.486518	-0.100055
90.200794	370.495075	207.750000	65.769831	-0.457393	-0.074740
80.711351	364.597143	208.000000	65.769831	-0.433603	-0.055252
79.898180	376.552819	208.250000	60.631004	-0.044188	0.118166
78.952688	386.817016	208.500000	60.631004	-0.050539	0.098327
77.909303	395.559184	208.750000	60.631004	-0.055472	0.081619
76.797389	402.959845	209.000000	60.631004	-0.059191	0.067656
83.368793	413.786120	209.250000	58.962138	0.318078	0.093489
90.029664	422.299708	209.500000	58.962138	0.297913	0.071048
96.752921	428.804316	209.750000	58.962138	0.279235	0.052586
103.511732	433.600828	210.000000	58.962138	0.261856	0.037524
107.001710	435.804616	210.250000	59.404257	0.128505	0.016943
110.378909	437.315401	210.500000	59.404257	0.120528	0.011193
113.645932	438.271858	210.750000	59.404257	0.113216	0.006645
116.804831	438.788529	211.000000	59.404257	0.106475	0.003068
114.800721	436.866416	211.250000	60.148776	-0.066629	-0.015047
112.976054	435.476947	211.500000	60.148776	-0.061854	-0.010786
111.303673	434.498746	211.750000	60.148776	-0.057715	-0.007475
109.761943	433.838183	212.000000	60.148776	-0.054094	-0.004908
97.131762	419.374863	212.250000	64.288048	-0.471947	-0.117727
86.664786	408.850384	212.500000	64.288048	-0.442465	-0.088141
77.838672	401.164238	212.750000	64.288048	-0.418568	-0.065588
70.289902	395.566910	213.000000	64.288048	-0.398918	-0.048264
77.861805	408.581868	213.250000	58.753128	0.397084	0.114483
85.717178	418.925482	213.500000	58.753128	0.373068	0.087414
93.817784	426.892752	213.750000	58.753128	0.350466	0.064914
102.122226	432.800087	214.000000	58.753128	0.329108	0.046382
90.301712	416.908295	214.250000	64.866520	-0.475244	-0.130717
80.500011	405.225285	214.500000	64.866520	-0.446167	-0.099339
72.231526	396.574580	214.750000	64.866520	-0.422615	-0.075298
65.158009	390.158748	215.000000	64.866520	-0.403261	-0.056713
62.860032	397.177709	215.250000	61.352997	-0.144054	0.065619
60.632829	403.192459	215.500000	61.352997	-0.144424	0.055335
58.483395	408.338767	215.750000	61.352997	-0.144251	0.046731
56.415884	412.740814	216.000000	61.352997	-0.143646	0.039555
51.396317	406.736432	216.250000	64.181672	-0.365813	-0.051221
46.982652	402.244149	216.500000	64.181672	-0.353349	-0.038644
43.070821	398.907162	216.750000	64.181672	-0.342821	-0.028793
39.580451	396.459471	217.000000	64.181672	-0.333854	-0.021067
40.518918	407.668265	217.250000	60.228766	0.088661	0.100701
41.376214	416.978409	217.500000	60.228766	0.079467	0.081323
42.162895	424.630911	217.750000	60.228766	0.071744	0.065326
42.888877	430.864367	218.000000	60.228766	0.065282	0.052225
42.469705	434.199469	218.250000	60.767876	-0.040123	0.027900
42.038136	436.936068	218.500000	60.767876	-0.041458	0.022750
41.599350	439.182569	218.750000	60.767876	-0.042385	0.018591
41.157421	441.029481	219.000000	60.767876	-0.042985	0.015236
67.575439	456.611971	219.250000	55.055156	1.950554	0.113857
108.834335	466.596105	219.500000	55.055156	1.860658	0.060927
170.630406	470.325352	219.750000	55.055156	1.734907	0.004139
257.759636	467.037019	220.000000	55.055156	1.564227	-0.058856
219.847604	442.453568	220.250000	62.143332	-0.592887	-0.180362
191.384402	426.190508	220.500000	62.143332	-0.522540	-0.124678
169.165399	415.360990	220.750000	62.143332	-0.469161	-0.084984
151.291022	408.228914	221.000000	62.143332	-0.427510	-0.056238
136.850510	403.949187	221.250000	62.060644	-0.386268	-0.032965
124.694282	401.445160	221.500000	62.060644	-0.359848	-0.018140
114.299966	400.220421	221.750000	62.060644	-0.338000	-0.007307
105.295600	399.919563	222.000000	62.060644	-0.319688	0.000550
112.949339	409.145853	222.250000	58.937726	0.269927	0.079777
120.503133	416.251054	222.500000	58.937726	0.249099	0.059443
127.923530	421.542659	222.750000	58.937726	0.229992	0.042854
135.181345	425.315331	223.000000	58.937726	0.212429	0.029445
135.003082	425.783105	223.250000	59.741824	-0.005282	0.004029
134.825501	426.175230	223.500000	59.741824	-0.005241	0.003384
134.650333	426.505922	223.750000	59.741824	-0.005156	0.002860
134.478853	426.786618	224.000000	59.741824	-0.005038	0.002434
147.250241	430.295227	224.250000	58.419353	0.349381	0.024736
160.118466	432.147046	224.500000	58.419353	0.322141	0.010678
172.955243	432.642863	224.750000	58.419353	0.296047	-0.000633
185.634824	432.049575	225.000000	58.419353	0.271139	-0.009633
161.111977	417.009725	225.250000	63.133041	-0.538659	-0.119089
141.714815	406.782955	225.500000	63.133041	-0.491448	-0.082890
125.960186	399.885331	225.750000	63.133041	-0.454252	-0.056330
112.890588	395.349819	226.000000	63.133041	-0.424359	-0.036686
102.990391	394.482117	226.250000	62.538576	-0.357569	-0.004382
94.400871	394.429262	226.500000	62.538576	-0.340289	0.002642
86.871882	394.960677	226.750000	62.538576	-0.325610	0.007638
80.214813	395.904673	227.000000	62.538576	-0.313014	0.011102
72.625171	392.149731	227.250000	64.002559	-0.389102	-0.031868
66.027991	389.589571	227.500000	64.002559	-0.373808	-0.021414
60.241002	387.929697	227.750000	64.002559	-0.360864	-0.013422
55.125317	386.949704	228.000000	64.002559	-0.349814	-0.007336
65.256362	404.043773	228.250000	58.064266	0.658594	0.153050
76.599596	417.760484	228.500000	58.064266	0.624931	0.116429
89.162533	428.309865	228.750000	58.064266	0.591365	0.085178
102.917872	435.985922	229.000000	58.064266	0.557717	0.058732
91.919098	423.821517	229.250000	63.672486	-0.437389	-0.097985
82.682457	414.982357	229.500000	63.672486	-0.411737	-0.072780
74.804946	408.564102	229.750000	63.672486	-0.390766	-0.053539
68.000598	403.939333	230.000000	63.672486	-0.373395	-0.038769
61.736679	398.980220	230.250000	64.145691	-0.378856	-0.042527
56.261888	395.382510	230.500000	64.145691	-0.364981	-0.030893
51.435980	392.820164	230.750000	64.145691	-0.353241	-0.021862
47.151319	391.049479	231.000000	64.145691	-0.343225	-0.014857
43.433290	390.730545	231.250000	63.904047	-0.324930	-0.001605
40.080405	390.718557	231.500000	63.904047	-0.318197	0.001117
37.044604	390.934879	231.750000	63.904047	-0.312283	0.003126
34.286236	391.318241	232.000000	63.904047	-0.307061	0.004576
33.800187	400.926707	232.250000	61.159200	-0.060230	0.088236
33.270724	409.003946	232.500000	61.159200	-0.065657	0.072447
32.710084	415.749417	232.750000	61.159200	-0.069953	0.059355
32.128481	421.354709	233.000000	61.159200	-0.073292	0.048567
30.562774	422.619007	233.250000	62.162181	-0.198829	0.011385
29.088472	423.761211	233.500000	62.162181	-0.196793	0.010277
27.699082	424.797043	233.750000	62.162181	-0.194841	0.009315
26.388640	425.739915	234.000000	62.162181	-0.192973	0.008475
27.799823	434.507939	234.250000	59.735870	0.203769	0.072852
29.219557	441.583471	234.500000	59.735870	0.195245	0.057503
30.651035	447.226682	234.750000	59.735870	0.187847	0.045019
32.097235	451.674973	235.000000	59.735870	0.181379	0.034923
30.747753	448.522948	235.250000	61.716542	-0.169371	-0.024600
29.490466	446.124068	235.500000	61.716542	-0.164923	-0.018768
28.313648	444.310886	235.750000	61.716542	-0.161108	-0.014178
27.207870	442.954776	236.000000	61.716542	-0.157802	-0.010564
24.652823	418.572715	236.250000	67.759584	-0.383110	-0.203118
22.459762	399.962592	236.500000	67.759584	-0.363745	-0.163944
20.550160	385.490563	236.750000	67.759584	-0.348282	-0.133327
18.868276	374.074824	237.000000	67.759584	-0.335735	-0.109040
27.188690	399.365897	237.250000	56.370051	1.443392	0.234619
38.803833	420.598386	237.500000	56.370051	1.403260	0.182754
54.793126	437.548245	237.750000	56.370051	1.357851	0.135969
76.424714	450.144417	238.000000	56.370051	1.304694	0.093398
78.841246	450.703698	238.250000	59.600799	0.122010	0.003554
81.230032	450.956622	238.500000	59.600799	0.117025	0.001126
83.589775	450.966870	238.750000	59.600799	0.112293	-0.000792
85.918826	450.785813	239.000000	59.600799	0.107775	-0.002300
75.661591	412.000422	239.250000	69.839478	-0.484890	-0.320723
67.382991	383.569346	239.500000	69.839478	-0.445387	-0.256876
60.535266	362.089653	239.750000	69.839478	-0.414366	-0.208187
54.761284	345.492862	240.000000	69.839478	-0.389437	-0.170194
82.310472	371.698629	240.250000	55.869194	1.592379	0.256826
121.122966	392.596797	240.500000	55.869194	1.498444	0.183948
173.608696	407.264427	240.750000	55.869194	1.382216	0.112594
240.951359	415.100079	241.000000	55.869194	1.241740	0.043005
291.029421	415.161103	241.250000	56.806467	0.707047	-0.018252
342.778368	411.393030	241.500000	56.806467	0.606529	-0.052245
393.866395	404.557383	241.750000	56.806467	0.509708	-0.079580
442.138857	395.473519	242.000000	56.806467	0.420251	-0.100164
697.614471	382.990482	242.250000	53.310531	1.577859	-0.214628
966.756648	355.187806	242.500000	53.310531	1.060868	-0.375143
1190.050952	318.526204	242.750000	53.310531	0.640920	-0.481699
1343.321826	280.349755	243.000000	53.310531	0.362200	-0.529006
914.629116	252.861977	243.250000	58.799657	-1.177842	-0.250354
721.539156	243.627558	243.500000	58.799657	-0.778953	-0.074908
612.637139	242.229252	243.750000	58.799657	-0.557742	0.016110
543.205256	244.960560	244.000000	58.799657	-0.419880	0.066771
443.441528	247.497523	244.250000	60.931485	-0.723767	0.073761
376.726552	253.603750	244.500000	60.931485	-0.594208	0.115418
328.748520	261.862639	244.750000	60.931485	-0.504252	0.137582
292.405213	271.436604	245.000000	60.931485	-0.438834	0.147699
266.141691	282.198539	245.250000	60.708803	-0.356208	0.154898
244.600193	293.183532	245.500000	60.708803	-0.321751	0.150229
226.531767	304.125247	245.750000	60.708803	-0.294249	0.142842
211.098622	314.820468	246.000000	60.708803	-0.271852	0.133822
179.978965	298.934358	246.250000	69.924242	-0.603549	-0.181189
155.981600	287.352875	246.500000	69.924242	-0.545997	-0.138591
136.910801	278.793042	246.750000	69.924242	-0.500801	-0.106046
121.389558	272.427581	247.000000	69.924242	-0.464514	-0.080774
250.731367	300.617947	247.250000	52.763401	2.755280	0.313699
472.581716	316.759503	247.500000	52.763401	2.302361	0.104900
778.143245	315.197533	247.750000	52.763401	1.694470	-0.136272
1094.764769	295.851521	248.000000	52.763401	1.075056	-0.352049
1341.375263	265.607760	248.250000	52.765364	0.601511	-0.490597
1496.609282	232.807068	248.500000	52.765364	0.313950	-0.550497
1583.728796	202.470634	248.750000	52.765364	0.161923	-0.560218
1631.285159	176.279724	249.000000	52.765364	0.086690	-0.546166
1282.526087	159.008027	249.250000	55.918584	-0.672004	-0.284327
1133.836402	151.069451	249.500000	55.918584	-0.363710	-0.147481
1058.591149	147.047584	249.750000	55.918584	-0.208047	-0.078370
1017.189673	144.968908	250.000000	55.918584	-0.122608	-0.040655
