Nr	Nb	time	environment	abf_r	abf_b
250.000000	250.000000	0.000000	0.000000	0.000000	0.000000
249.771515	266.693785	0.250000	59.359304	-0.009667	0.242826
248.814507	282.250293	0.500000	59.359304	-0.020244	0.212421
247.277183	296.565516	0.750000	59.359304	-0.028662	0.184961
245.295269	309.593319	1.000000	59.359304	-0.035156	0.160433
297.582682	324.609225	1.250000	56.920039	0.716918	0.155558
350.706545	334.666719	1.500000	56.920039	0.602526	0.092741
402.001349	340.123594	1.750000	56.920039	0.495381	0.040571
449.241766	341.681330	2.000000	56.920039	0.399402	-0.000554
459.086106	339.845785	2.250000	57.649040	0.078255	-0.023403
467.231869	337.748494	2.500000	57.649040	0.063576	-0.025758
473.967142	335.529992	2.750000	57.649040	0.051828	-0.026732
479.541207	333.289731	3.000000	57.649040	0.042430	-0.026727
461.670872	330.661479	3.250000	58.226304	-0.134602	-0.022829
448.114487	329.391714	3.500000	58.226304	-0.106310	-0.009342
437.628515	329.039647	3.750000	58.226304	-0.084940	-0.000178
429.383757	329.304250	4.000000	58.226304	-0.068577	0.005940
424.805194	330.034102	4.250000	58.166911	-0.038920	0.009829
421.077319	330.905652	4.500000	58.166911	-0.032129	0.011084
418.012350	331.852405	4.750000	58.166911	-0.026733	0.011654
415.469627	332.827387	5.000000	58.166911	-0.022408	0.011746
434.536767	334.309647	5.250000	57.575186	0.161189	0.009449
450.455904	334.494127	5.500000	57.575186	0.129067	-0.003746
463.612229	333.759884	5.750000	57.575186	0.103227	-0.012874
474.412557	332.409489	6.000000	57.575186	0.082613	-0.018868
429.830129	329.190702	6.250000	59.112764	-0.353108	-0.020106
397.085939	328.784664	6.500000	59.112764	-0.286881	0.007142
372.081762	330.172163	6.750000	59.112764	-0.237705	0.024529
352.400088	332.706501	7.000000	59.112764	-0.200176	0.035314
375.608249	337.749758	7.250000	57.690140	0.231497	0.046951
395.719704	340.712004	7.500000	57.690140	0.188752	0.024815
412.870911	342.060603	7.750000	57.690140	0.153235	0.008295
427.319837	342.210020	8.000000	57.690140	0.124099	-0.003645
493.400376	342.050942	8.250000	56.469348	0.512870	-0.026086
552.350450	338.001651	8.500000	56.469348	0.397825	-0.065411
602.362494	331.282275	8.750000	56.469348	0.302771	-0.092215
643.144587	322.986936	9.000000	56.469348	0.227466	-0.108438
635.796956	314.132059	9.250000	57.111653	-0.036160	-0.100397
631.353418	307.084963	9.500000	57.111653	-0.021517	-0.082649
628.814101	301.357590	9.750000	57.111653	-0.011777	-0.069092
627.524544	296.619392	10.000000	57.111653	-0.005353	-0.058534
544.297834	291.840950	10.250000	58.908150	-0.493196	-0.031436
488.687095	291.424634	10.500000	58.908150	-0.380766	0.014347
449.089299	293.608487	10.750000	58.908150	-0.302785	0.041939
419.562840	297.385971	11.000000	58.908150	-0.246409	0.058185
430.794667	303.206114	11.250000	57.834261	0.093122	0.067992
439.664967	307.728404	11.500000	57.834261	0.071659	0.051770
446.600229	311.206987	11.750000	57.834261	0.054921	0.039200
451.981164	313.860457	12.000000	57.834261	0.041969	0.029537
427.630670	315.107150	12.250000	58.660360	-0.199679	0.023422
408.800139	317.427466	12.500000	58.660360	-0.163676	0.033954
393.878243	320.409623	12.750000	58.660360	-0.136077	0.040000
381.812721	323.772082	13.000000	58.660360	-0.114533	0.042978
395.719101	328.191422	13.250000	57.873682	0.128519	0.045028
407.237882	331.215841	13.500000	57.873682	0.102953	0.029679
416.700191	333.159383	13.750000	57.873682	0.082383	0.018154
424.430508	334.287002	14.000000	57.873682	0.065945	0.009661
376.663586	332.273129	14.250000	59.817112	-0.433447	-0.005331
341.250457	333.081233	14.500000	59.817112	-0.362838	0.021631
313.903049	335.678379	14.750000	59.817112	-0.309933	0.038477
292.105644	339.406748	15.000000	59.817112	-0.269120	0.048568
290.838927	345.516760	15.250000	58.881601	-0.018439	0.066124
289.441173	350.829155	15.500000	58.881601	-0.019910	0.056586
287.971752	355.443879	15.750000	58.881601	-0.020675	0.048505
286.476008	359.451926	16.000000	58.881601	-0.020899	0.041663
338.147050	365.469563	16.250000	56.899962	0.611643	0.041480
388.732266	367.101592	16.500000	56.899962	0.509013	-0.002448
436.062976	365.176731	16.750000	56.899962	0.415676	-0.036653
478.585389	360.604298	17.000000	56.899962	0.334041	-0.061700
448.823431	353.156439	17.250000	58.519261	-0.227008	-0.065998
426.837403	348.660342	17.500000	58.519261	-0.179147	-0.039219
410.124146	346.140567	17.750000	58.519261	-0.143503	-0.020674
397.126135	344.965579	18.000000	58.519261	-0.116424	-0.007831
462.331461	346.220288	18.250000	56.525794	0.545921	-0.010780
521.762470	343.316663	18.500000	56.525794	0.429040	-0.052774
573.214509	337.432252	18.750000	56.525794	0.330462	-0.082401
615.934949	329.675950	19.000000	56.525794	0.250856	-0.101259
670.430771	320.828577	19.250000	56.216854	0.292041	-0.120275
713.550333	310.676594	19.500000	56.216854	0.213477	-0.134672
746.706972	300.127164	19.750000	56.216854	0.155240	-0.140246
771.789082	289.777223	20.000000	56.216854	0.113077	-0.139710
792.583887	279.956005	20.250000	56.191651	0.091017	-0.136201
808.160706	270.777691	20.500000	56.191651	0.067038	-0.130349
819.916938	262.343845	20.750000	56.191651	0.050155	-0.122907
828.905850	254.672935	21.000000	56.191651	0.038232	-0.114764
802.940621	248.028845	21.250000	56.617767	-0.101813	-0.090474
786.753890	243.243990	21.500000	56.617767	-0.065285	-0.067775
776.547991	239.666186	21.750000	56.617767	-0.041807	-0.052340
770.101859	236.900230	22.000000	56.617767	-0.026572	-0.041576
790.626642	234.517397	22.250000	56.285466	0.087511	-0.045513
805.118313	231.661473	22.500000	56.285466	0.060605	-0.051489
815.357948	228.619884	22.750000	56.285466	0.042416	-0.053657
822.655810	225.571475	23.000000	56.285466	0.030163	-0.053435
677.951286	222.902771	23.250000	58.712172	-0.646554	0.004620
590.949947	225.256259	23.500000	58.712172	-0.472789	0.070295
533.279302	230.435476	23.750000	58.712172	-0.360687	0.106508
492.458058	237.308877	24.000000	58.712172	-0.283999	0.125680
457.314875	245.067281	24.250000	58.864503	-0.266961	0.133974
430.538663	253.597343	24.500000	58.864503	-0.219950	0.138467
409.456270	262.522601	24.750000	58.864503	-0.184731	0.137568
392.407202	271.568710	25.000000	58.864503	-0.157733	0.133171
471.122998	282.208086	25.250000	56.368386	0.652444	0.114277
543.654844	287.683864	25.500000	56.368386	0.502583	0.044972
606.079111	288.853902	25.750000	56.368386	0.376288	-0.007638
656.872234	286.836175	26.000000	56.368386	0.275807	-0.044530
662.833374	282.891993	26.250000	56.886779	0.032118	-0.053845
667.577638	279.235382	26.500000	56.886779	0.025517	-0.050333
671.396080	275.874821	26.750000	56.886779	0.020541	-0.046667
674.506469	272.804869	27.000000	56.886779	0.016756	-0.043014
633.069760	270.034757	27.250000	57.648500	-0.215364	-0.023625
604.680548	269.357839	27.500000	57.648500	-0.157609	0.000669
584.527326	269.971391	27.750000	57.648500	-0.117512	0.015711
569.821762	271.379890	28.000000	57.648500	-0.089038	0.024755
575.296038	273.349159	28.250000	57.316157	0.032523	0.025113
579.265094	274.838724	28.500000	57.316157	0.023335	0.018921
582.123582	275.969725	28.750000	57.316157	0.016670	0.014345
584.169783	276.833506	29.000000	57.316157	0.011855	0.010960
578.029171	277.469898	29.250000	57.464064	-0.036896	0.010789
573.398219	278.301726	29.500000	57.464064	-0.028246	0.012857
569.857806	279.238278	29.750000	57.464064	-0.021876	0.013834
567.114661	280.218079	30.000000	57.464064	-0.017146	0.014080
533.834024	280.906318	30.250000	58.148177	-0.211968	0.021012
509.560070	282.998695	30.500000	58.148177	-0.164785	0.036407
491.292270	285.945517	30.750000	58.148177	-0.130398	0.045233
477.191900	289.386686	31.000000	58.148177	-0.104804	0.049702
463.626036	293.025792	31.250000	58.215073	-0.104233	0.051466
452.839723	296.871478	31.500000	58.215073	-0.085640	0.052447
444.111541	300.767838	31.750000	58.215073	-0.071229	0.051665
436.939919	304.607295	32.000000	58.215073	-0.059905	0.049741
381.080991	305.731544	32.250000	60.153038	-0.496943	0.033504
340.224373	309.416663	32.500000	60.153038	-0.417674	0.059088
308.944045	314.677781	32.750000	60.153038	-0.358991	0.073763
284.144025	320.887158	33.000000	60.153038	-0.314130	0.081300
290.444010	330.320722	33.250000	58.614790	0.078339	0.104746
295.531464	338.183127	33.500000	58.614790	0.061806	0.084875
299.593757	344.680445	33.750000	58.614790	0.048426	0.068565
302.804752	350.014203	34.000000	58.614790	0.037689	0.055274
336.815970	355.857253	34.250000	57.446671	0.391416	0.048174
368.241863	358.666148	34.500000	57.446671	0.326157	0.017260
396.506776	359.064718	34.750000	57.446671	0.269141	-0.006287
421.354300	357.657687	35.000000	57.446671	0.220409	-0.023467
443.187683	354.987761	35.250000	57.436868	0.182704	-0.035437
461.761114	351.467879	35.500000	57.436868	0.148237	-0.043332
477.386029	347.455092	35.750000	57.436868	0.120081	-0.047864
490.429127	343.217417	36.000000	57.436868	0.097287	-0.049867
463.628433	338.257880	36.250000	58.381732	-0.198557	-0.044071
443.723137	335.545568	36.500000	58.381732	-0.156321	-0.022558
428.547081	334.334833	36.750000	58.381732	-0.124822	-0.007883
416.729582	334.135060	37.000000	58.381732	-0.100900	0.002049
432.604898	335.296350	37.250000	57.650982	0.134361	0.007022
445.788027	335.387377	37.500000	57.650982	0.107807	-0.003783
456.654595	334.726330	37.750000	57.650982	0.086508	-0.011213
465.571610	333.563405	38.000000	57.650982	0.069526	-0.016065
504.200533	332.404836	38.250000	56.950579	0.283242	-0.026924
536.655853	329.268434	38.500000	56.950579	0.220571	-0.046777
563.270556	324.864105	38.750000	56.950579	0.170628	-0.059388
584.723121	319.752114	39.000000	56.950579	0.131614	-0.066421
586.079846	314.328524	39.250000	57.238853	0.009964	-0.063886
587.603206	309.683610	39.500000	57.238853	0.010648	-0.055785
589.180439	305.671525	39.750000	57.238853	0.010713	-0.049000
590.739556	302.181525	40.000000	57.238853	0.010393	-0.043249
433.730621	280.522483	40.250000	67.008608	-1.091049	-0.223855
339.504191	268.977539	40.500000	67.008608	-0.891537	-0.124410
276.642312	263.023605	40.750000	67.008608	-0.760057	-0.061671
231.682070	260.486043	41.000000	67.008608	-0.667507	-0.020296
197.909657	260.250832	41.250000	66.976279	-0.599141	0.008786
171.580577	261.498622	41.500000	66.976279	-0.547215	0.027502
150.464465	263.758700	41.750000	66.976279	-0.506600	0.039978
133.144785	266.707233	42.000000	66.976279	-0.474180	0.048012
118.800292	271.527289	42.250000	66.447312	-0.444423	0.072351
106.600140	276.488387	42.500000	66.447312	-0.423914	0.072223
96.099932	281.476063	42.750000	66.447312	-0.406843	0.070671
86.972742	286.403632	43.000000	66.447312	-0.392483	0.068134
79.456101	295.462405	43.250000	64.940570	-0.357912	0.118786
72.720395	303.908621	43.500000	64.940570	-0.351178	0.107269
66.660171	311.725922	43.750000	64.940570	-0.345297	0.096467
61.189308	318.914269	44.000000	64.940570	-0.340094	0.086451
57.040912	329.882453	44.250000	63.473797	-0.281019	0.126471
53.169691	339.729599	44.500000	63.473797	-0.281161	0.109834
49.561589	348.506817	44.750000	63.473797	-0.280973	0.095128
46.202357	356.283503	45.000000	63.473797	-0.280481	0.082228
42.241532	354.158812	45.250000	66.178917	-0.353997	-0.020491
38.706634	352.630168	45.500000	66.178917	-0.345680	-0.014578
35.536106	351.569190	45.750000	66.178917	-0.338470	-0.009898
32.680098	350.875058	46.000000	66.178917	-0.332186	-0.006207
30.371927	356.256145	46.250000	64.439361	-0.292824	0.056694
28.229715	360.969741	46.500000	64.439361	-0.292314	0.048958
26.242526	365.090573	46.750000	64.439361	-0.291640	0.042286
24.399767	368.688712	47.000000	64.439361	-0.290835	0.036546
22.847569	374.112616	47.250000	63.762316	-0.263474	0.053920
21.388673	378.775844	47.500000	63.762316	-0.264295	0.045734
20.019768	382.777108	47.750000	63.762316	-0.264764	0.038803
18.736997	386.206471	48.000000	63.762316	-0.264947	0.032951
17.392136	386.164514	48.250000	64.612444	-0.296643	0.000099
16.154194	386.220447	48.500000	64.612444	-0.294207	0.000982
15.013004	386.349977	48.750000	64.612444	-0.292023	0.001640
13.959642	386.533765	49.000000	64.612444	-0.290060	0.002119
12.926239	384.060654	49.250000	65.366355	-0.305750	-0.022994
11.980543	382.100292	49.500000	65.366355	-0.302280	-0.018297
11.112949	380.551134	49.750000	65.366355	-0.299297	-0.014489
10.315314	379.332575	50.000000	65.366355	-0.296719	-0.011400
9.604714	379.968720	50.250000	64.917520	-0.285068	0.006371
8.945047	380.543009	50.500000	64.917520	-0.284207	0.005749
8.332425	381.062524	50.750000	64.917520	-0.283397	0.005198
7.763284	381.533433	51.000000	64.917520	-0.282634	0.004711
7.209519	379.631923	51.250000	65.571335	-0.294782	-0.018011
6.699324	378.102941	51.500000	65.571335	-0.292532	-0.014531
6.228469	376.875650	51.750000	65.571335	-0.290602	-0.011688
5.793294	375.893164	52.000000	65.571335	-0.288941	-0.009366
5.385355	374.229516	52.250000	65.819325	-0.291066	-0.016043
5.008626	372.882030	52.500000	65.819325	-0.289229	-0.013034
4.660226	371.792000	52.750000	65.819325	-0.287655	-0.010566
4.337638	370.911991	53.000000	65.819325	-0.286302	-0.008540
4.091486	376.778579	53.250000	63.920960	-0.235647	0.057379
3.855605	381.725179	53.500000	63.920960	-0.239146	0.047640
3.630443	385.877715	53.750000	63.920960	-0.242029	0.039486
3.416207	389.351319	54.000000	63.920960	-0.244389	0.032685
3.214106	392.365708	54.250000	63.887732	-0.244859	0.028113
3.022593	394.874789	54.500000	63.887732	-0.246490	0.023230
2.841455	396.959791	54.750000	63.887732	-0.247802	0.019190
2.670390	398.690428	55.000000	63.887732	-0.248849	0.015852
2.476279	393.261676	55.250000	65.766870	-0.299671	-0.049727
2.298738	388.870797	55.500000	65.766870	-0.295787	-0.040766
2.135800	385.304745	55.750000	65.766870	-0.292596	-0.033474
1.985846	382.399216	56.000000	65.766870	-0.289962	-0.027519
1.867444	385.886872	56.250000	64.116463	-0.247086	0.033106
1.755083	388.794753	56.500000	64.116463	-0.249196	0.027359
1.648697	391.213210	56.750000	64.116463	-0.250925	0.022589
1.548156	393.220714	57.000000	64.116463	-0.252336	0.018640
1.449095	393.766856	57.250000	64.428988	-0.264609	0.005080
1.356303	394.222822	57.500000	64.428988	-0.264789	0.004239
1.269404	394.604039	57.750000	64.428988	-0.264921	0.003543
1.188039	394.923295	58.000000	64.428988	-0.265015	0.002968
1.109215	394.079075	58.250000	64.736693	-0.274218	-0.007745
1.035818	393.392622	58.500000	64.736693	-0.273520	-0.006308
0.967432	392.834691	58.750000	64.736693	-0.272935	-0.005133
0.903681	392.381553	59.000000	64.736693	-0.272443	-0.004171
0.853921	396.108516	59.250000	63.586645	-0.227893	0.034358
0.806373	399.195945	59.500000	63.586645	-0.230277	0.028197
0.761062	401.746148	59.750000	63.586645	-0.232235	0.023114
0.717979	403.847675	60.000000	63.586645	-0.233836	0.018929
1.686044	433.117538	60.250000	51.988504	3.402757	0.251979
3.934938	458.107085	60.500000	51.988504	3.378273	0.200056
9.125619	478.709306	60.750000	51.988504	3.351511	0.154591
21.000718	494.859221	61.000000	51.988504	3.315155	0.112764
42.759846	505.073871	61.250000	53.223528	2.817458	0.063358
85.582669	510.296621	61.500000	53.223528	2.728667	0.018879
166.157603	508.888473	61.750000	53.223528	2.570441	-0.042308
305.928430	498.052797	62.000000	53.223528	2.302142	-0.131796
445.428921	475.358652	62.250000	54.667864	1.373796	-0.218958
604.578768	446.000794	62.500000	54.667864	1.079289	-0.287642
762.251326	411.789304	62.750000	54.667864	0.790763	-0.345695
898.683813	375.682486	63.000000	54.667864	0.545660	-0.383089
1162.526460	337.098283	63.250000	53.027267	0.800419	-0.493082
1352.491241	294.952545	63.500000	53.027267	0.451028	-0.562028
1470.170562	255.536396	63.750000	53.027267	0.244793	-0.578150
1538.360657	221.440556	64.000000	53.027267	0.134258	-0.564892
1423.388766	195.369226	64.250000	54.335385	-0.205986	-0.439479
1374.610317	176.956718	64.500000	54.335385	-0.091957	-0.362752
1353.887204	162.647497	64.750000	54.335385	-0.038272	-0.317133
1345.991032	150.873546	65.000000	54.335385	-0.012683	-0.287048
1100.500037	143.208484	65.250000	56.569707	-0.597061	-0.120032
981.492798	141.011616	65.500000	56.569707	-0.354150	-0.019056
915.431902	141.402310	65.750000	56.569707	-0.220863	0.033665
875.859237	143.177896	66.000000	56.569707	-0.142350	0.062122
1000.305713	144.661410	66.250000	54.891156	0.417804	-0.004954
1084.612135	143.162433	66.500000	54.891156	0.248883	-0.070082
1137.450754	139.945514	66.750000	54.891156	0.144713	-0.106386
1169.223440	135.919873	67.000000	54.891156	0.083717	-0.124037
1278.695337	130.780406	67.250000	54.079595	0.263292	-0.187625
1341.999367	124.093968	67.500000	54.079595	0.140550	-0.225518
1377.038020	117.033014	67.750000	54.079595	0.075277	-0.239765
1396.413017	110.176931	68.000000	54.079595	0.041565	-0.241719
1297.743244	104.644073	68.250000	55.004403	-0.207544	-0.167734
1249.974413	101.010950	68.500000	55.004403	-0.107741	-0.121665
1225.735482	98.333602	68.750000	55.004403	-0.056459	-0.096631
1213.241002	96.181891	69.000000	55.004403	-0.029409	-0.082183
1261.481569	93.974287	69.250000	54.519726	0.114604	-0.107549
1288.462809	91.260643	69.500000	54.519726	0.062167	-0.123975
1303.416406	88.389207	69.750000	54.519726	0.034204	-0.130338
1311.835623	85.536752	70.000000	54.519726	0.019459	-0.131442
1673.123944	80.407974	70.250000	49.958700	0.655085	-0.369695
1864.189942	71.825808	70.500000	49.958700	0.273998	-0.507768
1948.323470	62.774616	70.750000	49.958700	0.110043	-0.558132
1983.388961	54.488938	71.000000	49.958700	0.045324	-0.570066
1600.480317	49.057568	71.250000	54.547577	-0.551194	-0.293482
1456.563780	46.418262	71.500000	54.547577	-0.256167	-0.170983
1392.575047	44.833985	71.750000	54.547577	-0.124933	-0.115805
1362.073153	43.724342	72.000000	54.547577	-0.062149	-0.088816
1270.402341	43.097044	72.250000	55.201854	-0.200389	-0.026075
1224.571178	43.047490	72.500000	55.201854	-0.107458	0.011194
1200.439607	43.286595	72.750000	55.201854	-0.058776	0.030272
1187.354111	43.677082	73.000000	55.201854	-0.032599	0.040091
1262.912431	43.890124	73.250000	54.462576	0.180357	-0.007192
1305.175799	43.600623	73.500000	54.462576	0.095026	-0.040850
1327.864317	43.050039	73.750000	54.462576	0.049508	-0.058139
1339.831520	42.377197	74.000000	54.462576	0.025801	-0.066494
1367.033722	41.588205	74.250000	54.286486	0.057209	-0.083790
1381.165094	40.668738	74.500000	54.286486	0.029306	-0.093409
1388.497975	39.706087	74.750000	54.286486	0.015218	-0.097428
1392.369754	38.743016	75.000000	54.286486	0.008147	-0.098637
1275.710821	38.144161	75.250000	55.289870	-0.250879	-0.022288
1218.360292	38.187089	75.500000	55.289870	-0.134655	0.024145
1188.285380	38.549040	75.750000	55.289870	-0.074034	0.047792
1171.938106	39.080767	76.000000	55.289870	-0.041370	0.059969
1449.879341	38.861489	76.250000	52.670136	0.602788	-0.121458
1609.499546	37.021401	76.500000	52.670136	0.280819	-0.247192
1687.551166	34.504669	76.750000	52.670136	0.124323	-0.305573
1723.008699	31.854099	77.000000	52.670136	0.054377	-0.329098
1381.235230	30.217433	77.250000	55.587033	-0.605938	-0.098568
1238.394378	29.987780	77.500000	55.587033	-0.315622	0.017973
1168.062832	30.368063	77.750000	55.587033	-0.173383	0.074244
1130.589826	31.065717	78.000000	55.587033	-0.098080	0.103201
1186.790335	31.784629	78.250000	54.867535	0.144281	0.071067
1218.992376	32.230869	78.500000	54.867535	0.078769	0.044105
1236.819979	32.518664	78.750000	54.867535	0.042449	0.029090
1246.496367	32.717596	79.000000	54.867535	0.022696	0.020852
1463.639641	32.331985	79.250000	53.000613	0.450694	-0.123603
1582.529227	30.926284	79.500000	53.000613	0.210795	-0.217224
1640.239816	29.105798	79.750000	53.000613	0.095065	-0.260465
1666.814702	27.198457	80.000000	53.000613	0.042599	-0.278247
918.835369	25.797472	80.250000	63.878123	-1.798956	0.022421
636.909470	26.816625	80.500000	63.878123	-1.227183	0.249469
488.791446	29.014301	80.750000	63.878123	-0.929417	0.364915
397.374686	32.088499	81.000000	63.878123	-0.747458	0.432562
352.321975	36.735070	81.250000	61.394117	-0.441922	0.552850
318.233009	42.277635	81.500000	61.394117	-0.377808	0.569215
291.463869	48.803932	81.750000	61.394117	-0.329232	0.577716
269.797796	56.410141	82.000000	61.394117	-0.291795	0.579951
256.374869	65.439007	82.250000	60.894764	-0.195074	0.590068
244.676659	75.736772	82.500000	60.894764	-0.179834	0.578907
234.287570	87.368223	82.750000	60.894764	-0.168294	0.564028
224.894749	100.365298	83.000000	60.894764	-0.159849	0.545617
206.245349	113.266252	83.250000	62.478661	-0.333843	0.478107
190.265656	127.402828	83.500000	62.478661	-0.313081	0.462703
176.318571	142.678288	83.750000	62.478661	-0.297318	0.443381
163.951243	158.945751	84.000000	62.478661	-0.285527	0.420799
162.324917	178.655911	84.250000	60.605147	-0.045852	0.449223
160.222687	198.886419	84.500000	60.605147	-0.057845	0.410451
157.688691	219.269487	84.750000	60.605147	-0.069100	0.371704
154.776825	239.430519	85.000000	60.605147	-0.079426	0.333690
138.114115	249.134258	85.250000	65.150660	-0.443766	0.155828
123.955033	258.772789	85.500000	65.150660	-0.423072	0.147908
111.766974	268.207932	85.750000	65.150660	-0.406178	0.138806
101.163719	277.329172	86.000000	65.150660	-0.392217	0.129054
98.091176	295.834521	86.250000	61.312142	-0.127434	0.241990
94.921513	312.968760	86.500000	61.312142	-0.134829	0.210198
91.700199	328.603056	86.750000	61.312142	-0.140919	0.181445
88.468071	342.685697	87.000000	61.312142	-0.145746	0.155803
93.299790	359.939126	87.250000	59.462119	0.201630	0.178454
97.851203	374.697060	87.500000	59.462119	0.180670	0.145194
102.121302	387.083254	87.750000	59.462119	0.162173	0.116910
106.118027	397.300887	88.000000	59.462119	0.145962	0.093191
96.449552	395.441781	88.250000	62.868952	-0.372414	-0.013519
88.080753	394.564806	88.500000	62.868952	-0.354914	-0.005017
80.761545	394.404959	88.750000	62.868952	-0.340100	0.001197
74.303820	394.765064	89.000000	62.868952	-0.327435	0.005673
69.080834	396.742190	89.250000	62.493914	-0.287367	0.020054
64.359094	398.729385	89.500000	62.493914	-0.279495	0.019864
60.071385	400.691059	89.750000	62.493914	-0.272473	0.019376
56.162453	402.601917	90.000000	62.493914	-0.266171	0.018685
54.997461	409.255310	90.250000	61.005529	-0.085212	0.059794
53.822384	414.847102	90.500000	61.005529	-0.087351	0.049511
52.649340	419.537006	90.750000	61.005529	-0.088770	0.041037
51.487659	423.467793	91.000000	61.005529	-0.089602	0.034077
48.020469	421.367939	91.250000	62.606354	-0.274820	-0.016668
44.876521	419.924241	91.500000	62.606354	-0.267356	-0.011237
42.011312	418.984062	91.750000	62.606354	-0.260856	-0.007043
39.388795	418.429746	92.000000	62.606354	-0.255153	-0.003819
41.763044	427.998566	92.250000	59.546295	0.228285	0.080641
44.151613	435.697850	92.500000	59.546295	0.217321	0.063263
46.556796	441.800903	92.750000	59.546295	0.207605	0.049074
48.980724	446.563058	93.000000	59.546295	0.198929	0.037562
51.935617	450.668640	93.250000	59.392219	0.229958	0.031697
54.947475	453.730759	93.500000	59.392219	0.221472	0.023126
58.015290	455.938277	93.750000	59.392219	0.213560	0.016227
61.137073	457.450223	94.000000	59.392219	0.206099	0.010682
57.825983	451.067696	94.250000	61.649424	-0.217253	-0.049097
54.840996	446.289093	94.500000	61.649424	-0.207426	-0.037091
52.127308	442.728451	94.750000	61.649424	-0.199123	-0.027752
49.642766	440.100215	95.000000	61.649424	-0.192030	-0.020472
46.298206	435.157617	95.250000	62.510239	-0.274027	-0.039380
43.284667	431.467857	95.500000	62.510239	-0.265018	-0.029541
40.551239	428.738027	95.750000	62.510239	-0.257344	-0.021857
38.057883	426.747822	96.000000	62.510239	-0.250746	-0.015852
38.087230	431.760053	96.250000	60.598517	0.001196	0.042037
38.081847	435.841356	96.500000	60.598517	-0.002073	0.033844
38.048795	439.153281	96.750000	60.598517	-0.004668	0.027218
37.993921	441.834191	97.000000	60.598517	-0.006713	0.021877
37.643730	443.458011	97.250000	60.764497	-0.037307	0.013297
37.292322	444.791246	97.500000	60.764497	-0.037675	0.010901
36.941728	445.889615	97.750000	60.764497	-0.037856	0.008977
36.593505	446.798443	98.000000	60.764497	-0.037889	0.007431
33.884138	439.072543	98.250000	63.152339	-0.302297	-0.061641
31.458199	433.166154	98.500000	63.152339	-0.292684	-0.047820
29.269932	428.645507	98.750000	63.152339	-0.284663	-0.036976
27.283908	425.190961	99.000000	63.152339	-0.277904	-0.028438
28.145324	432.880049	99.250000	60.099984	0.120655	0.064212
28.981382	439.107522	99.500000	60.099984	0.113978	0.051034
29.796603	444.106955	99.750000	60.099984	0.108329	0.040338
30.595017	448.087447	100.000000	60.099984	0.103533	0.031701
30.399963	449.092516	100.250000	60.755620	-0.025769	0.008103
30.203617	449.912857	100.500000	60.755620	-0.026036	0.006612
30.007026	450.584887	100.750000	60.755620	-0.026182	0.005420
29.811002	451.137944	101.000000	60.755620	-0.026234	0.004467
35.856068	460.117938	101.250000	57.909049	0.729292	0.068197
42.918875	466.833477	101.500000	57.909049	0.709803	0.049048
51.119110	471.578060	101.750000	57.909049	0.689625	0.032945
60.571389	474.612455	102.000000	57.909049	0.668320	0.019271
76.831380	477.967403	102.250000	57.153935	0.933923	0.018862
96.542325	479.087779	102.500000	57.153935	0.893715	0.000824
120.007202	478.127341	102.750000	57.153935	0.847675	-0.016046
147.349878	475.213124	103.000000	57.153935	0.795445	-0.032105
139.568753	462.128804	103.250000	60.484133	-0.204962	-0.096825
132.970820	452.580530	103.500000	60.484133	-0.184039	-0.072314
127.281896	445.595980	103.750000	60.484133	-0.167006	-0.053693
122.307240	440.503812	104.000000	60.484133	-0.152931	-0.039454
154.252360	445.384868	104.250000	56.945131	0.895154	0.027396
191.105808	446.558861	104.500000	56.945131	0.820638	-0.004502
232.210485	444.371809	104.750000	56.945131	0.740278	-0.033079
276.391997	439.240988	105.000000	56.945131	0.656070	-0.058233
259.480363	427.004930	105.250000	59.645975	-0.232476	-0.095665
245.956538	418.507569	105.500000	59.645975	-0.198466	-0.067681
234.900876	412.646969	105.750000	59.645975	-0.171545	-0.046992
225.695948	408.682415	106.000000	59.645975	-0.149873	-0.031608
221.088480	406.651475	106.250000	59.407046	-0.077451	-0.016368
217.111526	405.314918	106.500000	59.407046	-0.068395	-0.010480
213.647643	404.497946	106.750000	59.407046	-0.060788	-0.006050
210.606359	404.068719	107.000000	59.407046	-0.054341	-0.002739
228.011642	406.486375	107.250000	58.150524	0.300190	0.015173
244.683878	407.212395	107.500000	58.150524	0.266207	0.000309
260.451001	406.610697	107.750000	58.150524	0.235097	-0.011163
275.188968	405.001372	108.000000	58.150524	0.206852	-0.019787
392.213155	405.132435	108.250000	55.144043	1.302293	-0.043672
525.314728	396.066420	108.500000	55.144043	1.043576	-0.132219
659.393900	379.362244	108.750000	55.144043	0.788396	-0.206445
779.373555	357.634490	109.000000	55.144043	0.564971	-0.259434
643.665455	335.336942	109.250000	58.620670	-0.638736	-0.190744
562.156549	323.758060	109.500000	58.620670	-0.464836	-0.101471
508.362245	318.077431	109.750000	58.620670	-0.351808	-0.046566
470.562436	315.925556	110.000000	58.620670	-0.273944	-0.011712
508.459936	317.079729	110.250000	56.980342	0.274108	-0.000313
539.964417	316.039114	110.500000	56.980342	0.211652	-0.023609
565.522534	313.501602	110.750000	56.980342	0.162323	-0.039118
585.904279	310.034936	111.000000	56.980342	0.124131	-0.048594
505.776260	304.777419	111.250000	59.212260	-0.514720	-0.035486
451.499897	304.014805	111.500000	59.212260	-0.404728	0.009908
412.384984	305.955112	111.750000	59.212260	-0.327540	0.037595
382.892557	309.566405	112.000000	59.212260	-0.271111	0.054143
322.487628	309.650027	112.250000	61.625142	-0.632135	0.022400
278.599264	312.676581	112.500000	61.625142	-0.546226	0.051756
245.141377	317.523754	112.750000	61.625142	-0.482827	0.069020
218.694047	323.486431	113.000000	61.625142	-0.434455	0.078380
231.495184	336.549728	113.250000	58.556264	0.210574	0.141341
242.985196	347.227020	113.500000	58.556264	0.178963	0.110682
253.181305	355.758721	113.750000	58.556264	0.151662	0.085361
262.147882	362.427297	114.000000	58.556264	0.128319	0.064763
250.995161	365.495169	114.250000	59.640964	-0.164648	0.034909
241.408827	368.764979	114.500000	59.640964	-0.148033	0.036066
233.073938	372.112058	114.750000	59.640964	-0.133996	0.036059
225.756020	375.447529	115.000000	59.640964	-0.121992	0.035255
203.172484	374.582778	115.250000	61.304137	-0.400411	-0.000282
184.724903	375.256877	115.500000	61.304137	-0.363894	0.013235
169.331495	376.969530	115.750000	61.304137	-0.334358	0.022200
156.260359	379.370633	116.000000	61.304137	-0.310046	0.027910
182.970860	390.714937	116.250000	57.622212	0.601213	0.097194
210.934234	398.315000	116.500000	57.622212	0.539186	0.059495
239.471009	402.582021	116.750000	57.622212	0.478659	0.028011
267.867989	404.012829	117.000000	57.622212	0.420659	0.002321
300.747659	403.381220	117.250000	57.430250	0.432056	-0.017857
332.369799	400.515332	117.500000	57.430250	0.371007	-0.037527
361.996787	395.978438	117.750000	57.430250	0.315268	-0.052248
389.106391	390.280453	118.000000	57.430250	0.265485	-0.062620
416.550360	383.923333	118.250000	57.347906	0.249222	-0.069824
440.792211	376.979841	118.500000	57.347906	0.206158	-0.075398
461.848708	369.797863	118.750000	57.347906	0.169664	-0.077933
479.897471	362.639473	119.000000	57.347906	0.139180	-0.078097
450.868871	354.795192	119.250000	58.482712	-0.220296	-0.069888
429.452527	349.948712	119.500000	58.482712	-0.173299	-0.042865
413.202908	347.114728	119.750000	58.482712	-0.138334	-0.024062
400.595026	345.655135	120.000000	58.482712	-0.111808	-0.010962
313.995682	318.579752	120.250000	68.585425	-0.887195	-0.271153
256.103186	301.085211	120.500000	68.585425	-0.756449	-0.189217
214.677801	289.422342	120.750000	68.585425	-0.663680	-0.132360
183.565632	281.568787	121.000000	68.585425	-0.594790	-0.091505
159.323543	275.057049	121.250000	69.045104	-0.541759	-0.078728
139.941672	270.596992	121.500000	69.045104	-0.499234	-0.054167
124.090714	267.635174	121.750000	69.045104	-0.465021	-0.035462
110.886713	265.788561	122.000000	69.045104	-0.437028	-0.021130
99.804663	269.155190	122.250000	67.413816	-0.412090	0.051245
90.231849	272.656881	122.500000	67.413816	-0.395690	0.051925
81.884775	276.209975	122.750000	67.413816	-0.381793	0.051515
74.548243	279.750481	123.000000	67.413816	-0.369916	0.050317
68.011267	280.681326	123.250000	68.318611	-0.361309	0.014820
62.225682	281.815552	123.500000	68.318611	-0.350615	0.017198
57.074086	283.092198	123.750000	68.318611	-0.341308	0.018780
52.462799	284.463143	124.000000	68.318611	-0.333161	0.019738
48.405371	290.709087	124.250000	66.636762	-0.320500	0.082496
44.694964	296.434566	124.500000	66.636762	-0.317655	0.073998
41.297082	301.660830	124.750000	66.636762	-0.315036	0.066249
38.181555	306.414045	125.000000	66.636762	-0.312604	0.059221
35.266376	306.998819	125.250000	67.858804	-0.315163	0.008155
32.615012	307.659634	125.500000	67.858804	-0.310378	0.008961
30.197039	308.371910	125.750000	67.858804	-0.306102	0.009476
27.986584	309.116011	126.000000	67.858804	-0.302268	0.009760
25.951315	306.889082	126.250000	68.832177	-0.299260	-0.026085
24.097080	305.101551	126.500000	68.832177	-0.294108	-0.021007
22.402348	303.675020	126.750000	68.832177	-0.289566	-0.016783
20.849017	302.545789	127.000000	68.832177	-0.285547	-0.013269
19.424514	303.187746	127.250000	68.326368	-0.281979	0.008404
18.107435	303.817644	127.500000	68.326368	-0.279845	0.008199
16.888260	304.431324	127.750000	68.326368	-0.277894	0.007948
15.758514	305.025696	128.000000	68.326368	-0.276107	0.007663
14.734077	310.375216	128.250000	66.759888	-0.269911	0.064896
13.769241	315.088518	128.500000	66.759888	-0.271760	0.056218
12.862231	319.226874	128.750000	66.759888	-0.273263	0.048646
12.010934	322.850163	129.000000	66.759888	-0.274465	0.042062
11.241104	328.991753	129.250000	65.822550	-0.266537	0.069898
10.512487	334.339824	129.500000	65.822550	-0.269369	0.059755
9.824776	338.976878	129.750000	65.822550	-0.271712	0.051005
9.177196	342.983314	130.000000	65.822550	-0.273630	0.043487
8.534210	330.802764	130.250000	70.528259	-0.285422	-0.133076
7.956202	320.856081	130.500000	70.528259	-0.276274	-0.112641
7.432808	312.652758	130.750000	70.528259	-0.268638	-0.095753
6.955987	305.832213	131.000000	70.528259	-0.262207	-0.081680
6.525035	309.994678	131.250000	67.274181	-0.256981	0.050324
6.117300	313.629001	131.500000	67.274181	-0.259080	0.043362
5.732288	316.792958	131.750000	67.274181	-0.260847	0.037325
5.369341	319.540844	132.000000	67.274181	-0.262325	0.032104
5.022828	314.975591	132.250000	69.473737	-0.264815	-0.053166
4.703394	311.146613	132.500000	69.473737	-0.261101	-0.045225
4.408051	307.923949	132.750000	69.473737	-0.257922	-0.038521
4.134290	305.203915	133.000000	69.473737	-0.255191	-0.032843
3.880083	304.480025	133.250000	68.952987	-0.253324	-0.008726
3.642437	303.873583	133.500000	68.952987	-0.252362	-0.007318
3.420120	303.366521	133.750000	68.952987	-0.251509	-0.006122
3.212015	302.943586	134.000000	68.952987	-0.250753	-0.005107
3.033562	312.946196	134.250000	65.536821	-0.232244	0.120582
2.859888	321.773003	134.500000	65.536821	-0.238976	0.103021
2.691932	329.495172	134.750000	65.536821	-0.244835	0.087669
2.530400	336.200291	135.000000	65.536821	-0.249891	0.074349
2.363155	331.060205	135.250000	68.858536	-0.271443	-0.056769
2.209215	326.775779	135.500000	68.858536	-0.267695	-0.048046
2.067078	323.189763	135.750000	68.858536	-0.264531	-0.040735
1.935491	320.178050	136.000000	68.858536	-0.261850	-0.034585
1.816556	324.339103	136.250000	66.747622	-0.255123	0.047790
1.703709	327.926935	136.500000	66.747622	-0.257776	0.040683
1.596897	331.010147	136.750000	66.747622	-0.260037	0.034583
1.496004	333.652225	137.000000	66.747622	-0.261955	0.029363
1.412352	342.428371	137.250000	64.737352	-0.233381	0.095644
1.331255	350.008603	137.500000	64.737352	-0.239301	0.080503
1.253103	356.507091	137.750000	64.737352	-0.244360	0.067528
1.178167	362.042738	138.000000	64.737352	-0.248653	0.056480
1.098587	361.140787	138.250000	66.361239	-0.279327	-0.009107
1.024590	360.394630	138.500000	66.361239	-0.278580	-0.007549
0.955742	359.777394	138.750000	66.361239	-0.277946	-0.006255
0.891649	359.266958	139.000000	66.361239	-0.277408	-0.005179
0.829872	349.845322	139.250000	68.957339	-0.283642	-0.097515
0.773717	342.131416	139.500000	68.957339	-0.277334	-0.081981
0.722394	335.766605	139.750000	68.957339	-0.272120	-0.069162
0.675276	330.481359	140.000000	68.957339	-0.267782	-0.058515
0.740800	354.672638	140.250000	59.577340	0.361228	0.259689
0.808938	376.291601	140.500000	59.577340	0.343754	0.216289
0.879739	395.197780	140.750000	59.577340	0.328444	0.178312
0.953348	411.420521	141.000000	59.577340	0.315277	0.145702
0.895413	411.003067	141.250000	63.791813	-0.250572	-0.003651
0.841085	410.667636	141.500000	63.791813	-0.250193	-0.002934
0.790122	410.398573	141.750000	63.791813	-0.249875	-0.002353
0.742300	410.183215	142.000000	63.791813	-0.249606	-0.001882
0.816122	424.862382	142.250000	59.314963	0.373682	0.126901
0.894842	437.112189	142.500000	59.314963	0.363688	0.102247
0.978930	447.208018	142.750000	59.314963	0.355411	0.081907
1.068917	455.442732	143.000000	59.314963	0.348616	0.065297
1.064889	456.489718	143.250000	61.007483	-0.015486	0.008216
1.060679	457.325118	143.500000	61.007483	-0.016149	0.006541
1.056331	457.991211	143.750000	61.007483	-0.016675	0.005206
1.051877	458.522036	144.000000	61.007483	-0.017093	0.004143
1.153312	464.866726	144.250000	59.224438	0.365795	0.049044
1.263024	469.949546	144.500000	59.224438	0.361492	0.038745
1.381836	473.997981	144.750000	59.224438	0.358001	0.030516
1.510638	477.206462	145.000000	59.224438	0.355165	0.023966
1.460454	470.918622	145.250000	61.749534	-0.132770	-0.047234
1.413544	466.013148	145.500000	61.749534	-0.128733	-0.037337
1.369363	462.167662	145.750000	61.749534	-0.125553	-0.029573
1.327499	459.141928	146.000000	61.749534	-0.123037	-0.023459
1.315377	458.999981	146.250000	61.125297	-0.036629	-0.001101
1.303407	458.888162	146.500000	61.125297	-0.036515	-0.000867
1.291579	458.800264	146.750000	61.125297	-0.036421	-0.000680
1.279885	458.731360	147.000000	61.125297	-0.036342	-0.000533
1.206474	451.889762	147.250000	62.960911	-0.233676	-0.053757
1.138696	446.511301	147.500000	62.960911	-0.229217	-0.042894
1.075792	442.260692	147.750000	62.960911	-0.225675	-0.034303
1.017165	438.887606	148.000000	62.960911	-0.222847	-0.027478
1.046001	445.330794	148.250000	60.365454	0.109398	0.052296
1.074389	450.554137	148.500000	60.365454	0.105145	0.041782
1.102495	454.765913	148.750000	60.365454	0.101704	0.033299
1.130465	458.147180	149.000000	60.365454	0.098931	0.026485
1.134219	459.283281	149.250000	60.823316	0.012836	0.008853
1.137752	460.188002	149.500000	60.823316	0.012102	0.007032
1.141110	460.907765	149.750000	60.823316	0.011517	0.005583
1.144328	461.479919	150.000000	60.823316	0.011051	0.004431
1.178842	463.904261	150.250000	60.249203	0.117929	0.018699
1.213850	465.832966	150.500000	60.249203	0.116309	0.014796
1.249445	467.363723	150.750000	60.249203	0.115008	0.011692
1.285709	468.576086	151.000000	60.249203	0.113961	0.009227
1.231130	462.682647	151.250000	62.152750	-0.171282	-0.045164
1.180133	458.063960	151.500000	62.152750	-0.167467	-0.035842
1.132205	454.427942	151.750000	62.152750	-0.164448	-0.028496
1.086953	451.555551	152.000000	62.152750	-0.162049	-0.022688
1.173047	458.446309	152.250000	59.479269	0.302262	0.054148
1.264335	463.993759	152.500000	59.479269	0.297622	0.042931
1.361309	468.432828	152.750000	59.479269	0.293861	0.033935
1.464484	471.966895	153.000000	59.479269	0.290815	0.026752
1.392299	464.294221	153.250000	62.420769	-0.199286	-0.058453
1.325517	458.306326	153.500000	62.420769	-0.194338	-0.046365
1.263322	453.605588	153.750000	62.420769	-0.190435	-0.036869
1.205088	449.898427	154.000000	62.420769	-0.187339	-0.029373
1.259699	455.384039	154.250000	60.014543	0.175191	0.043364
1.315451	459.796285	154.500000	60.014543	0.171534	0.034456
1.372544	463.328376	154.750000	60.014543	0.168582	0.027314
1.431168	466.144716	155.000000	60.014543	0.166201	0.021609
1.346948	457.632455	155.250000	62.971889	-0.239376	-0.065830
1.269648	450.979792	155.500000	62.971889	-0.233873	-0.052398
1.198245	445.746117	155.750000	62.971889	-0.229524	-0.041824
1.131952	441.607633	156.000000	62.971889	-0.226065	-0.033455
1.237655	450.885209	156.250000	59.309063	0.353547	0.074495
1.350888	458.422061	156.500000	59.309063	0.347265	0.059267
1.472395	464.495908	156.750000	59.309063	0.342142	0.046968
1.602983	469.358021	157.000000	59.309063	0.337974	0.037096
1.641067	469.817691	157.250000	60.339684	0.093714	0.003476
1.679886	470.178223	157.500000	60.339684	0.093346	0.002720
1.719479	470.460134	157.750000	60.339684	0.093041	0.002122
1.759883	470.679717	158.000000	60.339684	0.092783	0.001648
1.743742	468.292576	158.250000	61.067766	-0.035959	-0.018125
1.728495	466.413724	158.500000	61.067766	-0.034418	-0.014337
1.713968	464.932324	158.750000	61.067766	-0.033198	-0.011349
1.700024	463.762751	159.000000	61.067766	-0.032230	-0.008988
1.633057	459.238317	159.250000	62.055732	-0.159018	-0.035008
1.570041	455.679202	159.500000	62.055732	-0.156031	-0.027805
1.510460	452.870115	159.750000	62.055732	-0.153654	-0.022113
1.453910	450.647428	160.000000	62.055732	-0.151754	-0.017602
3.332672	472.701572	160.250000	47.815275	3.307825	0.169754
7.597667	490.621826	160.500000	47.815275	3.285033	0.130394
17.209025	504.522442	160.750000	47.815275	3.254933	0.094866
38.601287	514.235139	161.000000	47.815275	3.204978	0.058417
87.880565	519.115813	161.250000	48.273524	3.236376	0.012859
192.750503	516.025956	161.500000	48.273524	3.031923	-0.064067
393.063926	500.114362	161.750000	48.273524	2.648300	-0.191313
707.851613	465.986548	162.000000	48.273524	2.049777	-0.374050
934.330646	417.347742	162.250000	46.327354	0.915020	-0.479369
1121.758184	367.472720	162.500000	46.327354	0.578035	-0.530327
1255.056973	321.025267	162.750000	46.327354	0.346556	-0.544718
1341.523763	280.463599	163.000000	46.327354	0.204580	-0.533152
1490.554510	244.363929	163.250000	47.201115	0.303816	-0.569278
1575.019466	211.729817	163.500000	47.201115	0.159058	-0.572204
1621.848026	183.891097	163.750000	47.201115	0.086658	-0.554233
1648.821294	160.608405	164.000000	47.201115	0.050842	-0.529302
1601.778673	141.962159	164.250000	46.640717	-0.070508	-0.461126
1584.685345	127.277043	164.500000	46.640717	-0.023778	-0.417659
1579.888025	115.106333	164.750000	46.640717	-0.004104	-0.389273
1580.142943	104.725345	165.000000	46.640717	0.003840	-0.368603
1757.141840	94.253401	165.250000	48.425648	0.277458	-0.471626
1839.723902	83.190813	165.500000	48.425648	0.118480	-0.516619
1876.446061	72.989333	165.750000	48.425648	0.052023	-0.526025
1893.369560	64.020560	166.000000	48.425648	0.024870	-0.521776
1688.311934	57.385356	166.250000	46.388556	-0.290134	-0.365381
1609.015957	52.944193	166.500000	46.388556	-0.125104	-0.291862
1575.717821	49.462043	166.750000	46.388556	-0.054567	-0.257774
1561.510232	46.491064	167.000000	46.388556	-0.023277	-0.240253
1761.563489	43.054007	167.250000	48.434435	0.312402	-0.372181
1853.671376	38.840632	167.500000	48.434435	0.128461	-0.438688
1892.655348	34.681019	167.750000	48.434435	0.052450	-0.462096
1909.015610	30.867843	168.000000	48.434435	0.022223	-0.467767
1806.057154	27.751650	168.250000	47.262791	-0.136889	-0.389337
1766.745631	25.315019	168.500000	47.262791	-0.054819	-0.352399
1751.291860	23.236647	168.750000	47.262791	-0.021660	-0.335634
1745.349509	21.392472	169.000000	47.262791	-0.008060	-0.327090
1740.595089	19.731450	169.250000	47.238398	-0.006419	-0.320186
1738.972866	18.224572	169.500000	47.238398	-0.001888	-0.315838
1738.625757	16.847897	169.750000	47.238398	-0.000059	-0.312789
1738.784618	15.585655	170.000000	47.238398	0.000647	-0.310382
1878.002067	14.241111	170.250000	48.876136	0.191933	-0.406214
1936.184519	12.780362	170.500000	48.876136	0.074598	-0.450694
1959.175973	11.390802	170.750000	48.876136	0.028858	-0.466652
1968.219225	10.128776	171.000000	48.876136	0.011447	-0.471492
1949.484539	9.020907	171.250000	48.518112	-0.022652	-0.456228
1942.722639	8.057301	171.500000	48.518112	-0.008074	-0.448774
1940.392467	7.205916	171.750000	48.518112	-0.002626	-0.445161
1939.707692	6.448854	172.000000	48.518112	-0.000610	-0.443080
1950.258301	5.767834	172.250000	48.677263	0.013294	-0.449243
1954.414754	5.153339	172.500000	48.677263	0.005320	-0.451398
1956.125690	4.603127	172.750000	48.677263	0.002280	-0.451688
1956.898228	4.111769	173.000000	48.677263	0.001106	-0.451330
1805.258025	3.727350	173.250000	47.049561	-0.199729	-0.343174
1747.656803	3.445159	173.500000	47.049561	-0.082149	-0.295665
1724.285743	3.208926	173.750000	47.049561	-0.034381	-0.276160
1714.572668	2.998528	174.000000	47.049561	-0.014444	-0.267831
1774.378546	2.789470	174.250000	47.645413	0.087211	-0.308883
1799.733480	2.574440	174.500000	47.645413	0.035777	-0.329095
1810.209723	2.368242	174.750000	47.645413	0.014614	-0.337213
1814.514193	2.175755	175.000000	47.645413	0.006005	-0.340333
1909.318479	1.980458	175.250000	48.804802	0.125099	-0.407476
1947.350606	1.780479	175.500000	48.804802	0.047751	-0.438080
1961.987810	1.593009	175.750000	48.804802	0.018057	-0.449642
1967.552768	1.422732	176.000000	48.804802	0.006846	-0.453839
2002.623106	1.265772	176.250000	49.692061	0.042098	-0.478893
2015.725967	1.121189	176.500000	49.692061	0.015482	-0.489296
2020.567632	0.991542	176.750000	49.692061	0.005708	-0.492987
2022.364709	0.876402	177.000000	49.692061	0.002135	-0.494222
1758.052813	0.794601	177.250000	46.471561	-0.348590	-0.307218
1659.941275	0.744667	177.500000	46.471561	-0.148695	-0.227176
1619.082600	0.707015	177.750000	46.471561	-0.065552	-0.193855
1601.263155	0.675007	178.000000	46.471561	-0.029300	-0.179300
1847.824138	0.631386	178.250000	49.802034	0.362420	-0.351362
1957.293400	0.570703	178.500000	49.802034	0.139606	-0.440387
2000.347124	0.508532	178.750000	49.802034	0.051870	-0.475376
2016.578597	0.000000	179.000000	49.802034	0.019170	-0.487600
1601.776481	0.000000	179.250000	45.294939	-0.591859	-0.199089
1447.191230	0.000000	179.500000	45.294939	-0.277256	-0.073248
1378.124193	0.000000	179.750000	45.294939	-0.137012	-0.017150
1344.795561	0.000000	180.000000	45.294939	-0.069406	0.009892
1690.492670	0.000000	180.250000	50.968833	0.610285	-0.224423
1867.983060	0.000000	180.500000	50.968833	0.249707	-0.368654
1943.403122	0.000000	180.750000	50.968833	0.096098	-0.430097
1972.845264	0.000000	181.000000	50.968833	0.036069	-0.454109
1994.732349	0.000000	181.250000	50.709254	0.026288	-0.470906
2002.875650	0.000000	181.500000	50.709254	0.009674	-0.477552
2005.876688	0.000000	181.750000	50.709254	0.003551	-0.480001
2006.978765	0.000000	182.000000	50.709254	0.001302	-0.480901
2014.057372	0.000000	182.250000	50.486404	0.008333	-0.486026
2016.650368	0.000000	182.500000	50.486404	0.003042	-0.488143
2017.597326	0.000000	182.750000	50.486404	0.001110	-0.488916
2017.942768	0.000000	183.000000	50.486404	0.000405	-0.489198
2010.641808	0.000000	183.250000	49.269959	-0.008577	-0.483964
2007.977788	0.000000	183.500000	49.269959	-0.003141	-0.481789
2007.002668	0.000000	183.750000	49.269959	-0.001151	-0.480993
2006.645332	0.000000	184.000000	49.269959	-0.000422	-0.480702
1997.915721	0.000000	184.250000	50.937785	-0.010353	-0.474422
1994.711929	0.000000	184.500000	50.937785	-0.003816	-0.471807
1993.531689	0.000000	184.750000	50.937785	-0.001408	-0.470844
1993.096299	0.000000	185.000000	50.937785	-0.000520	-0.470489
1994.979325	0.000000	185.250000	50.892582	0.002246	-0.471824
1995.674309	0.000000	185.500000	50.892582	0.000828	-0.472391
1995.930603	0.000000	185.750000	50.892582	0.000305	-0.472600
1996.025089	0.000000	186.000000	50.892582	0.000113	-0.472677
2013.748183	0.000000	186.250000	49.702414	0.020943	-0.485411
2020.268583	0.000000	186.500000	49.702414	0.007638	-0.490733
2022.649154	0.000000	186.750000	49.702414	0.002780	-0.492676
2023.515857	0.000000	187.000000	49.702414	0.001011	-0.493384
1951.463467	0.000000	187.250000	51.752392	-0.086788	-0.441801
1925.071336	0.000000	187.500000	51.752392	-0.032955	-0.420267
1915.099133	0.000000	187.750000	51.752392	-0.012621	-0.412134
1911.287105	0.000000	188.000000	51.752392	-0.004850	-0.409025
1881.735767	0.000000	188.250000	52.075920	-0.038161	-0.387861
1870.343116	0.000000	188.500000	52.075920	-0.014941	-0.378573
1865.892653	0.000000	188.750000	52.075920	-0.005872	-0.374945
1864.145159	0.000000	189.000000	52.075920	-0.002311	-0.373521
1949.297844	0.000000	189.250000	50.796805	0.108353	-0.434168
1982.573455	0.000000	189.500000	50.796805	0.040506	-0.461307
1995.087215	0.000000	189.750000	50.796805	0.014979	-0.471518
1999.724961	0.000000	190.000000	50.796805	0.005517	-0.475302
1970.949202	0.000000	190.250000	51.372140	-0.034625	-0.454848
1960.330154	0.000000	190.500000	51.372140	-0.012963	-0.446183
1956.362268	0.000000	190.750000	51.372140	-0.004870	-0.442946
1954.872741	0.000000	191.000000	51.372140	-0.001832	-0.441730
1995.360769	0.000000	191.250000	50.454432	0.048910	-0.470694
2010.532205	0.000000	191.500000	50.454432	0.017958	-0.483075
2016.117274	0.000000	191.750000	50.454432	0.006561	-0.487634
2018.159862	0.000000	192.000000	50.454432	0.002393	-0.489301
2014.398093	0.000000	192.250000	50.621223	-0.004412	-0.486670
2013.026155	0.000000	192.500000	50.621223	-0.001612	-0.485550
2012.524992	0.000000	192.750000	50.621223	-0.000589	-0.485141
2012.341811	0.000000	193.000000	50.621223	-0.000215	-0.484992
1661.514164	0.000000	193.250000	54.243175	-0.486571	-0.239031
1530.480231	0.000000	193.500000	54.243175	-0.219816	-0.132329
1473.415351	0.000000	193.750000	54.243175	-0.103865	-0.085949
1446.921197	0.000000	194.000000	54.243175	-0.050077	-0.064434
1759.539319	0.000000	194.250000	50.660115	0.510351	-0.279282
1910.623846	0.000000	194.500000	50.660115	0.203134	-0.402169
1972.616348	0.000000	194.750000	50.660115	0.076806	-0.452700
1996.323005	0.000000	195.000000	50.660115	0.028455	-0.472040
2014.687295	0.000000	195.250000	50.236032	0.021690	-0.486097
2021.442101	0.000000	195.500000	50.236032	0.007906	-0.491610
2023.907027	0.000000	195.750000	50.236032	0.002875	-0.493622
2024.803907	0.000000	196.000000	50.236032	0.001045	-0.494355
1978.591355	0.000000	196.250000	51.394053	-0.054959	-0.461231
1961.717361	0.000000	196.500000	51.394053	-0.020533	-0.447461
1955.432306	0.000000	196.750000	51.394053	-0.007713	-0.442333
1953.074023	0.000000	197.000000	51.394053	-0.002903	-0.440409
1997.313712	0.000000	197.250000	50.318522	0.053427	-0.472031
2013.899417	0.000000	197.500000	50.318522	0.019590	-0.485566
2019.998174	0.000000	197.750000	50.318522	0.007144	-0.490544
2022.224742	0.000000	198.000000	50.318522	0.002601	-0.492361
2021.838878	0.000000	198.250000	50.385813	-0.000450	-0.492163
2021.698490	0.000000	198.500000	50.385813	-0.000164	-0.492048
2021.647404	0.000000	198.750000	50.385813	-0.000060	-0.492007
2021.628813	0.000000	199.000000	50.385813	-0.000022	-0.491991
2011.036710	0.000000	199.250000	49.244452	-0.012427	-0.484379
2007.177505	0.000000	199.500000	49.244452	-0.004551	-0.481229
2005.765003	0.000000	199.750000	49.244452	-0.001669	-0.480076
2005.247155	0.000000	200.000000	49.244452	-0.000612	-0.479653
1002.773230	0.000000	200.250000	66.762655	-2.017990	-0.113181
668.982680	0.000000	200.500000	66.762655	-1.339132	0.158362
502.156449	0.000000	200.750000	66.762655	-1.001550	0.293395
402.082946	0.000000	201.000000	66.762655	-0.799589	0.374179
336.958654	0.000000	201.250000	65.323118	-0.647759	0.486915
290.275452	0.000000	201.500000	65.323118	-0.553818	0.524491
255.172697	0.000000	201.750000	65.323118	-0.483238	0.552723
227.817438	0.000000	202.000000	65.323118	-0.428270	0.574711
204.564882	0.000000	202.250000	67.898886	-0.409057	0.484680
185.623253	0.000000	202.500000	67.898886	-0.371026	0.499892
169.895410	0.000000	202.750000	67.898886	-0.339458	0.512519
156.627402	0.000000	203.000000	67.898886	-0.312835	0.523169
145.837944	0.000000	203.250000	65.978903	-0.275371	0.613299
136.475833	0.000000	203.500000	65.978903	-0.256596	0.620809
128.275471	0.000000	203.750000	65.978903	-0.240153	0.627387
121.033308	0.000000	204.000000	65.978903	-0.225633	0.633194
114.237975	0.000000	204.250000	67.275515	-0.224721	0.583835
108.170882	0.000000	204.500000	67.275515	-0.212560	0.588699
102.720918	0.000000	204.750000	67.275515	-0.201638	0.593068
97.798486	0.000000	205.000000	67.275515	-0.191773	0.597014
93.448160	0.000000	205.250000	66.612401	-0.177893	0.628666
89.477105	0.000000	205.500000	66.612401	-0.169936	0.631848
85.837803	0.000000	205.750000	66.612401	-0.162645	0.634765
82.490355	0.000000	206.000000	66.612401	-0.155939	0.637447
80.089469	0.000000	206.250000	64.699455	-0.115868	0.718733
77.848691	0.000000	206.500000	64.699455	-0.111380	0.720528
75.752649	0.000000	206.750000	64.699455	-0.107183	0.722207
73.787875	0.000000	207.000000	64.699455	-0.103248	0.723781
71.825863	0.000000	207.250000	64.930140	-0.105934	0.715973
69.982534	0.000000	207.500000	64.930140	-0.102243	0.717450
68.247511	0.000000	207.750000	64.930140	-0.098769	0.718840
66.611591	0.000000	208.000000	64.930140	-0.095493	0.720150
64.651178	0.000000	208.250000	66.365264	-0.117625	0.662167
62.808127	0.000000	208.500000	66.365264	-0.113935	0.663643
61.072212	0.000000	208.750000	66.365264	-0.110459	0.665034
59.434362	0.000000	209.000000	66.365264	-0.107179	0.666345
57.753458	0.000000	209.250000	67.562004	-0.113158	0.616864
56.165949	0.000000	209.500000	67.562004	-0.109979	0.618135
54.664262	0.000000	209.750000	67.562004	-0.106973	0.619338
53.241620	0.000000	210.000000	67.562004	-0.104124	0.620477
51.957245	0.000000	210.250000	66.795230	-0.096454	0.654165
50.735620	0.000000	210.500000	66.795230	-0.094008	0.655143
49.572258	0.000000	210.750000	66.795230	-0.091679	0.656075
48.463089	0.000000	211.000000	66.795230	-0.089459	0.656963
47.470955	0.000000	211.250000	66.243218	-0.081792	0.681060
46.521701	0.000000	211.500000	66.243218	-0.079892	0.681820
45.612609	0.000000	211.750000	66.243218	-0.078072	0.682548
44.741189	0.000000	212.000000	66.243218	-0.076327	0.683245
44.406885	0.000000	212.250000	64.270426	-0.029681	0.764578
44.082339	0.000000	212.500000	64.270426	-0.029031	0.764838
43.767163	0.000000	212.750000	64.270426	-0.028400	0.765090
43.460990	0.000000	213.000000	64.270426	-0.027788	0.765336
42.595151	0.000000	213.250000	67.043870	-0.079667	0.651104
41.764270	0.000000	213.500000	67.043870	-0.078004	0.651769
40.966272	0.000000	213.750000	67.043870	-0.076407	0.652408
40.199244	0.000000	214.000000	67.043870	-0.074872	0.653022
40.178627	0.000000	214.250000	63.826775	-0.002032	0.785568
40.158432	0.000000	214.500000	63.826775	-0.001992	0.785584
40.138647	0.000000	214.750000	63.826775	-0.001952	0.785600
40.119265	0.000000	215.000000	63.826775	-0.001913	0.785616
39.329769	0.000000	215.250000	68.169046	-0.078747	0.605597
38.570734	0.000000	215.500000	68.169046	-0.077227	0.606205
37.840433	0.000000	215.750000	68.169046	-0.075766	0.606790
37.137263	0.000000	216.000000	68.169046	-0.074358	0.607353
36.768180	0.000000	216.250000	65.079377	-0.039599	0.737946
36.409389	0.000000	216.500000	65.079377	-0.038881	0.738233
36.060478	0.000000	216.750000	65.079377	-0.038183	0.738512
35.721057	0.000000	217.000000	65.079377	-0.037504	0.738784
35.376440	0.000000	217.250000	65.146838	-0.038448	0.736295
35.041103	0.000000	217.500000	65.146838	-0.037777	0.736563
34.714687	0.000000	217.750000	65.146838	-0.037123	0.736825
34.396851	0.000000	218.000000	65.146838	-0.036487	0.737079
33.880224	0.000000	218.250000	66.768624	-0.060041	0.669766
33.379841	0.000000	218.500000	66.768624	-0.059039	0.670167
32.894949	0.000000	218.750000	66.768624	-0.058069	0.670555
32.424840	0.000000	219.000000	66.768624	-0.057128	0.670931
31.938731	0.000000	219.250000	67.287233	-0.059957	0.649269
31.467439	0.000000	219.500000	67.287233	-0.059014	0.649647
31.010298	0.000000	219.750000	67.287233	-0.058099	0.650013
30.566679	0.000000	220.000000	67.287233	-0.057211	0.650368
30.085900	0.000000	220.250000	69.524330	-0.062956	0.554726
29.619693	0.000000	220.500000	69.524330	-0.062023	0.555099
29.167407	0.000000	220.750000	69.524330	-0.061118	0.555461
28.728427	0.000000	221.000000	69.524330	-0.060240	0.555813
28.305915	0.000000	221.250000	69.118688	-0.058861	0.573590
27.895425	0.000000	221.500000	69.118688	-0.058040	0.573918
27.496452	0.000000	221.750000	69.118688	-0.057242	0.574238
27.108516	0.000000	222.000000	69.118688	-0.056465	0.574548
26.728110	0.000000	222.250000	69.461044	-0.056165	0.560133
26.357986	0.000000	222.500000	69.461044	-0.055424	0.560430
25.997734	0.000000	222.750000	69.461044	-0.054703	0.560718
25.646964	0.000000	223.000000	69.461044	-0.054001	0.560999
25.300535	0.000000	223.250000	70.409178	-0.054067	0.520642
24.963054	0.000000	223.500000	70.409178	-0.053392	0.520912
24.634178	0.000000	223.750000	70.409178	-0.052734	0.521175
24.313581	0.000000	224.000000	70.409178	-0.052092	0.521432
23.999070	0.000000	224.250000	71.306646	-0.051779	0.483562
23.692307	0.000000	224.500000	71.306646	-0.051165	0.483807
23.393009	0.000000	224.750000	71.306646	-0.050566	0.484047
23.100907	0.000000	225.000000	71.306646	-0.049982	0.484281
22.818000	0.000000	225.250000	70.261218	-0.049018	0.528951
22.541708	0.000000	225.500000	70.261218	-0.048465	0.529172
22.271802	0.000000	225.750000	70.261218	-0.047925	0.529388
22.008064	0.000000	226.000000	70.261218	-0.047398	0.529599
21.747739	0.000000	226.250000	71.696153	-0.047348	0.468972
21.493258	0.000000	226.500000	71.696153	-0.046838	0.469176
21.244428	0.000000	226.750000	71.696153	-0.046341	0.469375
21.001063	0.000000	227.000000	71.696153	-0.045854	0.469570
20.767143	0.000000	227.250000	69.798907	-0.044580	0.550396
20.538206	0.000000	227.500000	69.798907	-0.044122	0.550579
20.314092	0.000000	227.750000	69.798907	-0.043674	0.550759
20.094652	0.000000	228.000000	69.798907	-0.043234	0.550934
19.875487	0.000000	228.250000	72.134397	-0.043656	0.452166
19.660845	0.000000	228.500000	72.134397	-0.043227	0.452338
19.450586	0.000000	228.750000	72.134397	-0.042806	0.452506
19.244578	0.000000	229.000000	72.134397	-0.042394	0.452671
19.043898	0.000000	229.250000	70.858011	-0.041739	0.506530
18.847182	0.000000	229.500000	70.858011	-0.041345	0.506688
18.654315	0.000000	229.750000	70.858011	-0.040959	0.506842
18.465185	0.000000	230.000000	70.858011	-0.040581	0.506993
18.291958	0.000000	230.250000	68.478132	-0.037537	0.609156
18.121910	0.000000	230.500000	68.478132	-0.037196	0.609292
17.954956	0.000000	230.750000	68.478132	-0.036862	0.609426
17.791011	0.000000	231.000000	68.478132	-0.036534	0.609557
17.638185	0.000000	231.250000	67.896285	-0.034362	0.634665
17.487996	0.000000	231.500000	67.896285	-0.034062	0.634785
17.340377	0.000000	231.750000	67.896285	-0.033767	0.634903
17.195262	0.000000	232.000000	67.896285	-0.033476	0.635019
17.037772	0.000000	232.250000	69.360995	-0.036654	0.572189
16.883041	0.000000	232.500000	69.360995	-0.036344	0.572313
16.730999	0.000000	232.750000	69.360995	-0.036040	0.572435
16.581575	0.000000	233.000000	69.360995	-0.035741	0.572554
16.432811	0.000000	233.250000	69.796753	-0.035906	0.553957
16.286583	0.000000	233.500000	69.796753	-0.035614	0.554074
16.142826	0.000000	233.750000	69.796753	-0.035326	0.554189
16.001478	0.000000	234.000000	69.796753	-0.035043	0.554303
15.864506	0.000000	234.250000	69.321806	-0.034256	0.574813
15.729774	0.000000	234.500000	69.321806	-0.033987	0.574921
15.597229	0.000000	234.750000	69.321806	-0.033721	0.575027
15.466818	0.000000	235.000000	69.321806	-0.033460	0.575131
15.337646	0.000000	235.250000	69.503622	-0.033423	0.567420
15.210527	0.000000	235.500000	69.503622	-0.033168	0.567522
15.085413	0.000000	235.750000	69.503622	-0.032918	0.567622
14.962257	0.000000	236.000000	69.503622	-0.032672	0.567720
14.844420	0.000000	236.250000	68.876494	-0.031514	0.594782
14.728372	0.000000	236.500000	68.876494	-0.031282	0.594875
14.614073	0.000000	236.750000	68.876494	-0.031053	0.594966
14.501484	0.000000	237.000000	68.876494	-0.030828	0.595056
14.384503	0.000000	237.250000	70.531830	-0.032286	0.524144
14.269294	0.000000	237.500000	70.531830	-0.032056	0.524236
14.155817	0.000000	237.750000	70.531830	-0.031829	0.524327
14.044034	0.000000	238.000000	70.531830	-0.031605	0.524417
13.932936	0.000000	238.250000	71.414709	-0.031662	0.487060
13.823480	0.000000	238.500000	71.414709	-0.031443	0.487147
13.715628	0.000000	238.750000	71.414709	-0.031227	0.487234
13.609347	0.000000	239.000000	71.414709	-0.031015	0.487319
13.504887	0.000000	239.250000	71.062435	-0.030721	0.502290
13.401925	0.000000	239.500000	71.062435	-0.030515	0.502372
13.300427	0.000000	239.750000	71.062435	-0.030312	0.502453
13.200363	0.000000	240.000000	71.062435	-0.030111	0.502533
19.727777	0.000000	240.250000	56.760317	1.600493	1.029564
29.365409	0.000000	240.500000	56.760317	1.581366	1.021913
43.455600	0.000000	240.750000	56.760317	1.553395	1.010725
63.761231	0.000000	241.000000	56.760317	1.513073	0.994596
85.420430	0.000000	241.250000	57.522253	1.148158	0.958790
113.039885	0.000000	241.500000	57.522253	1.093173	0.936796
147.296399	0.000000	241.750000	57.522253	1.024933	0.909500
188.352842	0.000000	242.000000	57.522253	0.943086	0.876761
218.538207	0.000000	242.250000	58.378946	0.565386	0.829603
249.692883	0.000000	242.500000	58.378946	0.503097	0.804688
280.866614	0.000000	242.750000	58.378946	0.440732	0.779742
311.106838	0.000000	243.000000	58.378946	0.380196	0.755527
312.223454	0.000000	243.250000	59.610601	0.013284	0.717914
313.181871	0.000000	243.500000	59.610601	0.011361	0.717145
314.003711	0.000000	243.750000	59.610601	0.009713	0.716485
314.707856	0.000000	244.000000	59.610601	0.008300	0.715920
302.074348	0.000000	244.250000	60.442171	-0.152122	0.699192
291.619796	0.000000	244.500000	60.442171	-0.131136	0.707587
282.876787	0.000000	244.750000	60.442171	-0.113589	0.714606
275.500491	0.000000	245.000000	60.442171	-0.098788	0.720526
291.565200	0.000000	245.250000	59.034849	0.211476	0.752116
306.205751	0.000000	245.500000	59.034849	0.182136	0.740380
319.354623	0.000000	245.750000	59.034849	0.155778	0.729837
331.009541	0.000000	246.000000	59.034849	0.132409	0.720490
404.455400	0.000000	246.250000	56.995325	0.730873	0.717317
476.446876	0.000000	246.500000	56.995325	0.586730	0.659660
542.164405	0.000000	246.750000	56.995325	0.454968	0.606955
598.369543	0.000000	247.000000	56.995325	0.342140	0.561824
537.637632	0.000000	247.250000	59.355685	-0.373309	0.544593
495.465256	0.000000	247.500000	59.355685	-0.288387	0.578562
464.884324	0.000000	247.750000	59.355685	-0.226851	0.603176
442.005555	0.000000	248.000000	59.355685	-0.180839	0.621581
421.080928	0.000000	248.250000	59.491144	-0.174720	0.634206
404.863132	0.000000	248.500000	59.491144	-0.142124	0.647245
392.085206	0.000000	248.750000	59.491144	-0.116449	0.657514
381.886615	0.000000	249.000000	59.491144	-0.095962	0.665709
372.403349	0.000000	249.250000	59.548678	-0.091780	0.671534
364.711436	0.000000	249.500000	59.548678	-0.076333	0.677712
358.423918	0.000000	249.750000	59.548678	-0.063708	0.682762
353.251714	0.000000	250.000000	59.548678	-0.053324	0.686916
