Nr	Nb	time	environment	abf_r	abf_b
250.000000	250.000000	0.000000	0.000000	0.000000	0.000000
406.990924	270.209695	0.250000	45.677987	1.784068	0.229686
604.055134	279.675560	0.500000	45.677987	1.383267	0.053066
808.925307	277.395861	0.750000	45.677987	0.974705	-0.106902
985.061245	265.684355	1.000000	45.677987	0.630015	-0.225355
1272.030793	245.887575	1.250000	47.260822	0.767704	-0.394418
1463.582792	219.479780	1.500000	47.260822	0.401827	-0.496503
1572.534310	192.783717	1.750000	47.260822	0.202635	-0.531274
1630.752543	168.747901	2.000000	47.260822	0.104001	-0.530238
1624.677030	148.567432	2.250000	46.920178	-0.003311	-0.489089
1625.991682	132.046067	2.500000	46.920178	0.007500	-0.456905
1629.906688	118.185421	2.750000	46.920178	0.010850	-0.432201
1634.470276	106.366467	3.000000	46.920178	0.011213	-0.412139
1653.984363	96.041459	3.250000	47.053371	0.034470	-0.405463
1664.783538	86.887517	3.500000	47.053371	0.019977	-0.395843
1671.438966	78.811226	3.750000	47.053371	0.013030	-0.385020
1676.042552	71.678434	4.000000	47.053371	0.009484	-0.374426
1748.661105	64.952415	4.250000	47.710652	0.110931	-0.412194
1781.554883	58.463552	4.500000	47.710652	0.049290	-0.425934
1796.718090	52.546482	4.750000	47.710652	0.023251	-0.426387
1804.255856	47.258381	5.000000	47.710652	0.012220	-0.421895
1651.884234	43.175321	5.250000	46.339415	-0.226779	-0.307920
1590.435585	40.304409	5.500000	46.339415	-0.099424	-0.252129
1564.067046	37.985536	5.750000	46.339415	-0.043939	-0.226026
1552.624893	35.967141	6.000000	46.339415	-0.019048	-0.212671
1415.820470	34.518135	6.250000	45.269754	-0.254040	-0.117481
1353.468563	33.773745	6.500000	45.269754	-0.126866	-0.065345
1323.018952	33.349192	6.750000	45.269754	-0.064769	-0.039786
1307.655420	33.080854	7.000000	45.269754	-0.033408	-0.026787
1456.654476	32.488972	7.250000	46.614397	0.301696	-0.123591
1535.261035	31.221789	7.500000	46.614397	0.143313	-0.184830
1573.618252	29.689033	7.750000	46.614397	0.066681	-0.212913
1591.775126	28.101342	8.000000	46.614397	0.031087	-0.224483
1699.467322	26.319823	8.250000	47.505039	0.171164	-0.296766
1748.406232	24.308042	8.500000	47.505039	0.073281	-0.332541
1769.759184	22.323420	8.750000	47.505039	0.031446	-0.345938
1779.110404	20.461140	9.000000	47.505039	0.013930	-0.349811
1671.102211	18.940684	9.250000	46.527748	-0.161096	-0.271935
1626.831086	17.795722	9.500000	46.527748	-0.070095	-0.233602
1607.847493	16.828741	9.750000	46.527748	-0.030710	-0.216220
1599.629450	15.962575	10.000000	46.527748	-0.013301	-0.207798
1592.011827	15.169525	10.250000	46.493582	-0.012422	-0.200534
1588.754427	14.436217	10.500000	46.493582	-0.005205	-0.196414
1587.439698	13.749161	10.750000	46.493582	-0.001975	-0.193966
1586.991187	13.101330	11.000000	46.493582	-0.000536	-0.192301
1291.966098	12.789896	11.250000	44.066749	-0.579617	0.001156
1161.393910	12.991013	11.500000	44.066749	-0.314815	0.106750
1094.439540	13.444685	11.750000	44.066749	-0.179584	0.160087
1057.476901	14.051002	12.000000	44.066749	-0.105294	0.188788
1102.756526	14.704404	12.250000	44.728440	0.127352	0.165157
1129.657732	15.274956	12.500000	44.728440	0.072510	0.142259
1145.161700	15.797716	12.750000	44.728440	0.040733	0.128669
1153.916477	16.295620	13.000000	44.728440	0.022621	0.120587
1376.348419	16.517042	13.250000	46.681507	0.506488	-0.025542
1505.035620	16.170213	13.500000	46.681507	0.246145	-0.129111
1570.256760	15.539395	13.750000	46.681507	0.114310	-0.180791
1601.177703	14.801210	14.000000	46.681507	0.052105	-0.204435
1530.088638	14.146987	14.250000	45.982977	-0.121900	-0.156429
1498.308621	13.657653	14.500000	45.982977	-0.056942	-0.129620
1483.627144	13.246618	14.750000	45.982977	-0.026797	-0.116870
1476.770644	12.876882	15.000000	45.982977	-0.012577	-0.110560
1481.573595	12.523396	15.250000	46.048519	0.009021	-0.112642
1483.943099	12.173383	15.500000	46.048519	0.004495	-0.113864
1485.145361	11.831143	15.750000	46.048519	0.002333	-0.114154
1485.788544	11.498421	16.000000	46.048519	0.001298	-0.114009
1464.403397	11.195992	16.250000	45.870718	-0.039740	-0.099079
1454.296510	10.935866	16.500000	45.870718	-0.019014	-0.090350
1449.489892	10.698355	16.750000	45.870718	-0.009066	-0.085972
1447.214780	10.474301	17.000000	45.870718	-0.004268	-0.083675
1328.394877	10.355350	17.250000	44.897055	-0.242272	-0.005458
1271.363858	10.410409	17.500000	44.897055	-0.126653	0.040701
1242.204294	10.552228	17.750000	44.897055	-0.067682	0.064053
1226.798480	10.741200	18.000000	44.897055	-0.036632	0.076157
1578.688874	10.651590	18.250000	48.371348	0.694270	-0.159135
1773.529584	10.005910	18.500000	48.371348	0.299505	-0.315968
1861.665206	9.150573	18.750000	48.371348	0.120885	-0.385982
1897.975985	8.274278	19.000000	48.371348	0.047631	-0.413811
1596.304025	7.671739	19.250000	45.574354	-0.448991	-0.204653
1478.262180	7.393622	19.500000	45.574354	-0.208626	-0.108034
1425.318081	7.242159	19.750000	45.574354	-0.100982	-0.064719
1400.133449	7.147260	20.000000	45.574354	-0.049799	-0.044085
1567.106557	6.975182	20.250000	47.109568	0.305970	-0.155188
1650.556050	6.644473	20.500000	47.109568	0.136819	-0.222296
1688.734027	6.257369	20.750000	47.109568	0.059530	-0.252562
1705.534469	5.863298	21.000000	47.109568	0.025682	-0.265439
1354.095720	5.652292	21.250000	44.196640	-0.636976	-0.032084
1206.314899	5.705937	21.500000	44.196640	-0.336917	0.087855
1132.788151	5.882445	21.750000	44.196640	-0.188079	0.147097
1093.135215	6.130339	22.000000	44.196640	-0.108026	0.178704
930.969545	6.468604	22.250000	42.604302	-0.502759	0.270363
842.076110	6.990673	22.500000	42.604302	-0.323437	0.341220
788.455450	7.658127	22.750000	42.604302	-0.215708	0.383195
754.202754	8.458751	23.000000	42.604302	-0.147253	0.409237
896.964370	9.339333	23.250000	44.757448	0.561069	0.342504
1002.272950	10.054251	23.500000	44.757448	0.348345	0.256208
1072.128986	10.633745	23.750000	44.757448	0.206902	0.198654
1115.247205	11.119146	24.000000	44.757448	0.119395	0.162833
1048.805409	11.611045	24.250000	43.853558	-0.188020	0.195806
1011.351420	12.243939	24.500000	43.853558	-0.112789	0.224839
989.331891	12.981913	24.750000	43.853558	-0.068881	0.241166
976.029068	13.806573	25.000000	43.853558	-0.042671	0.250267
863.910531	14.765963	25.250000	42.563585	-0.390483	0.306944
798.178063	16.057623	25.500000	42.563585	-0.258743	0.357480
756.797480	17.633492	25.750000	42.563585	-0.176511	0.387734
729.518559	19.478435	26.000000	42.563585	-0.122987	0.406053
839.543601	21.517240	26.250000	44.336796	0.459619	0.355665
920.701131	23.296927	26.500000	44.336796	0.294737	0.286714
975.784709	24.863964	26.750000	44.336796	0.182384	0.239135
1011.047891	26.281118	27.000000	44.336796	0.110059	0.207820
890.433083	27.782569	27.250000	42.687207	-0.403679	0.262717
820.838251	29.888206	27.500000	42.687207	-0.264749	0.314769
777.480394	32.471970	27.750000	42.687207	-0.179317	0.344616
749.080369	35.478875	28.000000	42.687207	-0.124456	0.361523
860.068771	38.728495	28.250000	44.428332	0.449287	0.306656
940.753659	41.412046	28.500000	44.428332	0.284582	0.236248
994.712386	43.640360	28.750000	44.428332	0.173934	0.188232
1028.758817	45.544168	29.000000	44.428332	0.103653	0.156912
1132.478558	46.987237	29.250000	45.231839	0.291005	0.086441
1195.998769	47.657713	29.500000	45.231839	0.162070	0.033720
1232.449028	47.857063	29.750000	45.231839	0.088158	0.003808
1252.611524	47.791733	30.000000	45.231839	0.047392	-0.012395
1081.230172	48.157004	30.250000	43.513550	-0.442730	0.088276
992.791714	49.718086	30.500000	43.513550	-0.264941	0.156799
942.388483	51.974354	30.750000	43.513550	-0.164859	0.193060
911.909199	54.694965	31.000000	43.513550	-0.105481	0.212254
769.847161	57.891491	31.250000	41.720992	-0.554665	0.273500
685.915972	62.506923	31.500000	41.720992	-0.388877	0.332103
631.516123	68.232960	31.750000	41.720992	-0.283769	0.364561
593.993790	74.927216	32.000000	41.720992	-0.213542	0.381436
775.671084	82.301833	32.250000	45.053074	0.892421	0.299854
929.387088	87.119557	32.500000	45.053074	0.579567	0.166534
1041.126336	89.634694	32.750000	45.053074	0.352337	0.071349
1113.787523	90.476875	33.000000	45.053074	0.204942	0.010931
1036.521697	90.951220	33.250000	43.867576	-0.220626	0.047145
993.019645	92.455115	33.500000	43.867576	-0.133859	0.079351
967.195146	94.534949	33.750000	43.867576	-0.083347	0.096076
951.277573	96.947396	34.000000	43.867576	-0.053138	0.104115
1075.531431	98.793268	34.250000	45.260632	0.378302	0.029163
1155.701859	98.615042	34.500000	45.260632	0.216522	-0.035303
1203.575557	97.246277	34.750000	45.260632	0.120814	-0.071315
1231.006771	95.274835	35.000000	45.260632	0.066896	-0.089584
1097.051049	93.979772	35.250000	43.867331	-0.345742	-0.007990
1026.755730	94.546809	35.500000	43.867331	-0.203892	0.047841
986.775094	96.086566	35.750000	43.867331	-0.124288	0.077120
962.881043	98.171326	36.000000	43.867331	-0.077685	0.092272
887.671599	100.825886	36.250000	43.145440	-0.260199	0.130451
842.192102	104.605831	36.500000	43.145440	-0.171387	0.159655
813.096552	109.096211	36.750000	43.145440	-0.116283	0.174172
793.673693	114.052940	37.000000	43.145440	-0.081096	0.179932
817.391119	119.181738	37.250000	43.645723	0.094511	0.162581
832.894492	123.759553	37.500000	43.645723	0.059559	0.140893
842.684133	127.914248	37.750000	43.645723	0.036462	0.124662
848.621973	131.741386	38.000000	43.645723	0.021395	0.112196
785.750111	135.572891	38.250000	42.748492	-0.253532	0.133142
745.467766	140.616073	38.500000	42.748492	-0.176311	0.155590
718.296132	146.418103	38.750000	42.748492	-0.126193	0.165909
699.209712	152.693750	39.000000	42.748492	-0.092778	0.168745
800.132111	158.763236	39.250000	44.368944	0.443980	0.113314
875.378585	161.826493	39.500000	44.368944	0.289986	0.046483
927.510355	162.718463	39.750000	44.368944	0.184154	0.002593
961.917871	162.210144	40.000000	44.368944	0.115131	-0.024199
791.392501	161.929266	40.250000	41.859438	-0.633047	0.051604
694.188408	165.709513	40.500000	41.859438	-0.439663	0.122707
632.383632	171.798353	40.750000	41.859438	-0.319869	0.160456
590.187165	179.325210	41.000000	41.859438	-0.240879	0.179445
592.732571	187.951979	41.250000	42.550899	0.011747	0.178858
593.771064	196.100655	41.500000	42.550899	0.003092	0.161690
593.731839	203.775767	41.750000	42.550899	-0.003013	0.146338
592.939879	210.983456	42.000000	42.550899	-0.007228	0.132528
611.875175	217.764180	42.250000	42.926047	0.105912	0.113297
625.551078	223.346824	42.500000	42.926047	0.073892	0.091073
635.198838	227.963336	42.750000	42.926047	0.050750	0.074032
641.855004	231.810524	43.000000	42.926047	0.034247	0.060944
561.894119	234.484370	43.250000	41.159506	-0.461756	0.071467
507.909139	239.832229	43.500000	41.159506	-0.357253	0.104352
469.150988	246.788460	43.750000	41.159506	-0.284804	0.121687
440.033012	254.704322	44.000000	41.159506	-0.232577	0.129304
536.007880	264.456149	44.250000	43.966419	0.694437	0.105250
622.719257	268.648906	44.500000	43.966419	0.517078	0.027091
694.929846	268.344332	44.750000	43.966419	0.372209	-0.030475
751.293494	264.881574	45.000000	43.966419	0.261593	-0.068988
783.457307	259.592804	45.250000	43.838984	0.140391	-0.087215
806.743106	253.726252	45.500000	43.838984	0.098201	-0.094245
823.499432	247.746364	45.750000	43.838984	0.069252	-0.095777
835.604773	241.931179	46.000000	43.838984	0.049542	-0.093883
964.000442	235.022811	46.250000	45.188087	0.457054	-0.155550
1054.830022	224.378353	46.500000	45.188087	0.282453	-0.207591
1114.566539	212.267055	46.750000	45.188087	0.171598	-0.231607
1152.517380	200.106206	47.000000	45.188087	0.104730	-0.237911
823.293279	191.216366	47.250000	40.779095	-1.067499	-0.065122
660.703090	191.714382	47.500000	40.779095	-0.738716	0.065764
564.163620	196.794362	47.750000	40.779095	-0.547860	0.133687
500.358314	204.537242	48.000000	40.779095	-0.425449	0.169713
572.709995	215.141797	48.250000	43.557645	0.468479	0.165389
632.967262	222.320254	48.500000	43.557645	0.341653	0.102491
680.242920	226.636345	48.750000	43.557645	0.243102	0.055735
715.687043	228.776920	49.000000	43.557645	0.170036	0.022851
684.490203	229.611839	49.250000	42.687639	-0.150530	0.024830
663.019610	231.487154	49.500000	42.687639	-0.108768	0.038411
647.785713	233.967447	49.750000	42.687639	-0.080075	0.045736
636.698027	236.775711	50.000000	42.687639	-0.060007	0.049053
684.268800	239.591940	50.250000	43.598561	0.243489	0.027451
720.044376	240.236588	50.500000	43.598561	0.170960	-0.002704
746.151102	239.422669	50.750000	43.598561	0.119038	-0.022145
764.858783	237.708110	51.000000	43.598561	0.082729	-0.033810
624.420093	235.257532	51.250000	40.824846	-0.687613	0.009206
538.511196	237.958604	51.500000	40.824846	-0.516385	0.073287
480.671448	243.585212	51.750000	40.824846	-0.404335	0.108730
439.113206	250.974689	52.000000	40.824846	-0.326599	0.127456
494.500637	261.044659	52.250000	43.184093	0.419413	0.127398
541.828219	267.627447	52.500000	43.184093	0.319096	0.076105
580.471196	271.336303	52.750000	43.184093	0.238459	0.037534
610.929743	272.857005	53.000000	43.184093	0.175988	0.009928
516.106763	271.449451	53.250000	40.487405	-0.589770	0.013744
453.104646	274.142144	53.500000	40.487405	-0.464934	0.059259
408.187277	279.262354	53.750000	40.487405	-0.378605	0.085252
374.499969	285.852659	54.000000	40.487405	-0.316123	0.099211
410.072851	295.629730	54.250000	42.633942	0.325917	0.112210
440.896110	302.463081	54.500000	42.633942	0.258565	0.073698
466.838570	306.848177	54.750000	42.633942	0.202945	0.044010
488.177607	309.307565	55.000000	42.633942	0.158097	0.021882
598.286363	310.295912	55.250000	44.331748	0.708979	-0.029001
696.142954	305.175391	55.500000	44.331748	0.516638	-0.097509
775.869835	295.927181	55.750000	44.331748	0.363762	-0.143228
836.675025	284.450911	56.000000	44.331748	0.250588	-0.169266
694.468955	273.316880	56.250000	41.602080	-0.617180	-0.100780
609.843078	269.410012	56.500000	41.602080	-0.443139	-0.024425
554.402354	269.461176	56.750000	41.602080	-0.331388	0.020291
515.688367	271.844670	57.000000	41.602080	-0.255318	0.046775
595.537158	276.238749	57.250000	43.827330	0.499425	0.030638
662.591209	276.303304	57.500000	43.827330	0.364650	-0.023506
715.623874	273.285650	57.750000	43.827330	0.260409	-0.060216
755.778216	268.347356	58.000000	43.827330	0.183554	-0.082710
647.528613	262.718984	58.250000	41.581270	-0.520870	-0.042083
579.474524	262.047500	58.500000	41.581270	-0.383015	0.014310
533.243697	264.214142	58.750000	41.581270	-0.291588	0.047314
500.098863	268.080008	59.000000	41.581270	-0.227956	0.066316
547.445242	273.680626	59.250000	43.212832	0.315692	0.060134
586.053181	276.437665	59.500000	43.212832	0.235886	0.023496
616.472141	277.078749	59.750000	43.212832	0.174200	-0.002315
639.858538	276.256433	60.000000	43.212832	0.127811	-0.019529
1007.099377	270.070907	60.250000	47.771850	1.462441	-0.223958
1331.287749	247.762700	60.500000	47.771850	0.828046	-0.440645
1545.297300	218.213226	60.750000	47.771850	0.419112	-0.554673
1663.317624	188.829397	61.000000	47.771850	0.203553	-0.591453
1800.320742	161.741226	61.250000	48.771054	0.209929	-0.640424
1865.818202	137.634852	61.500000	48.771054	0.096314	-0.645247
1897.703286	117.333393	61.750000	48.771054	0.047966	-0.630354
1914.718424	100.485040	62.000000	48.771054	0.027077	-0.610299
1828.817939	87.281472	62.250000	47.596790	-0.109465	-0.523688
1798.297976	77.072545	62.500000	47.596790	-0.038933	-0.478250
1788.198941	68.629717	62.750000	47.596790	-0.011467	-0.453032
1785.906148	61.418926	63.000000	47.596790	-0.000908	-0.436658
1826.811955	54.951428	63.250000	48.022569	0.058750	-0.452645
1845.004638	49.042761	63.500000	48.022569	0.026523	-0.455588
1853.632322	43.780296	63.750000	48.022569	0.013246	-0.452037
1858.247353	39.129759	64.000000	48.022569	0.007643	-0.446445
1952.840624	34.719873	64.250000	49.840567	0.121869	-0.505410
1990.983048	30.491502	64.500000	49.840567	0.047554	-0.528021
2006.304420	26.698323	64.750000	49.840567	0.019401	-0.532893
2012.850978	23.370742	65.000000	49.840567	0.008767	-0.531542
1828.082035	20.847247	65.250000	47.110666	-0.235703	-0.395383
1759.939360	19.051794	65.500000	47.110666	-0.095366	-0.336216
1732.880958	17.580259	65.750000	47.110666	-0.039075	-0.311220
1721.956939	16.291391	66.000000	47.110666	-0.015792	-0.299737
1722.378028	15.121310	66.250000	47.152815	0.001012	-0.297182
1722.814170	14.041943	66.500000	47.152815	0.001004	-0.295369
1723.236798	13.045264	66.750000	47.152815	0.000956	-0.293711
1723.635563	12.124139	67.000000	47.152815	0.000896	-0.292185
1564.580564	11.433826	67.250000	45.844883	-0.255920	-0.181444
1497.385235	11.015973	67.500000	45.844883	-0.118986	-0.125962
1466.775617	10.714112	67.750000	45.844883	-0.056579	-0.100490
1452.371724	10.466768	68.000000	45.844883	-0.027140	-0.088297
1709.849071	10.017722	68.250000	48.374788	0.429721	-0.264216
1834.460622	9.240820	68.500000	48.374788	0.177057	-0.363982
1887.291733	8.385239	68.750000	48.374788	0.070173	-0.405298
1908.526064	7.559377	69.000000	48.374788	0.027576	-0.420948
1848.528294	6.843345	69.250000	47.612272	-0.078534	-0.377798
1825.466809	6.245073	69.500000	47.612272	-0.031054	-0.357798
1816.433089	5.717786	69.750000	47.612272	-0.012222	-0.349378
1812.922857	5.242462	70.000000	47.612272	-0.004685	-0.345563
1753.203164	4.836150	70.250000	47.074133	-0.084674	-0.302650
1729.083759	4.497217	70.500000	47.074133	-0.035297	-0.282328
1719.107339	4.196114	70.750000	47.074133	-0.014749	-0.273602
1714.968903	3.920935	71.000000	47.074133	-0.006104	-0.269681
1637.086011	3.691572	71.250000	46.434604	-0.121237	-0.215067
1604.027453	3.512365	71.500000	46.434604	-0.053864	-0.187815
1589.478364	3.357216	71.750000	46.434604	-0.024165	-0.175675
1582.986258	3.215568	72.000000	46.434604	-0.010857	-0.170113
1696.852952	3.051219	72.250000	47.465631	0.181238	-0.248356
1748.389225	2.850058	72.500000	47.465631	0.076605	-0.289872
1770.452586	2.643946	72.750000	47.465631	0.031875	-0.307417
1779.694736	2.445762	73.000000	47.465631	0.013224	-0.314545
1557.051514	2.306574	73.250000	45.599193	-0.352540	-0.161456
1465.287882	2.239769	73.500000	45.599193	-0.165921	-0.086694
1423.299288	2.202671	73.750000	45.599193	-0.080639	-0.052519
1403.173147	2.179104	74.000000	45.599193	-0.039783	-0.036136
1352.570425	2.168950	74.250000	45.260956	-0.103767	-0.001417
1327.593766	2.174523	74.500000	45.260956	-0.053124	0.018831
1314.924464	2.188007	74.750000	45.260956	-0.027454	0.029077
1308.407502	2.205633	75.000000	45.260956	-0.014261	0.034324
1601.497732	2.172603	75.250000	47.990365	0.549896	-0.163758
1755.761304	2.047885	75.500000	47.990365	0.236863	-0.288763
1824.725955	1.889619	75.750000	47.990365	0.096688	-0.344568
1853.312417	1.727746	76.000000	47.990365	0.038606	-0.367529
1854.568111	1.575470	76.250000	47.878679	0.001725	-0.369329
1855.100113	1.436479	76.500000	47.878679	0.000754	-0.369483
1855.342460	1.309741	76.750000	47.878679	0.000364	-0.369426
1855.467378	1.194215	77.000000	47.878679	0.000204	-0.369295
1582.195594	1.116637	77.250000	45.572458	-0.415857	-0.180039
1473.240980	1.081519	77.500000	45.572458	-0.194226	-0.091327
1424.000694	1.063286	77.750000	45.572458	-0.094221	-0.051294
1400.496474	1.052647	78.000000	45.572458	-0.046519	-0.032195
1580.054806	1.029196	78.250000	47.217041	0.326751	-0.152408
1669.711380	0.980285	78.500000	47.217041	0.144755	-0.225125
1710.365432	0.922162	78.750000	47.217041	0.062151	-0.258069
1727.997703	0.862732	79.000000	47.217041	0.026331	-0.272297
1566.719325	0.817513	79.250000	45.829617	-0.258992	-0.162149
1498.618407	0.791443	79.500000	45.829617	-0.120534	-0.106721
1467.560814	0.773448	79.750000	45.829617	-0.057448	-0.081457
1452.902412	0.759171	80.000000	45.829617	-0.027682	-0.069526
1763.878116	0.726495	80.250000	49.382686	0.505341	-0.284135
1913.660642	0.664662	80.500000	49.382686	0.200805	-0.405846
1975.000522	0.596078	80.750000	49.382686	0.075859	-0.455710
1998.439721	0.530379	81.000000	49.382686	0.028106	-0.474700
1958.564736	0.000000	81.250000	51.542808	-0.048105	-0.445940
1943.875160	0.000000	81.500000	51.542808	-0.018142	-0.433955
1938.350212	0.000000	81.750000	51.542808	-0.006875	-0.429448
1936.258760	0.000000	82.000000	51.542808	-0.002610	-0.427742
1799.247548	0.000000	82.250000	47.054734	-0.182347	-0.330715
1746.676293	0.000000	82.500000	47.054734	-0.075254	-0.287878
1725.235102	0.000000	82.750000	47.054734	-0.031609	-0.270420
1716.273899	0.000000	83.000000	47.054734	-0.013374	-0.263126
1867.272347	0.000000	83.250000	48.794878	0.210462	-0.369303
1930.688054	0.000000	83.500000	48.794878	0.081293	-0.420970
1955.481779	0.000000	83.750000	48.794878	0.030747	-0.441189
1964.902182	0.000000	84.000000	48.794878	0.011535	-0.448874
1999.609879	0.000000	84.250000	49.565949	0.041706	-0.474117
2012.557346	0.000000	84.500000	49.565949	0.015290	-0.484684
2017.314694	0.000000	84.750000	49.565949	0.005582	-0.488567
2019.052959	0.000000	85.000000	49.565949	0.002035	-0.489986
2021.545244	0.000000	85.250000	50.338704	0.002913	-0.491839
2022.453160	0.000000	85.500000	50.338704	0.001060	-0.492580
2022.783551	0.000000	85.750000	50.338704	0.000385	-0.492850
2022.903734	0.000000	86.000000	50.338704	0.000140	-0.492948
1868.650075	0.000000	86.250000	47.392005	-0.193062	-0.383012
1811.744070	0.000000	86.500000	47.392005	-0.077058	-0.336610
1789.299355	0.000000	86.750000	47.392005	-0.031340	-0.318324
1780.215071	0.000000	87.000000	47.392005	-0.012843	-0.310924
1818.088440	0.000000	87.250000	52.198039	0.052763	-0.337216
1833.603322	0.000000	87.500000	52.198039	0.021168	-0.349854
1839.847812	0.000000	87.750000	52.198039	0.008448	-0.354942
1842.343232	0.000000	88.000000	52.198039	0.003365	-0.356976
1911.480013	0.000000	88.250000	48.644577	0.090197	-0.406237
1938.845398	0.000000	88.500000	48.644577	0.034419	-0.428548
1949.341779	0.000000	88.750000	48.644577	0.013017	-0.437109
1953.319088	0.000000	89.000000	48.644577	0.004906	-0.440353
1999.663756	0.000000	89.250000	50.108452	0.055905	-0.473729
2017.032496	0.000000	89.500000	50.108452	0.020470	-0.487903
2023.411081	0.000000	89.750000	50.108452	0.007453	-0.493110
2025.736082	0.000000	90.000000	50.108452	0.002708	-0.495008
2000.760116	0.000000	90.250000	48.977445	-0.029398	-0.477149
1991.664655	0.000000	90.500000	48.977445	-0.010838	-0.469725
1988.316663	0.000000	90.750000	48.977445	-0.004008	-0.466993
1987.079427	0.000000	91.000000	48.977445	-0.001483	-0.465983
1840.530456	0.000000	91.250000	47.253577	-0.188051	-0.361787
1785.585615	0.000000	91.500000	47.253577	-0.076076	-0.316997
1763.618788	0.000000	91.750000	47.253577	-0.031344	-0.299104
1754.612485	0.000000	92.000000	47.253577	-0.013010	-0.291770
1914.256708	0.000000	92.250000	50.448122	0.214671	-0.404560
1979.881777	0.000000	92.500000	50.448122	0.080939	-0.458053
2004.921265	0.000000	92.750000	50.448122	0.029867	-0.478482
2014.201256	0.000000	93.000000	50.448122	0.010932	-0.486056
2009.270768	0.000000	93.250000	49.269757	-0.005803	-0.482845
2007.468805	0.000000	93.500000	49.269757	-0.002126	-0.481375
2006.808836	0.000000	93.750000	49.269757	-0.000779	-0.480836
2006.566935	0.000000	94.000000	49.269757	-0.000286	-0.480638
2006.844973	0.000000	94.250000	49.279895	0.000328	-0.480829
2006.946920	0.000000	94.500000	49.279895	0.000120	-0.480913
2006.984295	0.000000	94.750000	49.279895	0.000044	-0.480943
2006.997997	0.000000	95.000000	49.279895	0.000016	-0.480954
1916.648231	0.000000	95.250000	47.918196	-0.111177	-0.416395
1883.234022	0.000000	95.500000	47.918196	-0.043040	-0.389140
1870.382164	0.000000	95.750000	47.918196	-0.016846	-0.378662
1865.364839	0.000000	96.000000	47.918196	-0.006621	-0.374572
1955.361497	0.000000	96.250000	49.360622	0.114152	-0.438563
1990.490624	0.000000	96.500000	49.360622	0.042522	-0.467215
2003.658284	0.000000	96.750000	49.360622	0.015660	-0.477960
2008.518649	0.000000	97.000000	49.360622	0.005742	-0.481927
1900.174968	0.000000	97.250000	47.741827	-0.134267	-0.404758
1860.075020	0.000000	97.500000	47.741827	-0.052507	-0.372054
1844.518272	0.000000	97.750000	47.741827	-0.020806	-0.359374
1838.373472	0.000000	98.000000	47.741827	-0.008287	-0.354366
1954.264522	0.000000	98.250000	49.891664	0.148471	-0.436703
2000.023886	0.000000	98.500000	49.891664	0.055173	-0.474022
2017.166100	0.000000	98.750000	49.891664	0.020199	-0.488012
2023.460512	0.000000	99.000000	49.891664	0.007354	-0.493150
2021.167650	0.000000	99.250000	49.560354	-0.002676	-0.491724
2020.333776	0.000000	99.500000	49.560354	-0.000974	-0.491043
2020.030213	0.000000	99.750000	49.560354	-0.000355	-0.490795
2019.919664	0.000000	100.000000	49.560354	-0.000129	-0.490705
1357.739297	0.000000	100.250000	56.721049	-1.072889	-0.045868
1115.980698	0.000000	100.500000	56.721049	-0.581326	0.150757
998.492705	0.000000	100.750000	56.721049	-0.343303	0.245967
933.546217	0.000000	101.000000	56.721049	-0.211967	0.298501
1003.987939	0.000000	101.250000	55.496102	0.227638	0.269687
1049.288887	0.000000	101.500000	55.496102	0.136184	0.233106
1077.095697	0.000000	101.750000	55.496102	0.080007	0.210635
1093.678730	0.000000	102.000000	55.496102	0.046489	0.197228
1196.747982	0.000000	102.250000	54.627510	0.268646	0.131253
1257.720162	0.000000	102.500000	54.627510	0.145324	0.081924
1291.569897	0.000000	102.750000	54.627510	0.076794	0.054512
1309.702166	0.000000	103.000000	54.627510	0.040065	0.039821
1324.565964	0.000000	103.250000	54.582208	0.032294	0.028626
1332.301202	0.000000	103.500000	54.582208	0.016619	0.022356
1336.293435	0.000000	103.750000	54.582208	0.008528	0.019119
1338.345048	0.000000	104.000000	54.582208	0.004369	0.017456
941.481993	0.000000	104.250000	58.969153	-1.079769	0.229815
758.054068	0.000000	104.500000	58.969153	-0.708125	0.378473
654.069264	0.000000	104.750000	58.969153	-0.498049	0.462503
588.226647	0.000000	105.000000	58.969153	-0.365257	0.515620
647.699231	0.000000	105.250000	56.797231	0.330022	0.527057
694.493610	0.000000	105.500000	56.797231	0.235937	0.489423
729.623132	0.000000	105.750000	56.797231	0.165246	0.461147
755.076682	0.000000	106.000000	56.797231	0.113996	0.440647
895.556075	0.000000	106.250000	55.280545	0.552624	0.361546
999.145810	0.000000	106.500000	55.280545	0.343941	0.278072
1067.988326	0.000000	106.750000	55.280545	0.205016	0.222502
1110.632992	0.000000	107.000000	55.280545	0.118862	0.188041
1079.573688	0.000000	107.250000	55.825240	-0.086286	0.201460
1061.891237	0.000000	107.500000	55.825240	-0.050528	0.215763
1051.634803	0.000000	107.750000	55.825240	-0.029793	0.224057
1045.621238	0.000000	108.000000	55.825240	-0.017637	0.228920
933.049686	0.000000	108.250000	57.053834	-0.357702	0.290535
868.941749	0.000000	108.500000	57.053834	-0.228137	0.342361
829.868184	0.000000	108.750000	57.053834	-0.149248	0.373916
805.060414	0.000000	109.000000	57.053834	-0.099195	0.393938
873.901263	0.000000	109.250000	55.956204	0.265542	0.364618
921.566180	0.000000	109.500000	55.956204	0.169457	0.326185
953.006497	0.000000	109.750000	55.956204	0.106028	0.300813
973.086624	0.000000	110.000000	55.956204	0.065497	0.284600
975.191611	0.000000	110.250000	56.069665	0.006774	0.280328
976.486629	0.000000	110.500000	56.069665	0.004158	0.279282
977.282270	0.000000	110.750000	56.069665	0.002551	0.278639
977.770697	0.000000	111.000000	56.069665	0.001565	0.278245
961.861979	0.000000	111.250000	56.249093	-0.051525	0.286953
952.161708	0.000000	111.500000	56.249093	-0.031933	0.294789
946.186913	0.000000	111.750000	56.249093	-0.019868	0.299615
942.483849	0.000000	112.000000	56.249093	-0.012391	0.302606
958.092202	0.000000	112.250000	56.047774	0.051776	0.294638
967.893777	0.000000	112.500000	56.047774	0.031987	0.286722
973.986713	0.000000	112.750000	56.047774	0.019684	0.281801
977.750387	0.000000	113.000000	56.047774	0.012083	0.278761
850.494098	0.000000	113.250000	57.674749	-0.446818	0.340920
776.684205	0.000000	113.500000	57.674749	-0.297715	0.400561
730.400995	0.000000	113.750000	57.674749	-0.204331	0.437915
699.945741	0.000000	114.000000	57.674749	-0.142930	0.462475
716.166521	0.000000	114.250000	57.061031	0.076861	0.465418
727.732435	0.000000	114.500000	57.061031	0.053569	0.456101
735.882770	0.000000	114.750000	57.061031	0.037153	0.449534
741.578663	0.000000	115.000000	57.061031	0.025678	0.444945
712.191043	0.000000	115.250000	57.592767	-0.135284	0.454801
692.318795	0.000000	115.500000	57.592767	-0.095237	0.470820
678.603649	0.000000	115.750000	57.592767	-0.067606	0.481872
669.003970	0.000000	116.000000	57.592767	-0.048272	0.489606
847.404657	0.000000	116.250000	55.021061	0.777966	0.405398
989.896834	0.000000	116.500000	55.021061	0.491262	0.290717
1088.717717	0.000000	116.750000	55.021061	0.291946	0.210991
1150.728154	0.000000	117.000000	55.021061	0.166673	0.160881
1165.208239	0.000000	117.250000	55.222455	0.037332	0.145095
1173.377978	0.000000	117.500000	55.222455	0.020803	0.138484
1177.947835	0.000000	117.750000	55.222455	0.011556	0.134785
1180.491732	0.000000	118.000000	55.222455	0.006408	0.132726
1041.681306	0.000000	118.250000	56.611505	-0.381096	0.213701
967.426159	0.000000	118.500000	56.611505	-0.230857	0.273797
924.412434	0.000000	118.750000	56.611505	-0.143930	0.308568
898.340117	0.000000	119.000000	56.611505	-0.091277	0.329629
912.561343	0.000000	119.250000	56.244666	0.050093	0.326868
921.692648	0.000000	119.500000	56.244666	0.031666	0.319497
927.500767	0.000000	119.750000	56.244666	0.019943	0.314808
931.173000	0.000000	120.000000	56.244666	0.012531	0.311843
988.909516	0.000000	120.250000	44.362968	0.188786	0.278852
1025.935426	0.000000	120.500000	44.362968	0.114041	0.248954
1048.791618	0.000000	120.750000	44.362968	0.067872	0.230487
1062.570280	0.000000	121.000000	44.362968	0.040030	0.219350
1301.194650	0.000000	121.250000	46.506504	0.594921	0.065801
1447.652158	0.000000	121.500000	46.506504	0.298615	-0.052722
1524.977735	0.000000	121.750000	46.506504	0.141820	-0.115439
1562.578002	0.000000	122.000000	46.506504	0.065490	-0.145972
1314.357119	0.000000	122.250000	44.330012	-0.486310	0.014560
1202.707386	0.000000	122.500000	44.330012	-0.259760	0.105180
1145.826761	0.000000	122.750000	44.330012	-0.144539	0.151269
1115.010190	0.000000	123.000000	44.330012	-0.082169	0.176217
1384.435080	0.000000	123.250000	46.965287	0.623257	0.004903
1544.616846	0.000000	123.500000	46.965287	0.298916	-0.124834
1625.324358	0.000000	123.750000	46.965287	0.135100	-0.190360
1662.607838	0.000000	124.000000	46.965287	0.059334	-0.220667
1297.653487	0.000000	124.250000	43.831205	-0.693952	0.016652
1142.143160	0.000000	124.500000	43.831205	-0.378269	0.142925
1063.116890	0.000000	124.750000	43.831205	-0.218226	0.206943
1019.367529	0.000000	125.000000	43.831205	-0.129734	0.242339
1433.667720	0.000000	125.250000	48.318891	0.982837	-0.020870
1698.187499	0.000000	125.500000	48.318891	0.447365	-0.235058
1827.408614	0.000000	125.750000	48.318891	0.184742	-0.340108
1882.302690	0.000000	126.000000	48.318891	0.072971	-0.384816
1519.905645	0.000000	126.250000	45.015636	-0.564087	-0.137988
1377.400080	0.000000	126.500000	45.015636	-0.274310	-0.022077
1311.330159	0.000000	126.750000	45.015636	-0.140243	0.031550
1278.378324	0.000000	127.000000	45.015636	-0.073445	0.058269
1387.551727	0.000000	127.250000	46.096480	0.232426	-0.010468
1445.812835	0.000000	127.500000	46.096480	0.114343	-0.057701
1475.036971	0.000000	127.750000	46.096480	0.055060	-0.081414
1489.240744	0.000000	128.000000	46.096480	0.026234	-0.092945
1510.698845	0.000000	128.250000	46.216983	0.038959	-0.108388
1520.896859	0.000000	128.500000	46.216983	0.018254	-0.116670
1525.689703	0.000000	128.750000	46.216983	0.008522	-0.120563
1527.930418	0.000000	129.000000	46.216983	0.003972	-0.122383
1455.532779	0.000000	129.250000	45.621949	-0.133166	-0.073860
1421.906696	0.000000	129.500000	45.621949	-0.064905	-0.046556
1405.698643	0.000000	129.750000	45.621949	-0.032019	-0.033402
1397.746712	0.000000	130.000000	45.621949	-0.015889	-0.026950
1576.376256	0.000000	130.250000	47.193893	0.326052	-0.147646
1665.700334	0.000000	130.500000	47.193893	0.144698	-0.220188
1706.270176	0.000000	130.750000	47.193893	0.062221	-0.253178
1723.888413	0.000000	131.000000	47.193893	0.026383	-0.267514
1372.306655	0.000000	131.250000	44.284145	-0.626614	-0.033585
1225.440460	0.000000	131.500000	44.284145	-0.328330	0.085728
1152.932295	0.000000	131.750000	44.284145	-0.181392	0.144504
1114.191632	0.000000	132.000000	44.284145	-0.102971	0.175872
1343.934980	0.000000	132.250000	46.586134	0.543792	0.032416
1480.245934	0.000000	132.500000	46.586134	0.267854	-0.077959
1550.477405	0.000000	132.750000	46.586134	0.125387	-0.134946
1584.041763	0.000000	133.000000	46.586134	0.057229	-0.162209
1509.803635	0.000000	133.250000	45.856364	-0.129740	-0.113753
1476.226857	0.000000	133.500000	45.856364	-0.061544	-0.086474
1460.463999	0.000000	133.750000	45.856364	-0.029545	-0.073674
1452.934718	0.000000	134.000000	45.856364	-0.014264	-0.067562
1427.995682	0.000000	134.250000	45.681909	-0.048033	-0.050412
1415.952587	0.000000	134.500000	45.681909	-0.023597	-0.040638
1410.060019	0.000000	134.750000	45.681909	-0.011643	-0.035856
1407.158304	0.000000	135.000000	45.681909	-0.005757	-0.033502
1543.843955	0.000000	135.250000	46.850187	0.252637	-0.125772
1611.834610	0.000000	135.500000	46.850187	0.114620	-0.180978
1643.261490	0.000000	135.750000	46.850187	0.050761	-0.206522
1657.293796	0.000000	136.000000	46.850187	0.022235	-0.217932
1448.119790	0.000000	136.250000	45.118135	-0.366969	-0.077488
1357.218007	0.000000	136.500000	45.118135	-0.182344	-0.003638
1313.465674	0.000000	136.750000	45.118135	-0.093602	0.031859
1291.374520	0.000000	137.000000	45.118135	-0.048824	0.049770
1449.985230	0.000000	137.250000	46.575462	0.324473	-0.053587
1534.239241	0.000000	137.500000	46.575462	0.153636	-0.121922
1575.162437	0.000000	137.750000	46.575462	0.070554	-0.155155
1594.174512	0.000000	138.000000	46.575462	0.031933	-0.170603
1440.841870	0.000000	138.250000	45.269893	-0.276772	-0.068574
1372.098742	0.000000	138.500000	45.269893	-0.137194	-0.012743
1338.826472	0.000000	138.750000	45.269893	-0.069707	0.014252
1322.126519	0.000000	139.000000	45.269893	-0.035851	0.027794
1329.540150	0.000000	139.250000	45.405127	0.015971	0.024356
1333.370971	0.000000	139.500000	45.405127	0.008207	0.021251
1335.342331	0.000000	139.750000	45.405127	0.004211	0.019652
1336.354656	0.000000	140.000000	45.405127	0.002159	0.018832
836.496305	0.000000	140.250000	37.992984	-1.468237	0.212601
617.663152	0.000000	140.500000	37.992984	-1.024621	0.390047
495.005348	0.000000	140.750000	37.992984	-0.776823	0.489166
416.637481	0.000000	141.000000	37.992984	-0.618821	0.552367
350.481539	0.000000	141.250000	36.026181	-0.631697	0.530637
303.191776	0.000000	141.500000	36.026181	-0.536530	0.568703
267.709969	0.000000	141.750000	36.026181	-0.465185	0.597241
240.108337	0.000000	142.000000	36.026181	-0.409721	0.619427
215.606263	0.000000	142.250000	34.475273	-0.407826	0.576191
195.751442	0.000000	142.500000	34.475273	-0.367957	0.592139
179.336524	0.000000	142.750000	34.475273	-0.335008	0.605318
165.539050	0.000000	143.000000	34.475273	-0.307321	0.616393
158.179440	0.000000	143.250000	37.188446	-0.174980	0.730238
151.671001	0.000000	143.500000	37.188446	-0.161932	0.735457
145.877577	0.000000	143.750000	37.188446	-0.150319	0.740103
140.690559	0.000000	144.000000	37.188446	-0.139923	0.744261
135.169259	0.000000	144.250000	36.827846	-0.154929	0.734943
130.205039	0.000000	144.500000	36.827846	-0.144980	0.738923
125.719422	0.000000	144.750000	36.827846	-0.135991	0.742519
121.647998	0.000000	145.000000	36.827846	-0.127832	0.745782
117.249410	0.000000	145.250000	36.429181	-0.143153	0.733873
113.247200	0.000000	145.500000	36.429181	-0.135134	0.737081
109.591016	0.000000	145.750000	36.429181	-0.127808	0.740011
106.238681	0.000000	146.000000	36.429181	-0.121092	0.742698
106.368572	0.000000	146.250000	37.997195	0.004764	0.801768
106.491883	0.000000	146.500000	37.997195	0.004517	0.801669
106.608931	0.000000	146.750000	37.997195	0.004283	0.801576
106.720023	0.000000	147.000000	37.997195	0.004060	0.801487
107.422489	0.000000	147.250000	38.196063	0.025574	0.808116
108.092490	0.000000	147.500000	38.196063	0.024232	0.807580
108.731097	0.000000	147.750000	38.196063	0.022954	0.807068
109.339392	0.000000	148.000000	38.196063	0.021736	0.806581
106.221677	0.000000	148.250000	36.575040	-0.112759	0.748386
103.347435	0.000000	148.500000	36.575040	-0.107001	0.750689
100.690013	0.000000	148.750000	36.575040	-0.101678	0.752818
98.226508	0.000000	149.000000	36.575040	-0.096744	0.754792
97.288058	0.000000	149.250000	37.377617	-0.037507	0.786162
96.402507	0.000000	149.500000	37.377617	-0.035734	0.786871
95.566133	0.000000	149.750000	37.377617	-0.034059	0.787541
94.775544	0.000000	150.000000	37.377617	-0.032476	0.788174
92.759830	0.000000	150.250000	36.604015	-0.084076	0.760295
90.875502	0.000000	150.500000	36.604015	-0.080302	0.761804
89.110667	0.000000	150.750000	36.604015	-0.076768	0.763218
87.454828	0.000000	151.000000	36.604015	-0.073452	0.764544
85.051828	0.000000	151.250000	35.777989	-0.109165	0.733964
82.810885	0.000000	151.500000	35.777989	-0.104677	0.735760
80.716375	0.000000	151.750000	35.777989	-0.100482	0.737438
78.754621	0.000000	152.000000	35.777989	-0.096553	0.739009
78.911436	0.000000	152.250000	37.475545	0.007807	0.804539
79.062478	0.000000	152.500000	37.475545	0.007505	0.804418
79.207939	0.000000	152.750000	37.475545	0.007214	0.804302
79.348003	0.000000	153.000000	37.475545	0.006933	0.804190
78.648176	0.000000	153.250000	36.929894	-0.034769	0.784140
77.981157	0.000000	153.500000	36.929894	-0.033433	0.784674
77.344984	0.000000	153.750000	36.929894	-0.032160	0.785184
76.737843	0.000000	154.000000	36.929894	-0.030944	0.785670
75.818308	0.000000	154.250000	36.650505	-0.047345	0.775664
74.943394	0.000000	154.500000	36.650505	-0.045593	0.776364
74.110208	0.000000	154.750000	36.650505	-0.043925	0.777031
73.316098	0.000000	155.000000	36.650505	-0.042336	0.777667
75.092574	0.000000	155.250000	38.227494	0.094064	0.835126
76.844277	0.000000	155.500000	38.227494	0.090559	0.833724
78.568528	0.000000	155.750000	38.227494	0.087110	0.832344
80.262835	0.000000	156.000000	38.227494	0.083720	0.830988
79.043792	0.000000	156.250000	36.545490	-0.060058	0.769011
77.889449	0.000000	156.500000	36.545490	-0.057747	0.769935
76.795110	0.000000	156.750000	36.545490	-0.055556	0.770812
75.756518	0.000000	157.000000	36.545490	-0.053477	0.771643
74.288459	0.000000	157.250000	36.032323	-0.076879	0.752697
72.900855	0.000000	157.500000	36.032323	-0.074100	0.753808
71.587475	0.000000	157.750000	36.032323	-0.071471	0.754860
70.342713	0.000000	158.000000	36.032323	-0.068978	0.755857
69.106594	0.000000	158.250000	35.959095	-0.069739	0.753945
67.933096	0.000000	158.500000	35.959095	-0.067390	0.754885
66.817735	0.000000	158.750000	35.959095	-0.065157	0.755778
65.756449	0.000000	159.000000	35.959095	-0.063032	0.756628
63.992885	0.000000	159.250000	34.293513	-0.107066	0.690266
62.329967	0.000000	159.500000	34.293513	-0.103736	0.691598
60.759338	0.000000	159.750000	34.293513	-0.100591	0.692855
59.273544	0.000000	160.000000	34.293513	-0.097617	0.694045
114.007372	0.000000	160.250000	54.369093	2.559019	1.001427
211.271246	0.000000	160.500000	54.369093	2.366559	0.924443
367.644794	0.000000	160.750000	54.369093	2.056354	0.800362
582.648361	0.000000	161.000000	54.369093	1.628261	0.629124
689.955055	0.000000	161.250000	56.081589	0.575488	0.509821
777.913139	0.000000	161.500000	56.081589	0.398707	0.439109
843.968085	0.000000	161.750000	56.081589	0.265742	0.385923
890.385019	0.000000	162.000000	56.081589	0.172202	0.348507
1035.315940	0.000000	162.250000	54.877009	0.471148	0.256889
1133.134354	0.000000	162.500000	54.877009	0.273747	0.177929
1192.908133	0.000000	162.750000	54.877009	0.152930	0.129602
1227.241414	0.000000	163.000000	54.877009	0.083468	0.101817
1048.776022	0.000000	163.250000	56.790836	-0.476410	0.203502
956.176542	0.000000	163.500000	56.790836	-0.288987	0.278472
903.076277	0.000000	163.750000	56.790836	-0.181668	0.321399
870.868722	0.000000	164.000000	56.790836	-0.116631	0.347414
951.205816	0.000000	164.250000	55.605738	0.280187	0.309945
1004.961974	0.000000	164.500000	55.605738	0.171740	0.266566
1039.009731	0.000000	164.750000	55.605738	0.102993	0.239067
1059.830192	0.000000	165.000000	55.605738	0.060930	0.222242
1109.996805	0.000000	165.250000	55.239487	0.140515	0.189400
1139.914645	0.000000	165.500000	55.239487	0.080035	0.165208
1157.208813	0.000000	165.750000	55.239487	0.045059	0.151218
1167.026004	0.000000	166.000000	55.239487	0.025198	0.143274
1335.530418	0.000000	166.250000	53.791660	0.389928	0.033464
1431.833872	0.000000	166.500000	53.791660	0.194923	-0.044538
1481.600436	0.000000	166.750000	53.791660	0.094002	-0.084906
1505.983240	0.000000	167.000000	53.791660	0.044520	-0.104699
1445.406342	0.000000	167.250000	54.378947	-0.113042	-0.065652
1416.956837	0.000000	167.500000	54.378947	-0.055298	-0.042555
1403.171207	0.000000	167.750000	54.378947	-0.027330	-0.031367
1396.389985	0.000000	168.000000	54.378947	-0.013575	-0.025865
1276.343775	0.000000	168.250000	55.363444	-0.257768	0.052098
1217.424042	0.000000	168.500000	55.363444	-0.138332	0.099872
1186.587197	0.000000	168.750000	55.363444	-0.075879	0.124853
1169.904903	0.000000	169.000000	55.363444	-0.042109	0.138361
1065.436262	0.000000	169.250000	56.297917	-0.283945	0.202031
1008.714572	0.000000	169.500000	56.297917	-0.169190	0.247933
975.994478	0.000000	169.750000	56.297917	-0.103052	0.274388
956.457498	0.000000	170.000000	56.297917	-0.063582	0.290176
1002.904626	0.000000	170.250000	55.662366	0.148125	0.267007
1032.169325	0.000000	170.500000	55.662366	0.089033	0.243370
1050.058817	0.000000	170.750000	55.662366	0.052892	0.228913
1060.793215	0.000000	171.000000	55.662366	0.031200	0.220236
1322.635968	0.000000	171.250000	53.278969	0.645508	0.051553
1483.860210	0.000000	171.500000	53.278969	0.319291	-0.078934
1567.992256	0.000000	171.750000	53.278969	0.148639	-0.147195
1608.126606	0.000000	172.000000	53.278969	0.067129	-0.179799
1524.881822	0.000000	172.250000	54.107400	-0.142980	-0.125374
1487.667705	0.000000	172.500000	54.107400	-0.067383	-0.095135
1470.327644	0.000000	172.750000	54.107400	-0.032177	-0.081053
1462.092249	0.000000	173.000000	54.107400	-0.015461	-0.074366
1181.704800	0.000000	173.250000	56.510342	-0.618588	0.102630
1051.570871	0.000000	173.500000	56.510342	-0.354756	0.208162
981.800206	0.000000	173.750000	56.510342	-0.213589	0.264630
941.489714	0.000000	174.000000	56.510342	-0.132118	0.297218
952.059662	0.000000	174.250000	56.107881	0.035233	0.298137
958.688057	0.000000	174.500000	56.107881	0.021850	0.292784
962.816263	0.000000	174.750000	56.107881	0.013515	0.289450
965.376349	0.000000	175.000000	56.107881	0.008346	0.287382
1217.992078	0.000000	175.250000	53.635904	0.698850	0.130862
1383.708287	0.000000	175.500000	53.635904	0.363969	-0.003090
1475.593127	0.000000	175.750000	53.635904	0.177805	-0.077556
1521.844686	0.000000	176.000000	53.635904	0.083967	-0.115091
1603.866352	0.000000	176.250000	53.127724	0.140079	-0.174198
1642.214641	0.000000	176.500000	53.127724	0.062167	-0.205363
1659.405124	0.000000	176.750000	53.127724	0.027222	-0.219341
1666.965486	0.000000	177.000000	53.127724	0.011849	-0.225490
1537.959226	0.000000	177.250000	54.202074	-0.215133	-0.137677
1481.913243	0.000000	177.500000	54.202074	-0.101246	-0.092122
1455.983767	0.000000	177.750000	54.202074	-0.048600	-0.071063
1443.639446	0.000000	178.000000	54.202074	-0.023546	-0.061042
1399.399611	0.000000	178.250000	54.516061	-0.086879	-0.030833
1377.969705	0.000000	178.500000	54.516061	-0.043405	-0.013444
1367.343407	0.000000	178.750000	54.516061	-0.021855	-0.004824
1362.013134	0.000000	179.000000	54.516061	-0.011048	-0.000501
1373.680759	0.000000	179.250000	54.396127	0.024085	-0.007757
1379.592040	0.000000	179.500000	54.396127	0.012099	-0.012552
1382.567896	0.000000	179.750000	54.396127	0.006065	-0.014965
1384.061193	0.000000	180.000000	54.396127	0.003037	-0.016176
1246.351218	0.000000	180.250000	55.576982	-0.302521	0.071828
1178.591687	0.000000	180.500000	55.576982	-0.165188	0.126761
1142.694773	0.000000	180.750000	55.576982	-0.092509	0.155833
1122.932169	0.000000	181.000000	55.576982	-0.052519	0.171829
1248.888486	0.000000	181.250000	54.320945	0.313380	0.094657
1322.414043	0.000000	181.500000	54.320945	0.164604	0.035147
1362.165117	0.000000	181.750000	54.320945	0.084078	0.002936
1382.768346	0.000000	182.000000	54.320945	0.042315	-0.013769
994.205603	0.000000	182.250000	58.385780	-0.999412	0.204422
815.654465	0.000000	182.500000	58.385780	-0.637586	0.349152
715.546436	0.000000	182.750000	58.385780	-0.435289	0.430071
653.102703	0.000000	183.000000	58.385780	-0.309310	0.480463
680.339300	0.000000	183.250000	57.085528	0.138458	0.493646
700.424107	0.000000	183.500000	57.085528	0.098034	0.477476
714.936698	0.000000	183.750000	57.085528	0.068815	0.465789
725.269510	0.000000	184.000000	57.085528	0.048006	0.457465
693.312930	0.000000	184.250000	57.730948	-0.151459	0.466305
671.588714	0.000000	184.500000	57.730948	-0.107685	0.483815
656.487186	0.000000	184.750000	57.730948	-0.077267	0.495982
645.825823	0.000000	185.000000	57.730948	-0.055797	0.504570
771.748476	0.000000	185.250000	55.700881	0.594868	0.452406
871.412391	0.000000	185.500000	55.700881	0.394392	0.372216
942.832848	0.000000	185.750000	55.700881	0.250482	0.314652
990.449284	0.000000	186.000000	55.700881	0.154421	0.276228
779.244075	0.000000	186.250000	59.060065	-0.777891	0.358561
663.089693	0.000000	186.500000	59.060065	-0.543127	0.452466
590.752953	0.000000	186.750000	59.060065	-0.397201	0.510837
542.167005	0.000000	187.000000	59.060065	-0.299307	0.549995
671.162609	0.000000	187.250000	55.835162	0.731577	0.530313
782.095661	0.000000	187.500000	55.835162	0.508785	0.441196
867.583370	0.000000	187.750000	55.835162	0.336758	0.372385
928.058739	0.000000	188.000000	55.835162	0.214884	0.323636
963.757948	0.000000	188.250000	55.884400	0.119006	0.293739
986.514809	0.000000	188.500000	55.884400	0.073068	0.275364
1000.684723	0.000000	188.750000	55.884400	0.044454	0.263918
1009.379202	0.000000	189.000000	55.884400	0.026893	0.256893
1115.654717	0.000000	189.250000	54.884842	0.305165	0.191898
1181.702810	0.000000	189.500000	54.884842	0.171701	0.138513
1220.045233	0.000000	189.750000	54.884842	0.094142	0.107489
1241.428104	0.000000	190.000000	54.884842	0.050862	0.090177
1260.488511	0.000000	190.250000	54.820176	0.044371	0.076003
1270.764101	0.000000	190.500000	54.820176	0.023561	0.067679
1276.243498	0.000000	190.750000	54.820176	0.012463	0.063240
1279.148322	0.000000	191.000000	54.820176	0.006579	0.060886
989.643955	0.000000	191.250000	57.816970	-0.783680	0.224320
847.641633	0.000000	191.500000	57.816970	-0.496135	0.339338
766.257428	0.000000	191.750000	57.816970	-0.331708	0.405109
715.414065	0.000000	192.000000	57.816970	-0.229122	0.446143
732.949549	0.000000	192.250000	56.973609	0.080903	0.454097
745.361774	0.000000	192.500000	56.973609	0.055903	0.444097
754.037196	0.000000	192.750000	56.973609	0.038425	0.437106
760.047361	0.000000	193.000000	56.973609	0.026316	0.432262
719.757139	0.000000	193.250000	57.671820	-0.181720	0.446579
692.943725	0.000000	193.500000	57.671820	-0.127671	0.468198
674.599174	0.000000	193.750000	57.671820	-0.090710	0.482983
661.810142	0.000000	194.000000	57.671820	-0.064951	0.493287
686.378389	0.000000	194.250000	57.092526	0.123306	0.488608
704.371280	0.000000	194.500000	57.092526	0.087088	0.474121
717.310350	0.000000	194.750000	57.092526	0.061035	0.463700
726.493501	0.000000	195.000000	57.092526	0.042541	0.456302
746.077610	0.000000	195.250000	56.895622	0.088588	0.445466
759.877000	0.000000	195.500000	56.895622	0.060791	0.434347
769.464579	0.000000	195.750000	56.895622	0.041473	0.426620
776.060965	0.000000	196.000000	56.895622	0.028181	0.421303
854.004236	0.000000	196.250000	55.943843	0.311576	0.380926
909.152700	0.000000	196.500000	55.943843	0.200445	0.336474
946.050594	0.000000	196.750000	55.943843	0.126022	0.306705
969.822881	0.000000	197.000000	55.943843	0.078045	0.287514
979.344965	0.000000	197.250000	56.002436	0.030613	0.278502
985.228293	0.000000	197.500000	56.002436	0.018732	0.273750
988.841230	0.000000	197.750000	56.002436	0.011435	0.270831
991.051607	0.000000	198.000000	56.002436	0.006970	0.269045
845.336987	0.000000	198.250000	57.864483	-0.509569	0.339891
762.030974	0.000000	198.500000	57.864483	-0.341255	0.407217
710.006726	0.000000	198.750000	57.864483	-0.236286	0.449204
675.707164	0.000000	199.000000	57.864483	-0.167141	0.476863
683.721777	0.000000	199.250000	57.302936	0.039860	0.485364
689.474531	0.000000	199.500000	57.302936	0.028277	0.480731
693.579654	0.000000	199.750000	57.302936	0.020011	0.477424
696.496816	0.000000	200.000000	57.302936	0.014136	0.475074
1093.727854	0.000000	200.250000	52.475572	1.423081	0.245733
1424.423940	0.000000	200.500000	52.475572	0.756949	-0.020719
1624.347763	0.000000	200.750000	52.475572	0.352084	-0.182666
1722.776034	0.000000	201.000000	52.475572	0.152157	-0.262636
1711.498507	0.000000	201.250000	52.977931	-0.016885	-0.259675
1706.730850	0.000000	201.500000	52.977931	-0.007185	-0.255795
1704.704415	0.000000	201.750000	52.977931	-0.003062	-0.254146
1703.841135	0.000000	202.000000	52.977931	-0.001306	-0.253443
1526.758465	0.000000	202.250000	54.408701	-0.292903	-0.132323
1451.203465	0.000000	202.500000	54.408701	-0.139360	-0.070906
1416.098047	0.000000	202.750000	54.408701	-0.068099	-0.042401
1399.143120	0.000000	203.000000	54.408701	-0.033699	-0.028641
1264.662730	0.000000	203.250000	55.477094	-0.290359	0.059141
1198.884095	0.000000	203.500000	55.477094	-0.157022	0.112476
1164.314731	0.000000	203.750000	55.477094	-0.087019	0.140477
1145.460658	0.000000	204.000000	55.477094	-0.048860	0.155741
1153.614491	0.000000	204.250000	55.302164	0.021230	0.152828
1158.221197	0.000000	204.500000	55.302164	0.011910	0.149101
1160.811249	0.000000	204.750000	55.302164	0.006670	0.147004
1162.263491	0.000000	205.000000	55.302164	0.003731	0.145829
1063.980166	0.000000	205.250000	56.271225	-0.268436	0.203841
1010.346007	0.000000	205.500000	56.271225	-0.159934	0.247242
979.354411	0.000000	205.750000	56.271225	-0.097291	0.272299
960.852081	0.000000	206.000000	56.271225	-0.059910	0.287251
1105.734451	0.000000	206.250000	54.671578	0.430723	0.203957
1199.256143	0.000000	206.500000	54.671578	0.241829	0.128400
1254.114145	0.000000	206.750000	54.671578	0.130862	0.084013
1284.502298	0.000000	207.000000	54.671578	0.069340	0.059404
1452.004327	0.000000	207.250000	53.372146	0.343397	-0.054456
1541.364700	0.000000	207.500000	53.372146	0.162211	-0.126931
1584.724289	0.000000	207.750000	53.372146	0.074177	-0.162144
1604.794576	0.000000	208.000000	53.372146	0.033403	-0.178454
1293.055057	0.000000	208.250000	56.008551	-0.607835	0.024160
1156.338878	0.000000	208.500000	56.008551	-0.330383	0.135140
1086.424754	0.000000	208.750000	56.008551	-0.188795	0.191776
1047.863866	0.000000	209.000000	56.008551	-0.110787	0.222979
1200.419684	0.000000	209.250000	54.330267	0.406807	0.133675
1293.898751	0.000000	209.500000	54.330267	0.217798	0.058071
1345.908774	0.000000	209.750000	54.330267	0.112483	0.015945
1373.301986	0.000000	210.000000	54.330267	0.056970	-0.006260
1505.234627	0.000000	210.250000	53.333140	0.252522	-0.097044
1572.099955	0.000000	210.500000	53.333140	0.116843	-0.151316
1603.638220	0.000000	210.750000	53.333140	0.052784	-0.176939
1618.008761	0.000000	211.000000	53.333140	0.023582	-0.188620
1682.968510	0.000000	211.250000	52.823903	0.102640	-0.234452
1711.856735	0.000000	211.500000	52.823903	0.043896	-0.257950
1724.297499	0.000000	211.750000	52.823903	0.018587	-0.268073
1729.580862	0.000000	212.000000	52.823903	0.007837	-0.272374
1454.225525	0.000000	212.250000	55.060881	-0.468560	-0.086092
1338.622895	0.000000	212.500000	55.060881	-0.233691	0.007856
1283.285822	0.000000	212.750000	55.060881	-0.121457	0.052749
1255.140443	0.000000	213.000000	55.060881	-0.064421	0.075564
1250.858229	0.000000	213.250000	54.968811	-0.009958	0.080881
1248.573486	0.000000	213.500000	54.968811	-0.005331	0.082731
1247.351502	0.000000	213.750000	54.968811	-0.002857	0.083721
1246.697077	0.000000	214.000000	54.968811	-0.001531	0.084251
1194.549920	0.000000	214.250000	55.431882	-0.125890	0.116954
1166.842589	0.000000	214.500000	55.431882	-0.069789	0.139394
1151.677878	0.000000	214.750000	55.431882	-0.039098	0.151671
1143.243109	0.000000	215.000000	55.431882	-0.022031	0.158497
1246.605833	0.000000	215.250000	54.450533	0.254799	0.094183
1306.058161	0.000000	215.500000	54.450533	0.134485	0.046057
1338.190221	0.000000	215.750000	54.450533	0.069398	0.020023
1354.973931	0.000000	216.000000	54.450533	0.035385	0.006418
1343.733590	0.000000	216.250000	54.616899	-0.023666	0.012433
1338.031134	0.000000	216.500000	54.616899	-0.012106	0.017057
1335.120308	0.000000	216.750000	54.616899	-0.006206	0.019417
1333.629806	0.000000	217.000000	54.616899	-0.003184	0.020626
1507.060834	0.000000	217.250000	53.125049	0.337611	-0.095596
1597.018807	0.000000	217.500000	53.125049	0.155105	-0.168599
1639.405887	0.000000	217.750000	53.125049	0.068996	-0.203042
1658.472336	0.000000	218.000000	53.125049	0.030239	-0.218545
1254.625153	0.000000	218.250000	56.557155	-0.788289	0.042216
1083.464708	0.000000	218.500000	56.557155	-0.440877	0.181181
995.369262	0.000000	218.750000	56.557155	-0.262532	0.252519
945.494864	0.000000	219.000000	56.557155	-0.161703	0.292850
1199.483718	0.000000	219.250000	53.673641	0.719010	0.145223
1368.442653	0.000000	219.500000	53.673641	0.377662	0.008684
1463.171235	0.000000	219.750000	53.673641	0.185774	-0.068071
1511.254176	0.000000	220.000000	53.673641	0.088234	-0.107087
1598.272542	0.000000	220.250000	46.868085	0.149683	-0.169712
1639.184162	0.000000	220.500000	46.868085	0.066569	-0.202957
1657.575558	0.000000	220.750000	46.868085	0.029184	-0.217911
1665.676267	0.000000	221.000000	46.868085	0.012713	-0.224500
1648.238453	0.000000	221.250000	46.690698	-0.027518	-0.212853
1640.653608	0.000000	221.500000	46.690698	-0.012095	-0.206684
1637.326320	0.000000	221.750000	46.690698	-0.005330	-0.203978
1635.861284	0.000000	222.000000	46.690698	-0.002352	-0.202786
1548.947918	0.000000	222.250000	45.989014	-0.145856	-0.143271
1510.600805	0.000000	222.500000	45.989014	-0.067938	-0.112104
1492.941182	0.000000	222.750000	45.989014	-0.032075	-0.097759
1484.648439	0.000000	223.000000	45.989014	-0.015239	-0.091024
1476.155640	0.000000	223.250000	45.951757	-0.015731	-0.084765
1472.114456	0.000000	223.500000	45.951757	-0.007528	-0.081483
1470.182987	0.000000	223.750000	45.951757	-0.003608	-0.079915
1469.257897	0.000000	224.000000	45.951757	-0.001730	-0.079164
1584.720126	0.000000	224.250000	46.931238	0.203508	-0.157840
1640.231386	0.000000	224.500000	46.931238	0.090763	-0.202938
1665.354254	0.000000	224.750000	46.931238	0.039697	-0.223364
1676.412315	0.000000	225.000000	46.931238	0.017211	-0.232359
1286.800797	0.000000	225.250000	43.684158	-0.741491	0.021955
1122.220109	0.000000	225.500000	43.684158	-0.407382	0.155598
1038.411805	0.000000	225.750000	43.684158	-0.237672	0.223483
991.678162	0.000000	226.000000	43.684158	-0.143161	0.261287
1123.824336	0.000000	226.250000	45.302441	0.381386	0.188868
1207.291251	0.000000	226.500000	45.302441	0.212746	0.121411
1255.676406	0.000000	226.750000	45.302441	0.114857	0.082256
1282.340192	0.000000	227.000000	45.302441	0.060872	0.060662
1342.744818	0.000000	227.250000	45.695835	0.131581	0.018975
1374.780290	0.000000	227.500000	45.695835	0.066666	-0.006991
1391.199717	0.000000	227.750000	45.695835	0.033378	-0.020306
1399.468062	0.000000	228.000000	45.695835	0.016611	-0.027013
1524.718945	0.000000	228.250000	46.716710	0.234588	-0.112132
1587.279086	0.000000	228.500000	46.716710	0.107614	-0.162922
1616.487425	0.000000	228.750000	46.716710	0.048277	-0.186657
1629.693879	0.000000	229.000000	46.716710	0.021437	-0.197393
1238.538053	0.000000	229.250000	43.391048	-0.779316	0.054011
1070.818357	0.000000	229.500000	43.391048	-0.438945	0.190159
983.874498	0.000000	229.750000	43.391048	-0.262954	0.260555
934.367638	0.000000	230.000000	43.391048	-0.162879	0.300585
958.671800	0.000000	230.250000	44.015540	0.080992	0.295603
974.048417	0.000000	230.500000	44.015540	0.049950	0.283187
983.623379	0.000000	230.750000	44.015540	0.030616	0.275453
989.526769	0.000000	231.000000	44.015540	0.018693	0.270684
1071.286553	0.000000	231.250000	44.812143	0.244329	0.221731
1122.381822	0.000000	231.500000	44.812143	0.141111	0.180443
1152.672490	0.000000	231.750000	44.812143	0.079871	0.155947
1170.070848	0.000000	232.000000	44.812143	0.044678	0.141870
1137.645042	0.000000	232.250000	44.419156	-0.084190	0.159837
1119.706639	0.000000	232.500000	44.419156	-0.047894	0.174355
1109.592212	0.000000	232.750000	44.419156	-0.027434	0.182539
1103.828008	0.000000	233.000000	44.419156	-0.015776	0.187202
1379.037466	0.000000	233.250000	46.985201	0.642317	0.009527
1543.908460	0.000000	233.500000	46.985201	0.308515	-0.123994
1627.234167	0.000000	233.750000	46.985201	0.139389	-0.191644
1665.739902	0.000000	234.000000	46.985201	0.061139	-0.222944
1524.597667	0.000000	234.250000	45.696581	-0.237111	-0.128633
1463.268660	0.000000	234.500000	45.696581	-0.112498	-0.078788
1434.721021	0.000000	234.750000	45.696581	-0.054545	-0.055607
1421.007951	0.000000	235.000000	45.696581	-0.026719	-0.044477
1375.014163	0.000000	235.250000	45.372304	-0.092433	-0.013146
1352.494780	0.000000	235.500000	45.372304	-0.046760	0.005124
1341.195273	0.000000	235.750000	45.372304	-0.023851	0.014287
1335.455804	0.000000	236.000000	45.372304	-0.012216	0.018941
1497.301119	0.000000	236.250000	46.777892	0.316406	-0.089027
1581.143548	0.000000	236.500000	46.777892	0.146317	-0.157063
1620.855473	0.000000	236.750000	46.777892	0.065655	-0.189328
1638.865522	0.000000	237.000000	46.777892	0.029051	-0.203970
1468.719732	0.000000	237.250000	45.342682	-0.297361	-0.089825
1394.001402	0.000000	237.500000	45.342682	-0.145602	-0.029121
1358.325246	0.000000	237.750000	45.342682	-0.073221	-0.000169
1340.611765	0.000000	238.000000	45.342682	-0.037303	0.014198
1378.951773	0.000000	238.250000	45.740088	0.079680	-0.009586
1398.634493	0.000000	238.500000	45.740088	0.039776	-0.025547
1408.527609	0.000000	238.750000	45.740088	0.019713	-0.033573
1413.447327	0.000000	239.000000	45.740088	0.009735	-0.037564
1563.181078	0.000000	239.250000	46.994624	0.273274	-0.139506
1637.405255	0.000000	239.500000	46.994624	0.122580	-0.199783
1671.364370	0.000000	239.750000	46.994624	0.053559	-0.227391
1686.329892	0.000000	240.000000	46.994624	0.023127	-0.239564
1057.744739	0.000000	240.250000	40.854079	-1.367945	0.129850
808.612283	0.000000	240.500000	40.854079	-0.862197	0.332149
676.845136	0.000000	240.750000	40.854079	-0.595729	0.438737
596.502273	0.000000	241.000000	40.854079	-0.433600	0.503588
526.093990	0.000000	241.250000	40.299631	-0.439057	0.543083
477.744990	0.000000	241.500000	40.299631	-0.341682	0.582033
442.850191	0.000000	241.750000	40.299631	-0.271463	0.610120
416.751348	0.000000	242.000000	40.299631	-0.218976	0.631115
418.311717	0.000000	242.250000	41.152716	0.013498	0.655994
419.581919	0.000000	242.500000	41.152716	0.010947	0.654974
420.614591	0.000000	242.750000	41.152716	0.008873	0.654144
421.453279	0.000000	243.000000	41.152716	0.007189	0.653470
385.582972	0.000000	243.250000	39.542470	-0.322918	0.631564
358.326969	0.000000	243.500000	39.542470	-0.268121	0.653483
337.034977	0.000000	243.750000	39.542470	-0.225336	0.670597
320.039350	0.000000	244.000000	39.542470	-0.191198	0.684252
323.193804	0.000000	244.250000	40.563828	0.036275	0.714542
325.902135	0.000000	244.500000	40.563828	0.030841	0.712369
328.221124	0.000000	244.750000	40.563828	0.026189	0.710508
330.202126	0.000000	245.000000	40.563828	0.022214	0.708918
343.752807	0.000000	245.250000	41.103540	0.148119	0.714389
355.595936	0.000000	245.500000	41.103540	0.124365	0.704888
365.824664	0.000000	245.750000	41.103540	0.103846	0.696680
374.568965	0.000000	246.000000	41.103540	0.086301	0.689662
350.474546	0.000000	246.250000	39.586429	-0.243703	0.661258
331.460315	0.000000	246.500000	39.586429	-0.205502	0.676538
316.163650	0.000000	246.750000	39.586429	-0.174780	0.688827
303.666122	0.000000	247.000000	39.586429	-0.149687	0.698864
289.757401	0.000000	247.250000	39.306948	-0.174588	0.700672
278.241612	0.000000	247.500000	39.306948	-0.151472	0.709918
268.595793	0.000000	247.750000	39.306948	-0.132114	0.717662
260.437463	0.000000	248.000000	39.306948	-0.115744	0.724210
259.245420	0.000000	248.250000	39.798248	-0.017230	0.741493
258.202812	0.000000	248.500000	39.798248	-0.015139	0.742329
257.289952	0.000000	248.750000	39.798248	-0.013308	0.743061
256.489961	0.000000	249.000000	39.798248	-0.011704	0.743703
259.279233	0.000000	249.250000	40.061407	0.040635	0.749985
261.754444	0.000000	249.500000	40.061407	0.035673	0.748000
263.945516	0.000000	249.750000	40.061407	0.031280	0.746243
265.880811	0.000000	250.000000	40.061407	0.027400	0.744691
