Environment	abf_r	abf_b
0.100000	-0.283989	-0.283989
0.200000	-0.283989	-0.283989
0.300000	-0.283989	-0.283989
0.400000	-0.283989	-0.283989
0.500000	-0.283989	-0.283989
0.600000	-0.283989	-0.283989
0.700000	-0.283989	-0.283989
0.800000	-0.283989	-0.283988
0.900000	-0.283989	-0.283988
1.000000	-0.283989	-0.283987
1.100000	-0.283989	-0.283985
1.200000	-0.283989	-0.283984
1.300000	-0.283989	-0.283982
1.400000	-0.283989	-0.283979
1.500000	-0.283989	-0.283976
1.600000	-0.283989	-0.283972
1.700000	-0.283989	-0.283967
1.800000	-0.283989	-0.283961
1.900000	-0.283989	-0.283955
2.000000	-0.283989	-0.283947
2.100000	-0.283989	-0.283938
2.200000	-0.283989	-0.283927
2.300000	-0.283989	-0.283916
2.400000	-0.283989	-0.283902
2.500000	-0.283989	-0.283887
2.600000	-0.283989	-0.283870
2.700000	-0.283989	-0.283852
2.800000	-0.283989	-0.283831
2.900000	-0.283989	-0.283808
3.000000	-0.283989	-0.283782
3.100000	-0.283989	-0.283754
3.200000	-0.283989	-0.283723
3.300000	-0.283989	-0.283690
3.400000	-0.283989	-0.283653
3.500000	-0.283989	-0.283613
3.600000	-0.283989	-0.283570
3.700000	-0.283989	-0.283523
3.800000	-0.283989	-0.283473
3.900000	-0.283989	-0.283419
4.000000	-0.283989	-0.283361
4.100000	-0.283989	-0.283298
4.200000	-0.283989	-0.283232
4.300000	-0.283989	-0.283160
4.400000	-0.283989	-0.283084
4.500000	-0.283989	-0.283003
4.600000	-0.283989	-0.282917
4.700000	-0.283989	-0.282826
4.800000	-0.283989	-0.282729
4.900000	-0.283989	-0.282626
5.000000	-0.283989	-0.282517
5.100000	-0.283989	-0.282403
5.200000	-0.283989	-0.282282
5.300000	-0.283989	-0.282154
5.400000	-0.283989	-0.282020
5.500000	-0.283989	-0.281879
5.600000	-0.283989	-0.281731
5.700000	-0.283989	-0.281576
5.800000	-0.283989	-0.281413
5.900000	-0.283989	-0.281242
6.000000	-0.283989	-0.281063
6.100000	-0.283989	-0.280877
6.200000	-0.283989	-0.280682
6.300000	-0.283989	-0.280478
6.400000	-0.283989	-0.280266
6.500000	-0.283989	-0.280044
6.600000	-0.283989	-0.279814
6.700000	-0.283989	-0.279574
6.800000	-0.283989	-0.279324
6.900000	-0.283989	-0.279065
7.000000	-0.283989	-0.278796
7.100000	-0.283989	-0.278516
7.200000	-0.283989	-0.278226
7.300000	-0.283989	-0.277925
7.400000	-0.283989	-0.277614
7.500000	-0.283989	-0.277291
7.600000	-0.283989	-0.276957
7.700000	-0.283989	-0.276612
7.800000	-0.283989	-0.276255
7.900000	-0.283989	-0.275885
8.000000	-0.283989	-0.275504
8.100000	-0.283989	-0.275111
8.200000	-0.283989	-0.274704
8.300000	-0.283989	-0.274286
8.400000	-0.283989	-0.273854
8.500000	-0.283989	-0.273409
8.600000	-0.283989	-0.272950
8.700000	-0.283989	-0.272478
8.800000	-0.283989	-0.271993
8.900000	-0.283989	-0.271493
9.000000	-0.283989	-0.270979
9.100000	-0.283989	-0.270451
9.200000	-0.283989	-0.269908
9.300000	-0.283989	-0.269350
9.400000	-0.283989	-0.268778
9.500000	-0.283989	-0.268190
9.600000	-0.283989	-0.267587
9.700000	-0.283989	-0.266968
9.800000	-0.283989	-0.266334
9.900000	-0.283989	-0.265683
10.000000	-0.283989	-0.265017
10.100000	-0.283989	-0.264334
10.200000	-0.283989	-0.263635
10.300000	-0.283989	-0.262919
10.400000	-0.283989	-0.262186
10.500000	-0.283989	-0.261437
10.600000	-0.283989	-0.260670
10.700000	-0.283989	-0.259885
10.800000	-0.283989	-0.259083
10.900000	-0.283989	-0.258264
11.000000	-0.283989	-0.257426
11.100000	-0.283989	-0.256570
11.200000	-0.283989	-0.255697
11.300000	-0.283989	-0.254804
11.400000	-0.283989	-0.253894
11.500000	-0.283989	-0.252964
11.600000	-0.283989	-0.252016
11.700000	-0.283989	-0.251048
11.800000	-0.283989	-0.250062
11.900000	-0.283989	-0.249056
12.000000	-0.283989	-0.248030
12.100000	-0.283989	-0.246985
12.200000	-0.283989	-0.245920
12.300000	-0.283989	-0.244836
12.400000	-0.283989	-0.243731
12.500000	-0.283989	-0.242606
12.600000	-0.283989	-0.241461
12.700000	-0.283989	-0.240295
12.800000	-0.283989	-0.239109
12.900000	-0.283989	-0.237902
13.000000	-0.283989	-0.236674
13.100000	-0.283989	-0.235425
13.200000	-0.283989	-0.234155
13.300000	-0.283989	-0.232864
13.400000	-0.283989	-0.231552
13.500000	-0.283989	-0.230218
13.600000	-0.283989	-0.228862
13.700000	-0.283989	-0.227485
13.800000	-0.283989	-0.226087
13.900000	-0.283989	-0.224666
14.000000	-0.283989	-0.223224
14.100000	-0.283989	-0.221759
14.200000	-0.283989	-0.220272
14.300000	-0.283989	-0.218763
14.400000	-0.283989	-0.217232
14.500000	-0.283989	-0.215679
14.600000	-0.283989	-0.214102
14.700000	-0.283989	-0.212504
14.800000	-0.283989	-0.210883
14.900000	-0.283989	-0.209239
15.000000	-0.283989	-0.207572
15.100000	-0.283989	-0.205882
15.200000	-0.283989	-0.204170
15.300000	-0.283989	-0.202434
15.400000	-0.283989	-0.200676
15.500000	-0.283989	-0.198894
15.600000	-0.283989	-0.197089
15.700000	-0.283989	-0.195261
15.800000	-0.283989	-0.193410
15.900000	-0.283989	-0.191535
16.000000	-0.283989	-0.189638
16.100000	-0.283989	-0.187716
16.200000	-0.283989	-0.185772
16.300000	-0.283989	-0.183804
16.400000	-0.283989	-0.181812
16.500000	-0.283989	-0.179797
16.600000	-0.283989	-0.177759
16.700000	-0.283989	-0.175697
16.800000	-0.283989	-0.173611
16.900000	-0.283989	-0.171502
17.000000	-0.283989	-0.169369
17.100000	-0.283989	-0.167213
17.200000	-0.283989	-0.165033
17.300000	-0.283989	-0.162829
17.400000	-0.283989	-0.160602
17.500000	-0.283989	-0.158351
17.600000	-0.283989	-0.156077
17.700000	-0.283989	-0.153779
17.800000	-0.283989	-0.151457
17.900000	-0.283989	-0.149112
18.000000	-0.283989	-0.146744
18.100000	-0.283989	-0.144352
18.200000	-0.283989	-0.141936
18.300000	-0.283989	-0.139497
18.400000	-0.283989	-0.137034
18.500000	-0.283989	-0.134548
18.600000	-0.283989	-0.132039
18.700000	-0.283989	-0.129506
18.800000	-0.283989	-0.126950
18.900000	-0.283989	-0.124371
19.000000	-0.283989	-0.121768
19.100000	-0.283989	-0.119143
19.200000	-0.283989	-0.116494
19.300000	-0.283989	-0.113822
19.400000	-0.283989	-0.111127
19.500000	-0.283989	-0.108409
19.600000	-0.283989	-0.105669
19.700000	-0.283989	-0.102905
19.800000	-0.283989	-0.100119
19.900000	-0.283989	-0.097310
20.000000	-0.283989	-0.094479
20.100000	-0.283989	-0.091625
20.200000	-0.283989	-0.088749
20.300000	-0.283989	-0.085850
20.400000	-0.283989	-0.082929
20.500000	-0.283989	-0.079986
20.600000	-0.283989	-0.077021
20.700000	-0.283989	-0.074034
20.800000	-0.283989	-0.071025
20.900000	-0.283989	-0.067994
21.000000	-0.283989	-0.064942
21.100000	-0.283989	-0.061868
21.200000	-0.283989	-0.058772
21.300000	-0.283989	-0.055655
21.400000	-0.283989	-0.052517
21.500000	-0.283989	-0.049358
21.600000	-0.283989	-0.046178
21.700000	-0.283989	-0.042977
21.800000	-0.283989	-0.039755
21.900000	-0.283989	-0.036513
22.000000	-0.283989	-0.033250
22.100000	-0.283989	-0.029967
22.200000	-0.283989	-0.026664
22.300000	-0.283989	-0.023340
22.400000	-0.283989	-0.019997
22.500000	-0.283989	-0.016633
22.600000	-0.283989	-0.013250
22.700000	-0.283989	-0.009848
22.800000	-0.283989	-0.006426
22.900000	-0.283989	-0.002985
23.000000	-0.283989	0.000475
23.100000	-0.283989	0.003954
23.200000	-0.283989	0.007451
23.300000	-0.283989	0.010967
23.400000	-0.283989	0.014502
23.500000	-0.283989	0.018055
23.600000	-0.283989	0.021626
23.700000	-0.283989	0.025214
23.800000	-0.283989	0.028821
23.900000	-0.283989	0.032445
24.000000	-0.283989	0.036086
24.100000	-0.283989	0.039745
24.200000	-0.283988	0.043420
24.300000	-0.283988	0.047113
24.400000	-0.283988	0.050822
24.500000	-0.283988	0.054547
24.600000	-0.283988	0.058289
24.700000	-0.283987	0.062046
24.800000	-0.283987	0.065820
24.900000	-0.283987	0.069609
25.000000	-0.283986	0.073414
25.100000	-0.283986	0.077234
25.200000	-0.283985	0.081069
25.300000	-0.283985	0.084918
25.400000	-0.283984	0.088783
25.500000	-0.283984	0.092662
25.600000	-0.283983	0.096555
25.700000	-0.283982	0.100462
25.800000	-0.283981	0.104382
25.900000	-0.283980	0.108317
26.000000	-0.283979	0.112264
26.100000	-0.283977	0.116225
26.200000	-0.283976	0.120199
26.300000	-0.283974	0.124185
26.400000	-0.283972	0.128184
26.500000	-0.283970	0.132195
26.600000	-0.283967	0.136218
26.700000	-0.283964	0.140253
26.800000	-0.283961	0.144299
26.900000	-0.283958	0.148357
27.000000	-0.283954	0.152426
27.100000	-0.283950	0.156505
27.200000	-0.283945	0.160595
27.300000	-0.283940	0.164695
27.400000	-0.283934	0.168806
27.500000	-0.283927	0.172926
27.600000	-0.283920	0.177056
27.700000	-0.283912	0.181195
27.800000	-0.283903	0.185344
27.900000	-0.283893	0.189501
28.000000	-0.283882	0.193667
28.100000	-0.283870	0.197841
28.200000	-0.283857	0.202023
28.300000	-0.283842	0.206213
28.400000	-0.283826	0.210411
28.500000	-0.283808	0.214616
28.600000	-0.283789	0.218828
28.700000	-0.283767	0.223047
28.800000	-0.283743	0.227272
28.900000	-0.283717	0.231504
29.000000	-0.283688	0.235742
29.100000	-0.283657	0.239985
29.200000	-0.283622	0.244234
29.300000	-0.283584	0.248488
29.400000	-0.283543	0.252747
29.500000	-0.283497	0.257011
29.600000	-0.283448	0.261279
29.700000	-0.283393	0.265552
29.800000	-0.283334	0.269828
29.900000	-0.283269	0.274108
30.000000	-0.283199	0.278391
30.100000	-0.283121	0.282678
30.200000	-0.283037	0.286967
30.300000	-0.282946	0.291258
30.400000	-0.282846	0.295552
30.500000	-0.282738	0.299848
30.600000	-0.282621	0.304145
30.700000	-0.282493	0.308444
30.800000	-0.282354	0.312744
30.900000	-0.282204	0.317045
31.000000	-0.282041	0.321346
31.100000	-0.281864	0.325648
31.200000	-0.281673	0.329950
31.300000	-0.281466	0.334251
31.400000	-0.281243	0.338552
31.500000	-0.281001	0.342852
31.600000	-0.280740	0.347151
31.700000	-0.280459	0.351448
31.800000	-0.280155	0.355744
31.900000	-0.279827	0.360038
32.000000	-0.279475	0.364330
32.100000	-0.279095	0.368619
32.200000	-0.278686	0.372905
32.300000	-0.278247	0.377188
32.400000	-0.277774	0.381468
32.500000	-0.277267	0.385744
32.600000	-0.276722	0.390016
32.700000	-0.276138	0.394284
32.800000	-0.275512	0.398547
32.900000	-0.274841	0.402805
33.000000	-0.274122	0.407059
33.100000	-0.273353	0.411306
33.200000	-0.272530	0.415549
33.300000	-0.271650	0.419785
33.400000	-0.270710	0.424015
33.500000	-0.269706	0.428239
33.600000	-0.268635	0.432455
33.700000	-0.267493	0.436665
33.800000	-0.266275	0.440867
33.900000	-0.264978	0.445062
34.000000	-0.263596	0.449248
34.100000	-0.262126	0.453426
34.200000	-0.260563	0.457596
34.300000	-0.258901	0.461757
34.400000	-0.257135	0.465909
34.500000	-0.255260	0.470051
34.600000	-0.253271	0.474184
34.700000	-0.251161	0.478307
34.800000	-0.248924	0.482420
34.900000	-0.246554	0.486522
35.000000	-0.244045	0.490613
35.100000	-0.241390	0.494693
35.200000	-0.238582	0.498762
35.300000	-0.235613	0.502819
35.400000	-0.232476	0.506865
35.500000	-0.229164	0.510898
35.600000	-0.225669	0.514918
35.700000	-0.221982	0.518926
35.800000	-0.218095	0.522921
35.900000	-0.213999	0.526903
36.000000	-0.209687	0.530871
36.100000	-0.205147	0.534825
36.200000	-0.200372	0.538765
36.300000	-0.195351	0.542691
36.400000	-0.190075	0.546602
36.500000	-0.184534	0.550498
36.600000	-0.178718	0.554378
36.700000	-0.172616	0.558244
36.800000	-0.166217	0.562093
36.900000	-0.159511	0.565927
37.000000	-0.152486	0.569744
37.100000	-0.145133	0.573545
37.200000	-0.137438	0.577329
37.300000	-0.129391	0.581095
37.400000	-0.120979	0.584845
37.500000	-0.112192	0.588577
37.600000	-0.103017	0.592291
37.700000	-0.093441	0.595987
37.800000	-0.083454	0.599664
37.900000	-0.073042	0.603323
38.000000	-0.062194	0.606963
38.100000	-0.050896	0.610583
38.200000	-0.039137	0.614185
38.300000	-0.026904	0.617766
38.400000	-0.014185	0.621328
38.500000	-0.000967	0.624870
38.600000	0.012762	0.628391
38.700000	0.027014	0.631891
38.800000	0.041801	0.635371
38.900000	0.057136	0.638829
39.000000	0.073030	0.642267
39.100000	0.089495	0.645682
39.200000	0.106543	0.649075
39.300000	0.124184	0.652447
39.400000	0.142431	0.655796
39.500000	0.161293	0.659122
39.600000	0.180781	0.662426
39.700000	0.200905	0.665706
39.800000	0.221675	0.668964
39.900000	0.243101	0.672197
40.000000	0.265191	0.675407
40.100000	0.287953	0.678593
40.200000	0.311397	0.681755
40.300000	0.335528	0.684892
40.400000	0.360354	0.688005
40.500000	0.385882	0.691093
40.600000	0.412117	0.694155
40.700000	0.439064	0.697193
40.800000	0.466727	0.700205
40.900000	0.495110	0.703191
41.000000	0.524216	0.706151
41.100000	0.554047	0.709085
41.200000	0.584604	0.711992
41.300000	0.615888	0.714873
41.400000	0.647899	0.717728
41.500000	0.680635	0.720555
41.600000	0.714094	0.723355
41.700000	0.748273	0.726128
41.800000	0.783167	0.728873
41.900000	0.818772	0.731590
42.000000	0.855082	0.734279
42.100000	0.892089	0.736940
42.200000	0.929786	0.739573
42.300000	0.968162	0.742177
42.400000	1.007208	0.744753
42.500000	1.046913	0.747299
42.600000	1.087262	0.749817
42.700000	1.128244	0.752305
42.800000	1.169842	0.754764
42.900000	1.212042	0.757193
43.000000	1.254825	0.759592
43.100000	1.298174	0.761962
43.200000	1.342069	0.764301
43.300000	1.386489	0.766610
43.400000	1.431413	0.768888
43.500000	1.476817	0.771136
43.600000	1.522678	0.773353
43.700000	1.568970	0.775539
43.800000	1.615667	0.777694
43.900000	1.662741	0.779817
44.000000	1.710164	0.781910
44.100000	1.757906	0.783970
44.200000	1.805937	0.785999
44.300000	1.854225	0.787996
44.400000	1.902737	0.789961
44.500000	1.951439	0.791894
44.600000	2.000297	0.793795
44.700000	2.049276	0.795663
44.800000	2.098339	0.797498
44.900000	2.147448	0.799301
45.000000	2.196567	0.801071
45.100000	2.245655	0.802808
45.200000	2.294675	0.804513
45.300000	2.343585	0.806183
45.400000	2.392345	0.807821
45.500000	2.440914	0.809425
45.600000	2.489251	0.810996
45.700000	2.537312	0.812533
45.800000	2.585057	0.814036
45.900000	2.632441	0.815505
46.000000	2.679423	0.816940
46.100000	2.725958	0.818342
46.200000	2.772004	0.819709
46.300000	2.817517	0.821041
46.400000	2.862453	0.822340
46.500000	2.906770	0.823604
46.600000	2.950425	0.824833
46.700000	2.993373	0.826027
46.800000	3.035573	0.827187
46.900000	3.076983	0.828313
47.000000	3.117560	0.829403
47.100000	3.157263	0.830458
47.200000	3.196051	0.831478
47.300000	3.233883	0.832463
47.400000	3.270722	0.833413
47.500000	3.306526	0.834327
47.600000	3.341260	0.835207
47.700000	3.374884	0.836051
47.800000	3.407364	0.836859
47.900000	3.438665	0.837632
48.000000	3.468751	0.838369
48.100000	3.497591	0.839071
48.200000	3.525153	0.839737
48.300000	3.551406	0.840367
48.400000	3.576321	0.840961
48.500000	3.599870	0.841520
48.600000	3.622027	0.842043
48.700000	3.642768	0.842530
48.800000	3.662069	0.842981
48.900000	3.679907	0.843396
49.000000	3.696263	0.843775
49.100000	3.711119	0.844118
49.200000	3.724457	0.844425
49.300000	3.736261	0.844696
49.400000	3.746520	0.844930
49.500000	3.755220	0.845129
49.600000	3.762352	0.845292
49.700000	3.767908	0.845418
49.800000	3.771881	0.845509
49.900000	3.774266	0.845563
50.000000	3.775062	0.845581
50.100000	3.774266	0.845563
50.200000	3.771881	0.845509
50.300000	3.767908	0.845418
50.400000	3.762352	0.845292
50.500000	3.755220	0.845129
50.600000	3.746520	0.844930
50.700000	3.736261	0.844696
50.800000	3.724457	0.844425
50.900000	3.711119	0.844118
51.000000	3.696263	0.843775
51.100000	3.679907	0.843396
51.200000	3.662069	0.842981
51.300000	3.642768	0.842530
51.400000	3.622027	0.842043
51.500000	3.599870	0.841520
51.600000	3.576321	0.840961
51.700000	3.551406	0.840367
51.800000	3.525153	0.839737
51.900000	3.497591	0.839071
52.000000	3.468751	0.838369
52.100000	3.438665	0.837632
52.200000	3.407364	0.836859
52.300000	3.374884	0.836051
52.400000	3.341260	0.835207
52.500000	3.306526	0.834327
52.600000	3.270722	0.833413
52.700000	3.233883	0.832463
52.800000	3.196051	0.831478
52.900000	3.157263	0.830458
53.000000	3.117560	0.829403
53.100000	3.076983	0.828313
53.200000	3.035573	0.827187
53.300000	2.993373	0.826027
53.400000	2.950425	0.824833
53.500000	2.906770	0.823604
53.600000	2.862453	0.822340
53.700000	2.817517	0.821041
53.800000	2.772004	0.819709
53.900000	2.725958	0.818342
54.000000	2.679423	0.816940
54.100000	2.632441	0.815505
54.200000	2.585057	0.814036
54.300000	2.537312	0.812533
54.400000	2.489251	0.810996
54.500000	2.440914	0.809425
54.600000	2.392345	0.807821
54.700000	2.343585	0.806183
54.800000	2.294675	0.804513
54.900000	2.245655	0.802808
55.000000	2.196567	0.801071
55.100000	2.147448	0.799301
55.200000	2.098339	0.797498
55.300000	2.049276	0.795663
55.400000	2.000297	0.793795
55.500000	1.951439	0.791894
55.600000	1.902737	0.789961
55.700000	1.854225	0.787996
55.800000	1.805937	0.785999
55.900000	1.757906	0.783970
56.000000	1.710164	0.781910
56.100000	1.662741	0.779817
56.200000	1.615667	0.777694
56.300000	1.568970	0.775539
56.400000	1.522678	0.773353
56.500000	1.476817	0.771136
56.600000	1.431413	0.768888
56.700000	1.386489	0.766610
56.800000	1.342069	0.764301
56.900000	1.298174	0.761962
57.000000	1.254825	0.759592
57.100000	1.212042	0.757193
57.200000	1.169842	0.754764
57.300000	1.128244	0.752305
57.400000	1.087262	0.749817
57.500000	1.046913	0.747299
57.600000	1.007208	0.744753
57.700000	0.968162	0.742177
57.800000	0.929786	0.739573
57.900000	0.892089	0.736940
58.000000	0.855082	0.734279
58.100000	0.818772	0.731590
58.200000	0.783167	0.728873
58.300000	0.748273	0.726128
58.400000	0.714094	0.723355
58.500000	0.680635	0.720555
58.600000	0.647899	0.717728
58.700000	0.615888	0.714873
58.800000	0.584604	0.711992
58.900000	0.554047	0.709085
59.000000	0.524216	0.706151
59.100000	0.495110	0.703191
59.200000	0.466727	0.700205
59.300000	0.439064	0.697193
59.400000	0.412117	0.694155
59.500000	0.385882	0.691093
59.600000	0.360354	0.688005
59.700000	0.335528	0.684892
59.800000	0.311397	0.681755
59.900000	0.287953	0.678593
60.000000	0.265191	0.675407
60.100000	0.243101	0.672197
60.200000	0.221675	0.668964
60.300000	0.200905	0.665706
60.400000	0.180781	0.662426
60.500000	0.161293	0.659122
60.600000	0.142431	0.655796
60.700000	0.124184	0.652447
60.800000	0.106543	0.649075
60.900000	0.089495	0.645682
61.000000	0.073030	0.642267
61.100000	0.057136	0.638829
61.200000	0.041801	0.635371
61.300000	0.027014	0.631891
61.400000	0.012762	0.628391
61.500000	-0.000967	0.624870
61.600000	-0.014185	0.621328
61.700000	-0.026904	0.617766
61.800000	-0.039137	0.614185
61.900000	-0.050896	0.610583
62.000000	-0.062194	0.606963
62.100000	-0.073042	0.603323
62.200000	-0.083454	0.599664
62.300000	-0.093441	0.595987
62.400000	-0.103017	0.592291
62.500000	-0.112192	0.588577
62.600000	-0.120979	0.584845
62.700000	-0.129391	0.581095
62.800000	-0.137438	0.577329
62.900000	-0.145133	0.573545
63.000000	-0.152486	0.569744
63.100000	-0.159511	0.565927
63.200000	-0.166217	0.562093
63.300000	-0.172616	0.558244
63.400000	-0.178718	0.554378
63.500000	-0.184534	0.550498
63.600000	-0.190075	0.546602
63.700000	-0.195351	0.542691
63.800000	-0.200372	0.538765
63.900000	-0.205147	0.534825
64.000000	-0.209687	0.530871
64.100000	-0.213999	0.526903
64.200000	-0.218095	0.522921
64.300000	-0.221982	0.518926
64.400000	-0.225669	0.514918
64.500000	-0.229164	0.510898
64.600000	-0.232476	0.506865
64.700000	-0.235613	0.502819
64.800000	-0.238582	0.498762
64.900000	-0.241390	0.494693
65.000000	-0.244045	0.490613
65.100000	-0.246554	0.486522
65.200000	-0.248924	0.482420
65.300000	-0.251161	0.478307
65.400000	-0.253271	0.474184
65.500000	-0.255260	0.470051
65.600000	-0.257135	0.465909
65.700000	-0.258901	0.461757
65.800000	-0.260563	0.457596
65.900000	-0.262126	0.453426
66.000000	-0.263596	0.449248
66.100000	-0.264978	0.445062
66.200000	-0.266275	0.440867
66.300000	-0.267493	0.436665
66.400000	-0.268635	0.432455
66.500000	-0.269706	0.428239
66.600000	-0.270710	0.424015
66.700000	-0.271650	0.419785
66.800000	-0.272530	0.415549
66.900000	-0.273353	0.411306
67.000000	-0.274122	0.407059
67.100000	-0.274841	0.402805
67.200000	-0.275512	0.398547
67.300000	-0.276138	0.394284
67.400000	-0.276722	0.390016
67.500000	-0.277267	0.385744
67.600000	-0.277774	0.381468
67.700000	-0.278247	0.377188
67.800000	-0.278686	0.372905
67.900000	-0.279095	0.368619
68.000000	-0.279475	0.364330
68.100000	-0.279827	0.360038
68.200000	-0.280155	0.355744
68.300000	-0.280459	0.351448
68.400000	-0.280740	0.347151
68.500000	-0.281001	0.342852
68.600000	-0.281243	0.338552
68.700000	-0.281466	0.334251
68.800000	-0.281673	0.329950
68.900000	-0.281864	0.325648
69.000000	-0.282041	0.321346
69.100000	-0.282204	0.317045
69.200000	-0.282354	0.312744
69.300000	-0.282493	0.308444
69.400000	-0.282621	0.304145
69.500000	-0.282738	0.299848
69.600000	-0.282846	0.295552
69.700000	-0.282946	0.291258
69.800000	-0.283037	0.286967
69.900000	-0.283121	0.282678
70.000000	-0.283199	0.278391
70.100000	-0.283269	0.274108
70.200000	-0.283334	0.269828
70.300000	-0.283393	0.265552
70.400000	-0.283448	0.261279
70.500000	-0.283497	0.257011
70.600000	-0.283543	0.252747
70.700000	-0.283584	0.248488
70.800000	-0.283622	0.244234
70.900000	-0.283657	0.239985
71.000000	-0.283688	0.235742
71.100000	-0.283717	0.231504
71.200000	-0.283743	0.227272
71.300000	-0.283767	0.223047
71.400000	-0.283789	0.218828
71.500000	-0.283808	0.214616
71.600000	-0.283826	0.210411
71.700000	-0.283842	0.206213
71.800000	-0.283857	0.202023
71.900000	-0.283870	0.197841
72.000000	-0.283882	0.193667
72.100000	-0.283893	0.189501
72.200000	-0.283903	0.185344
72.300000	-0.283912	0.181195
72.400000	-0.283920	0.177056
72.500000	-0.283927	0.172926
72.600000	-0.283934	0.168806
72.700000	-0.283940	0.164695
72.800000	-0.283945	0.160595
72.900000	-0.283950	0.156505
73.000000	-0.283954	0.152426
73.100000	-0.283958	0.148357
73.200000	-0.283961	0.144299
73.300000	-0.283964	0.140253
73.400000	-0.283967	0.136218
73.500000	-0.283970	0.132195
73.600000	-0.283972	0.128184
73.700000	-0.283974	0.124185
73.800000	-0.283976	0.120199
73.900000	-0.283977	0.116225
74.000000	-0.283979	0.112264
74.100000	-0.283980	0.108317
74.200000	-0.283981	0.104382
74.300000	-0.283982	0.100462
74.400000	-0.283983	0.096555
74.500000	-0.283984	0.092662
74.600000	-0.283984	0.088783
74.700000	-0.283985	0.084918
74.800000	-0.283985	0.081069
74.900000	-0.283986	0.077234
75.000000	-0.283986	0.073414
75.100000	-0.283987	0.069609
75.200000	-0.283987	0.065820
75.300000	-0.283987	0.062046
75.400000	-0.283988	0.058289
75.500000	-0.283988	0.054547
75.600000	-0.283988	0.050822
75.700000	-0.283988	0.047113
75.800000	-0.283988	0.043420
75.900000	-0.283989	0.039745
76.000000	-0.283989	0.036086
76.100000	-0.283989	0.032445
76.200000	-0.283989	0.028821
76.300000	-0.283989	0.025214
76.400000	-0.283989	0.021626
76.500000	-0.283989	0.018055
76.600000	-0.283989	0.014502
76.700000	-0.283989	0.010967
76.800000	-0.283989	0.007451
76.900000	-0.283989	0.003954
77.000000	-0.283989	0.000475
77.100000	-0.283989	-0.002985
77.200000	-0.283989	-0.006426
77.300000	-0.283989	-0.009848
77.400000	-0.283989	-0.013250
77.500000	-0.283989	-0.016633
77.600000	-0.283989	-0.019997
77.700000	-0.283989	-0.023340
77.800000	-0.283989	-0.026664
77.900000	-0.283989	-0.029967
78.000000	-0.283989	-0.033250
78.100000	-0.283989	-0.036513
78.200000	-0.283989	-0.039755
78.300000	-0.283989	-0.042977
78.400000	-0.283989	-0.046178
78.500000	-0.283989	-0.049358
78.600000	-0.283989	-0.052517
78.700000	-0.283989	-0.055655
78.800000	-0.283989	-0.058772
78.900000	-0.283989	-0.061868
79.000000	-0.283989	-0.064942
79.100000	-0.283989	-0.067994
79.200000	-0.283989	-0.071025
79.300000	-0.283989	-0.074034
79.400000	-0.283989	-0.077021
79.500000	-0.283989	-0.079986
79.600000	-0.283989	-0.082929
79.700000	-0.283989	-0.085850
79.800000	-0.283989	-0.088749
79.900000	-0.283989	-0.091625
80.000000	-0.283989	-0.094479
80.100000	-0.283989	-0.097310
80.200000	-0.283989	-0.100119
80.300000	-0.283989	-0.102905
80.400000	-0.283989	-0.105669
80.500000	-0.283989	-0.108409
80.600000	-0.283989	-0.111127
80.700000	-0.283989	-0.113822
80.800000	-0.283989	-0.116494
80.900000	-0.283989	-0.119143
81.000000	-0.283989	-0.121768
81.100000	-0.283989	-0.124371
81.200000	-0.283989	-0.126950
81.300000	-0.283989	-0.129506
81.400000	-0.283989	-0.132039
81.500000	-0.283989	-0.134548
81.600000	-0.283989	-0.137034
81.700000	-0.283989	-0.139497
81.800000	-0.283989	-0.141936
81.900000	-0.283989	-0.144352
82.000000	-0.283989	-0.146744
82.100000	-0.283989	-0.149112
82.200000	-0.283989	-0.151457
82.300000	-0.283989	-0.153779
82.400000	-0.283989	-0.156077
82.500000	-0.283989	-0.158351
82.600000	-0.283989	-0.160602
82.700000	-0.283989	-0.162829
82.800000	-0.283989	-0.165033
82.900000	-0.283989	-0.167213
83.000000	-0.283989	-0.169369
83.100000	-0.283989	-0.171502
83.200000	-0.283989	-0.173611
83.300000	-0.283989	-0.175697
83.400000	-0.283989	-0.177759
83.500000	-0.283989	-0.179797
83.600000	-0.283989	-0.181812
83.700000	-0.283989	-0.183804
83.800000	-0.283989	-0.185772
83.900000	-0.283989	-0.187716
84.000000	-0.283989	-0.189638
84.100000	-0.283989	-0.191535
84.200000	-0.283989	-0.193410
84.300000	-0.283989	-0.195261
84.400000	-0.283989	-0.197089
84.500000	-0.283989	-0.198894
84.600000	-0.283989	-0.200676
84.700000	-0.283989	-0.202434
84.800000	-0.283989	-0.204170
84.900000	-0.283989	-0.205882
85.000000	-0.283989	-0.207572
85.100000	-0.283989	-0.209239
85.200000	-0.283989	-0.210883
85.300000	-0.283989	-0.212504
85.400000	-0.283989	-0.214102
85.500000	-0.283989	-0.215679
85.600000	-0.283989	-0.217232
85.700000	-0.283989	-0.218763
85.800000	-0.283989	-0.220272
85.900000	-0.283989	-0.221759
86.000000	-0.283989	-0.223224
86.100000	-0.283989	-0.224666
86.200000	-0.283989	-0.226087
86.300000	-0.283989	-0.227485
86.400000	-0.283989	-0.228862
86.500000	-0.283989	-0.230218
86.600000	-0.283989	-0.231552
86.700000	-0.283989	-0.232864
86.800000	-0.283989	-0.234155
86.900000	-0.283989	-0.235425
87.000000	-0.283989	-0.236674
87.100000	-0.283989	-0.237902
87.200000	-0.283989	-0.239109
87.300000	-0.283989	-0.240295
87.400000	-0.283989	-0.241461
87.500000	-0.283989	-0.242606
87.600000	-0.283989	-0.243731
87.700000	-0.283989	-0.244836
87.800000	-0.283989	-0.245920
87.900000	-0.283989	-0.246985
88.000000	-0.283989	-0.248030
88.100000	-0.283989	-0.249056
88.200000	-0.283989	-0.250062
88.300000	-0.283989	-0.251048
88.400000	-0.283989	-0.252016
88.500000	-0.283989	-0.252964
88.600000	-0.283989	-0.253894
88.700000	-0.283989	-0.254804
88.800000	-0.283989	-0.255697
88.900000	-0.283989	-0.256570
89.000000	-0.283989	-0.257426
89.100000	-0.283989	-0.258264
89.200000	-0.283989	-0.259083
89.300000	-0.283989	-0.259885
89.400000	-0.283989	-0.260670
89.500000	-0.283989	-0.261437
89.600000	-0.283989	-0.262186
89.700000	-0.283989	-0.262919
89.800000	-0.283989	-0.263635
89.900000	-0.283989	-0.264334
90.000000	-0.283989	-0.265017
90.100000	-0.283989	-0.265683
90.200000	-0.283989	-0.266334
90.300000	-0.283989	-0.266968
90.400000	-0.283989	-0.267587
90.500000	-0.283989	-0.268190
90.600000	-0.283989	-0.268778
90.700000	-0.283989	-0.269350
90.800000	-0.283989	-0.269908
90.900000	-0.283989	-0.270451
91.000000	-0.283989	-0.270979
91.100000	-0.283989	-0.271493
91.200000	-0.283989	-0.271993
91.300000	-0.283989	-0.272478
91.400000	-0.283989	-0.272950
91.500000	-0.283989	-0.273409
91.600000	-0.283989	-0.273854
91.700000	-0.283989	-0.274286
91.800000	-0.283989	-0.274704
91.900000	-0.283989	-0.275111
92.000000	-0.283989	-0.275504
92.100000	-0.283989	-0.275885
92.200000	-0.283989	-0.276255
92.300000	-0.283989	-0.276612
92.400000	-0.283989	-0.276957
92.500000	-0.283989	-0.277291
92.600000	-0.283989	-0.277614
92.700000	-0.283989	-0.277925
92.800000	-0.283989	-0.278226
92.900000	-0.283989	-0.278516
93.000000	-0.283989	-0.278796
93.100000	-0.283989	-0.279065
93.200000	-0.283989	-0.279324
93.300000	-0.283989	-0.279574
93.400000	-0.283989	-0.279814
93.500000	-0.283989	-0.280044
93.600000	-0.283989	-0.280266
93.700000	-0.283989	-0.280478
93.800000	-0.283989	-0.280682
93.900000	-0.283989	-0.280877
94.000000	-0.283989	-0.281063
94.100000	-0.283989	-0.281242
94.200000	-0.283989	-0.281413
94.300000	-0.283989	-0.281576
94.400000	-0.283989	-0.281731
94.500000	-0.283989	-0.281879
94.600000	-0.283989	-0.282020
94.700000	-0.283989	-0.282154
94.800000	-0.283989	-0.282282
94.900000	-0.283989	-0.282403
95.000000	-0.283989	-0.282517
95.100000	-0.283989	-0.282626
95.200000	-0.283989	-0.282729
95.300000	-0.283989	-0.282826
95.400000	-0.283989	-0.282917
95.500000	-0.283989	-0.283003
95.600000	-0.283989	-0.283084
95.700000	-0.283989	-0.283160
95.800000	-0.283989	-0.283232
95.900000	-0.283989	-0.283298
96.000000	-0.283989	-0.283361
96.100000	-0.283989	-0.283419
96.200000	-0.283989	-0.283473
96.300000	-0.283989	-0.283523
96.400000	-0.283989	-0.283570
96.500000	-0.283989	-0.283613
96.600000	-0.283989	-0.283653
96.700000	-0.283989	-0.283690
96.800000	-0.283989	-0.283723
96.900000	-0.283989	-0.283754
97.000000	-0.283989	-0.283782
97.100000	-0.283989	-0.283808
97.200000	-0.283989	-0.283831
97.300000	-0.283989	-0.283852
97.400000	-0.283989	-0.283870
97.500000	-0.283989	-0.283887
97.600000	-0.283989	-0.283902
97.700000	-0.283989	-0.283916
97.800000	-0.283989	-0.283927
97.900000	-0.283989	-0.283938
98.000000	-0.283989	-0.283947
98.100000	-0.283989	-0.283955
98.200000	-0.283989	-0.283961
98.300000	-0.283989	-0.283967
98.400000	-0.283989	-0.283972
98.500000	-0.283989	-0.283976
98.600000	-0.283989	-0.283979
98.700000	-0.283989	-0.283982
98.800000	-0.283989	-0.283984
98.900000	-0.283989	-0.283985
99.000000	-0.283989	-0.283987
99.100000	-0.283989	-0.283988
99.200000	-0.283989	-0.283988
99.300000	-0.283989	-0.283989
99.400000	-0.283989	-0.283989
99.500000	-0.283989	-0.283989
99.600000	-0.283989	-0.283989
99.700000	-0.283989	-0.283989
99.800000	-0.283989	-0.283989
99.900000	-0.283989	-0.283989
